0.0,0.0,0.0,479.49457,162.72122,291.2332,160.2276
0.03,0.0,0.0,536.5546,159.24924,346.08115,156.87172
0.06,0.0,0.0,594.34033,155.89435,402.03925,153.73532
0.09,0.0,0.0,652.9165,152.61554,459.0268,150.69612
0.12,0.0,0.0,712.18866,149.47112,516.99805,147.81921
0.15,0.0,0.0,772.05774,146.46008,575.8281,145.0735
0.18,0.0,0.0,832.5141,143.59328,635.5109,142.44965
0.21,0.0,0.0,893.3367,140.90813,695.8766,139.90298
0.24,0.0,0.0,954.4533,138.49644,756.9298,137.50471
0.27,0.0,0.0,1015.68384,136.38081,818.61084,135.26764
0.0,0.03,0.0,480.27618,220.5236,290.49765,217.53375
0.03,0.03,0.0,537.4509,217.51181,345.5918,214.7142
0.06,0.03,0.0,595.4366,214.53754,401.7885,212.08641
0.09,0.03,0.0,654.14685,211.63385,458.9723,209.58882
0.12,0.03,0.0,713.5482,208.7998,517.1238,207.19176
0.15,0.03,0.0,773.58417,206.01987,576.085,204.85954
0.18,0.03,0.0,834.21954,203.38069,635.92694,202.60907
0.21,0.03,0.0,895.2888,200.86325,696.4174,200.41772
0.24,0.03,0.0,956.7041,198.5595,757.6493,198.29257
0.27,0.03,0.0,1018.1987,196.5193,819.47595,196.30821
0.0,0.06,0.0,481.1514,278.79416,290.0687,275.3015
0.03,0.06,0.0,538.4467,276.20538,345.30832,273.07095
0.06,0.06,0.0,596.5126,273.6146,401.68237,270.94232
0.09,0.06,0.0,655.32074,271.0953,459.07468,268.9627
0.12,0.06,0.0,714.81274,268.58423,517.3328,267.0127
0.15,0.06,0.0,774.99927,266.1175,576.3844,265.10028
0.18,0.06,0.0,835.7739,263.6797,636.2922,263.251
0.21,0.06,0.0,897.0652,261.36795,696.8881,261.40863
0.24,0.06,0.0,958.6729,259.24347,758.232,259.61832
0.27,0.06,0.0,1020.4323,257.3022,820.24023,257.88126
0.0,0.09,0.0,482.07736,337.3346,289.7906,333.4584
0.03,0.09,0.0,539.5401,335.152,345.26355,331.7649
0.06,0.09,0.0,597.62805,332.9783,401.73306,330.1402
0.09,0.09,0.0,656.49255,330.80878,459.23734,328.5771
0.12,0.09,0.0,716.0812,328.64954,517.6188,327.1056
0.15,0.09,0.0,776.31433,326.4885,576.7454,325.63873
0.18,0.09,0.0,837.2039,324.3216,636.6427,324.15637
0.21,0.09,0.0,898.68024,322.25845,697.3448,322.67892
0.24,0.09,0.0,960.42395,320.3223,758.78143,321.24902
0.27,0.09,0.0,1022.4057,318.4939,820.83997,319.783
0.0,0.12,0.0,483.10522,396.04953,289.731,391.8944
0.03,0.12,0.0,540.6846,394.29526,345.39413,390.70425
0.06,0.12,0.0,598.7455,392.45712,401.86404,389.52795
0.09,0.12,0.0,657.67664,390.67657,459.4948,388.42886
0.12,0.12,0.0,717.30945,388.8376,517.9872,387.36993
0.15,0.12,0.0,777.5789,387.02612,577.16003,386.29785
0.18,0.12,0.0,838.5313,385.1784,637.0689,385.21506
0.21,0.12,0.0,900.09357,383.40094,697.73944,384.0994
0.24,0.12,0.0,961.9991,381.71356,759.20404,383.01453
0.27,0.12,0.0,1024.1481,380.06946,821.34845,381.88257
0.0,0.15,0.0,484.23688,454.8641,289.941,450.48178
0.03,0.15,0.0,541.79834,453.43683,345.59274,449.75327
0.06,0.15,0.0,599.94183,452.01932,402.1553,449.05002
0.09,0.15,0.0,658.85315,450.568,459.83817,448.35352
0.12,0.15,0.0,718.478,449.11523,518.35626,447.67786
0.15,0.15,0.0,778.80646,447.61465,577.5424,446.99622
0.18,0.15,0.0,839.8309,446.15494,637.4881,446.2929
0.21,0.15,0.0,901.4207,444.6864,698.1196,445.59085
0.24,0.15,0.0,963.44855,443.26688,759.60693,444.84927
0.27,0.15,0.0,1025.6705,441.87073,821.80975,444.1289
0.0,0.18,0.0,485.37518,513.71875,290.29132,509.11185
0.03,0.18,0.0,542.8776,512.647,345.85535,508.868
0.06,0.18,0.0,601.0973,511.58917,402.56168,508.60513
0.09,0.18,0.0,660.0363,510.48956,460.23325,508.29977
0.12,0.18,0.0,719.6507,509.39285,518.7034,508.00003
0.15,0.18,0.0,779.934,508.32648,577.8975,507.7046
0.18,0.18,0.0,841.0313,507.24072,637.8646,507.37796
0.21,0.18,0.0,902.6755,506.0428,698.5362,507.08038
0.24,0.18,0.0,964.7134,504.89117,759.98267,506.72992
0.27,0.18,0.0,1026.9292,503.76306,822.21265,506.35028
0.0,0.21,0.0,486.4811,572.5727,290.71832,567.72156
0.03,0.21,0.0,543.95795,571.90466,346.23547,567.9596
0.06,0.21,0.0,602.24536,571.13745,403.02115,568.1109
0.09,0.21,0.0,661.19824,570.4139,460.66412,568.22186
0.12,0.21,0.0,720.75775,569.70557,519.01135,568.3617
0.15,0.21,0.0,781.1489,569.0126,578.2629,568.41907
0.18,0.21,0.0,842.2034,568.2514,638.2247,568.4791
0.21,0.21,0.0,903.8147,567.4213,698.9273,568.553
0.24,0.21,0.0,965.8221,566.5759,760.4033,568.58453
0.27,0.21,0.0,1028.0367,565.6477,822.5952,568.6543
0.0,0.24,0.0,487.54477,631.4447,291.26526,626.2828
0.03,0.24,0.0,545.01843,631.17755,346.71802,627.0213
0.06,0.24,0.0,603.41095,630.74567,403.5355,627.57697
0.09,0.24,0.0,662.36664,630.3889,461.11063,628.1298
0.12,0.24,0.0,721.90247,630.1212,519.3128,628.6973
0.15,0.24,0.0,782.28766,629.67004,578.6089,629.13007
0.18,0.24,0.0,843.31195,629.2615,638.59973,629.56647
0.21,0.24,0.0,904.88153,628.8005,699.2418,630.081
0.24,0.24,0.0,966.812,628.17,760.7617,630.4881
0.27,0.24,0.0,1028.9099,627.461,822.9187,630.87006
0.0,0.27,0.0,488.68884,690.2731,291.95483,684.6534
0.03,0.27,0.0,546.1625,690.35913,347.37994,685.87335
0.06,0.27,0.0,604.57623,690.2796,404.16788,686.8852
0.09,0.27,0.0,663.49976,690.31104,461.6354,687.88214
0.12,0.27,0.0,722.9829,690.44916,519.669,688.9669
0.15,0.27,0.0,783.37054,690.31433,578.99786,689.77466
0.18,0.27,0.0,844.3271,690.1748,638.97455,690.58777
0.21,0.27,0.0,905.78107,690.0319,699.569,691.5384
0.24,0.27,0.0,967.55347,689.5343,761.0676,692.21515
0.27,0.27,0.0,1029.5566,689.0558,823.1467,692.9845
0.0,0.0,0.0,472.67892,347.7479,269.24832,343.61127
0.03,0.0,0.0,535.2235,348.2634,331.89832,344.6924
0.06,0.0,0.0,597.0499,348.83917,394.28735,345.89532
0.09,0.0,0.0,658.12744,349.41727,456.282,347.16177
0.12,0.0,0.0,718.44653,350.0335,517.6802,348.5366
0.15,0.0,0.0,777.9627,350.63028,578.43787,349.92712
0.18,0.0,0.0,836.6946,351.2788,638.37024,351.32938
0.21,0.0,0.0,894.54517,351.98877,697.5579,352.68985
0.24,0.0,0.0,951.38794,352.7652,756.0394,354.0421
0.27,0.0,0.0,1007.1487,353.65,813.7594,355.42606
0.0,0.03,0.0,472.94855,410.13733,268.4028,405.73206
0.03,0.03,0.0,535.55145,410.32907,331.173,406.56628
0.06,0.03,0.0,597.43713,410.51193,393.69446,407.48834
0.09,0.03,0.0,658.452,410.74216,455.73755,408.46902
0.12,0.03,0.0,718.79297,410.947,517.2136,409.5013
0.15,0.03,0.0,778.37823,411.15097,577.9444,410.52167
0.18,0.03,0.0,837.13556,411.39307,637.91534,411.5548
0.21,0.03,0.0,895.05066,411.65887,697.1224,412.53253
0.24,0.03,0.0,952.0148,411.97638,755.6027,413.5201
0.27,0.03,0.0,1007.8354,412.3774,813.38464,414.50397
0.0,0.06,0.0,473.2244,472.63565,267.73535,467.94354
0.03,0.06,0.0,535.8715,472.4414,330.56586,468.56494
0.06,0.06,0.0,597.7627,472.26776,393.12955,469.2112
0.09,0.06,0.0,658.8211,472.08112,455.2204,469.86203
0.12,0.06,0.0,719.1539,471.91873,516.7011,470.51825
0.15,0.06,0.0,778.7248,471.73383,577.46906,471.12805
0.18,0.06,0.0,837.5358,471.56082,637.4545,471.76794
0.21,0.06,0.0,895.5064,471.42636,696.6572,472.40915
0.24,0.06,0.0,952.5108,471.32156,755.1753,473.0145
0.27,0.06,0.0,1008.3641,471.21313,812.9388,473.58694
0.0,0.09,0.0,473.54727,535.2241,267.2933,530.21106
0.03,0.09,0.0,536.185,534.6121,330.10263,530.66254
0.06,0.09,0.0,598.07904,534.0001,392.67902,530.9661
0.09,0.09,0.0,659.1783,533.4317,454.77585,531.22833
0.12,0.09,0.0,719.51556,532.86646,516.22943,531.49115
0.15,0.09,0.0,779.0734,532.33075,577.0082,531.7269
0.18,0.09,0.0,837.9057,531.78674,637.00574,531.9884
0.21,0.09,0.0,895.9094,531.244,696.24567,532.2449
0.24,0.09,0.0,952.8233,530.6808,754.71747,532.4647
0.27,0.09,0.0,1008.7568,530.1107,812.51886,532.71783
0.0,0.12,0.0,473.91147,597.7419,267.0041,592.4619
0.03,0.12,0.0,536.5331,596.77356,329.7708,592.6032
0.06,0.12,0.0,598.4454,595.80554,392.26846,592.6432
0.09,0.12,0.0,659.5178,594.82495,454.32678,592.5907
0.12,0.12,0.0,719.7975,593.8457,515.76855,592.49
0.15,0.12,0.0,779.376,592.9443,576.50256,592.3527
0.18,0.12,0.0,838.23804,592.02496,636.54724,592.2415
0.21,0.12,0.0,896.22766,591.05963,695.7987,592.11664
0.24,0.12,0.0,953.03424,590.0215,754.2338,591.9374
0.27,0.12,0.0,1008.9616,588.9818,812.04504,591.8061
0.0,0.15,0.0,474.28247,660.1805,266.98425,654.46844
0.03,0.15,0.0,536.84076,658.8559,329.59073,654.3965
0.06,0.15,0.0,598.74255,657.5811,391.973,654.23016
0.09,0.15,0.0,659.8082,656.19904,453.96686,653.85284
0.12,0.15,0.0,720.1164,654.8686,515.33374,653.42816
0.15,0.15,0.0,779.68604,653.5193,576.0472,652.9432
0.18,0.15,0.0,838.4838,652.1874,636.05725,652.4536
0.21,0.15,0.0,896.4143,650.8147,695.3475,651.9802
0.24,0.15,0.0,953.12506,649.2663,753.7616,651.3696
0.27,0.15,0.0,1008.9002,647.727,811.52844,650.8602
0.0,0.18,0.0,474.74817,722.46735,267.19424,716.22296
0.03,0.18,0.0,537.2214,720.8743,329.58862,715.98846
0.06,0.18,0.0,599.0325,719.2352,391.8157,715.5537
0.09,0.18,0.0,660.096,717.5044,453.6207,714.9572
0.12,0.18,0.0,720.4033,715.77716,514.95764,714.2435
0.15,0.18,0.0,779.903,714.01984,575.5869,713.4239
0.18,0.18,0.0,838.58856,712.22925,635.5794,712.56726
0.21,0.18,0.0,896.41315,710.3775,694.81006,711.6971
0.24,0.18,0.0,953.07526,708.3472,753.2172,710.73444
0.27,0.18,0.0,1008.6442,706.2191,810.8693,709.72217
0.0,0.21,0.0,475.3828,784.4502,267.67908,777.55133
0.03,0.21,0.0,537.7314,782.63855,329.83444,777.197
0.06,0.21,0.0,599.37085,780.5883,391.8349,776.553
0.09,0.21,0.0,660.3545,778.50446,453.50146,775.6776
0.12,0.21,0.0,720.60925,776.48724,514.66,774.81134
0.15,0.21,0.0,780.03595,774.239,575.1834,773.67395
0.18,0.21,0.0,838.5601,771.9311,635.07715,772.42236
0.21,0.21,0.0,896.2722,769.5949,694.2684,771.18524
0.24,0.21,0.0,952.8216,767.09515,752.6192,769.8173
0.27,0.21,0.0,1008.21844,764.448,810.158,768.38367
0.0,0.24,0.0,476.13284,845.989,268.41006,838.2895
0.03,0.24,0.0,538.2723,843.92957,330.30255,837.8561
0.06,0.24,0.0,599.76733,841.4917,392.06174,836.9663
0.09,0.24,0.0,660.59344,839.0928,453.49472,835.94244
0.12,0.24,0.0,720.84344,836.7585,514.4773,834.9069
0.15,0.24,0.0,780.05963,834.02545,574.87067,833.43866
0.18,0.24,0.0,838.4015,831.24066,634.58105,831.88556
0.21,0.24,0.0,895.99396,828.4586,693.7037,830.3121
0.24,0.24,0.0,952.2836,825.3846,751.90875,828.47394
0.27,0.24,0.0,1007.55554,822.1873,809.3372,826.60114
0.0,0.27,0.0,476.9987,906.90015,269.513,898.3166
0.03,0.27,0.0,538.92847,904.53876,331.02173,897.8001
0.06,0.27,0.0,600.1679,901.73456,392.50253,896.66003
0.09,0.27,0.0,660.84033,899.0348,453.613,895.4855
0.12,0.27,0.0,720.95703,896.4431,514.4191,894.39624
0.15,0.27,0.0,779.9217,893.2037,574.55963,892.5482
0.18,0.27,0.0,838.1094,889.9093,634.12573,890.66986
0.21,0.27,0.0,895.5504,886.7646,693.12646,888.8611
0.24,0.27,0.0,951.4722,882.9874,751.0581,886.45953
0.27,0.27,0.0,1006.6041,879.336,808.38257,884.21075
0.0,0.0,0.0,477.57425,359.38098,283.35687,355.44122
0.03,0.0,0.0,536.97485,358.6496,341.82968,355.24594
0.06,0.0,0.0,596.3838,357.98862,400.68695,355.13397
0.09,0.0,0.0,655.782,357.24573,459.84705,355.0726
0.12,0.0,0.0,715.17206,356.6009,519.217,355.12112
0.15,0.0,0.0,774.45416,355.9531,578.58295,355.21628
0.18,0.0,0.0,833.6655,355.33755,637.96466,355.31705
0.21,0.0,0.0,892.6511,354.78214,697.32764,355.39713
0.24,0.0,0.0,951.3143,354.31485,756.64594,355.46777
0.27,0.0,0.0,1009.4683,353.96585,815.87854,355.5666
0.0,0.03,0.0,477.29578,417.8085,281.13303,413.53348
0.03,0.03,0.0,537.06824,417.07928,339.9783,413.4694
0.06,0.03,0.0,596.81464,416.3903,399.25504,413.43903
0.09,0.03,0.0,656.52655,415.68045,458.78748,413.46725
0.12,0.03,0.0,716.20795,415.0076,518.5229,413.55875
0.15,0.03,0.0,775.8568,414.31512,578.22864,413.65677
0.18,0.03,0.0,835.40656,413.6257,637.90735,413.71756
0.21,0.03,0.0,894.77527,412.98813,697.56213,413.80368
0.24,0.03,0.0,953.8084,412.42075,757.21606,413.86624
0.27,0.03,0.0,1012.36786,411.9275,816.81744,413.91962
0.0,0.06,0.0,477.00705,476.8807,279.04877,472.3403
0.03,0.06,0.0,537.13226,476.17224,338.2349,472.4127
0.06,0.06,0.0,597.24677,475.44983,397.86737,472.44574
0.09,0.06,0.0,657.24756,474.72833,457.75452,472.53964
0.12,0.06,0.0,717.2496,474.02963,517.7983,472.61044
0.15,0.06,0.0,777.224,473.33917,577.8513,472.69836
0.18,0.06,0.0,837.0969,472.58264,637.854,472.74622
0.21,0.06,0.0,896.8382,471.90118,697.81305,472.82126
0.24,0.06,0.0,956.24493,471.20303,757.7931,472.8736
0.27,0.06,0.0,1015.1099,470.5322,817.7268,472.91104
0.0,0.09,0.0,476.75192,536.5998,277.08438,531.77014
0.03,0.09,0.0,537.22504,535.88806,336.5675,531.9773
0.06,0.09,0.0,597.6076,535.10394,396.49127,532.0837
0.09,0.09,0.0,657.9881,534.4192,456.7224,532.211
0.12,0.09,0.0,718.3137,533.67267,517.0718,532.3227
0.15,0.09,0.0,778.58185,532.9497,577.4348,532.37054
0.18,0.09,0.0,838.80597,532.21063,637.76154,532.3992
0.21,0.09,0.0,898.8883,531.4375,698.077,532.4498
0.24,0.09,0.0,958.50775,530.6578,758.3275,532.51294
0.27,0.09,0.0,1017.70917,529.81696,818.5878,532.5164
0.0,0.12,0.0,476.52396,596.9646,275.29822,591.78143
0.03,0.12,0.0,537.315,596.26544,335.09155,592.13995
0.06,0.12,0.0,598.0226,595.4791,395.18393,592.33606
0.09,0.12,0.0,658.6999,594.7333,455.71146,592.5194
0.12,0.12,0.0,719.3668,593.9917,516.37195,592.60706
0.15,0.12,0.0,779.96576,593.2479,577.02167,592.6847
0.18,0.12,0.0,840.4969,592.4391,637.6846,592.7154
0.21,0.12,0.0,900.8351,591.61224,698.327,592.7587
0.24,0.12,0.0,960.70123,590.73206,758.8792,592.77014
0.27,0.12,0.0,1020.1497,589.7182,819.44916,592.76355
0.0,0.15,0.0,476.37744,657.9198,273.76468,652.25055
0.03,0.15,0.0,537.393,657.23444,333.689,652.79193
0.06,0.15,0.0,598.42834,656.4978,394.00943,653.1404
0.09,0.15,0.0,659.43353,655.7281,454.74265,653.3873
0.12,0.15,0.0,720.40045,654.97253,515.65533,653.5182
0.15,0.15,0.0,781.27686,654.16766,576.60834,653.60895
0.18,0.15,0.0,842.10046,653.27527,637.59204,653.64984
0.21,0.15,0.0,902.67303,652.34076,698.5579,653.658
0.24,0.15,0.0,962.73016,651.3002,759.41516,653.6622
0.27,0.15,0.0,1022.3614,650.0818,820.2453,653.59644
0.0,0.18,0.0,476.27313,719.3764,272.4399,713.135
0.03,0.18,0.0,537.50867,718.7737,332.408,713.8474
0.06,0.18,0.0,598.8179,718.0715,392.95526,714.35864
0.09,0.18,0.0,660.1572,717.33167,453.83533,714.7181
0.12,0.18,0.0,721.4098,716.5183,514.97736,714.9629
0.15,0.18,0.0,782.58374,715.5881,576.2196,715.08453
0.18,0.18,0.0,843.563,714.613,637.507,715.1554
0.21,0.18,0.0,904.387,713.55896,698.75433,715.1346
0.24,0.18,0.0,964.6528,712.2853,759.86755,715.05774
0.27,0.18,0.0,1024.3607,710.86847,820.93024,714.89825
0.0,0.21,0.0,476.30017,781.199,271.33105,774.1968
0.03,0.21,0.0,537.7324,780.6765,331.36728,775.1689
0.06,0.21,0.0,599.2773,780.02905,392.0914,775.88385
0.09,0.21,0.0,660.8499,779.2379,453.15704,776.3864
0.12,0.21,0.0,722.36365,778.40247,514.4001,776.7491
0.15,0.21,0.0,783.76416,777.4321,575.888,776.91016
0.18,0.21,0.0,844.97235,776.30396,637.40344,777.00073
0.21,0.21,0.0,905.90356,775.0462,698.8957,776.9742
0.24,0.21,0.0,966.34265,773.5472,760.2876,776.8256
0.27,0.21,0.0,1026.0963,771.8544,821.539,776.5532
0.0,0.24,0.0,476.41388,843.19464,270.4832,835.35236
0.03,0.24,0.0,538.037,842.8209,330.5799,836.59454
0.06,0.24,0.0,599.79016,842.1289,391.42017,837.48267
0.09,0.24,0.0,661.5597,841.36945,452.5698,838.1939
0.12,0.24,0.0,723.3022,840.5452,513.9332,838.74457
0.15,0.24,0.0,784.84314,839.3907,575.58,838.9531
0.18,0.24,0.0,846.169,838.1063,637.28687,839.0537
0.21,0.24,0.0,907.2827,836.70935,698.9685,839.0147
0.24,0.24,0.0,967.7105,834.9425,760.55817,838.7718
0.27,0.24,0.0,1027.571,832.98553,821.95374,838.33405
0.0,0.27,0.0,476.684,905.2185,269.92383,896.35333
0.03,0.27,0.0,538.4558,904.91455,330.08304,897.8855
0.06,0.27,0.0,600.349,904.25964,391.00308,898.97253
0.09,0.27,0.0,662.255,903.4915,452.19092,899.86774
0.12,0.27,0.0,724.1149,902.72986,513.5684,900.65125
0.15,0.27,0.0,785.7818,901.38574,575.3343,900.9374
0.18,0.27,0.0,847.19916,899.9352,637.1845,901.05853
0.21,0.27,0.0,908.369,898.3379,699.00256,901.04926
0.24,0.27,0.0,968.765,896.22845,760.68036,900.6004
0.27,0.27,0.0,1028.6908,893.9937,822.20087,900.081
0.0,0.0,0.0,468.54996,352.09564,265.6134,348.05835
0.03,0.0,0.0,530.8284,351.22363,326.7217,347.6919
0.06,0.0,0.0,593.16425,350.38812,388.39398,347.43665
0.09,0.0,0.0,655.4658,349.61517,450.42224,347.31183
0.12,0.0,0.0,717.787,348.8122,512.7287,347.28372
0.15,0.0,0.0,780.09357,348.0473,575.08386,347.33652
0.18,0.0,0.0,842.2794,347.3333,637.47327,347.3419
0.21,0.0,0.0,904.2542,346.7353,699.82855,347.3601
0.24,0.0,0.0,965.8656,346.243,762.2089,347.42648
0.27,0.0,0.0,1026.8943,345.91354,824.43164,347.56854
0.0,0.03,0.0,470.2424,414.29373,267.1815,409.89462
0.03,0.03,0.0,532.2585,413.43228,328.10822,409.7255
0.06,0.03,0.0,594.2825,412.62976,389.5794,409.6086
0.09,0.03,0.0,656.29474,411.87326,451.37076,409.5591
0.12,0.03,0.0,718.31775,411.0576,513.3822,409.57632
0.15,0.03,0.0,780.32263,410.26196,575.44434,409.64554
0.18,0.03,0.0,842.2582,409.5174,637.5289,409.6794
0.21,0.03,0.0,904.0005,408.8215,699.5501,409.71005
0.24,0.03,0.0,965.38776,408.22137,761.60077,409.7643
0.27,0.03,0.0,1026.2222,407.67224,823.6003,409.8183
0.0,0.06,0.0,471.97888,475.89532,268.9457,471.2407
0.03,0.06,0.0,533.7055,475.09433,329.6087,471.23428
0.06,0.06,0.0,595.42676,474.25903,390.8232,471.22214
0.09,0.06,0.0,657.09937,473.48553,452.3626,471.2425
0.12,0.06,0.0,718.83844,472.69083,514.0821,471.27277
0.15,0.06,0.0,780.4933,471.87308,575.83655,471.3077
0.18,0.06,0.0,842.1794,471.12158,637.56934,471.34085
0.21,0.06,0.0,903.65137,470.3836,699.2626,471.39917
0.24,0.06,0.0,964.7963,469.69028,761.0015,471.46582
0.27,0.06,0.0,1025.3474,468.9955,822.68353,471.46866
0.0,0.09,0.0,473.69977,536.9132,270.845,531.9933
0.03,0.09,0.0,535.1188,536.05615,331.24982,532.08685
0.06,0.09,0.0,596.5454,535.27094,392.1288,532.2163
0.09,0.09,0.0,657.9176,534.4789,453.35535,532.2768
0.12,0.09,0.0,719.3111,533.6745,514.741,532.2999
0.15,0.09,0.0,780.67957,532.89325,576.17267,532.31885
0.18,0.09,0.0,842.0402,532.1277,637.58856,532.38086
0.21,0.09,0.0,903.2241,531.36194,698.9902,532.4384
0.24,0.09,0.0,964.0149,530.5284,760.3893,532.45667
0.27,0.09,0.0,1024.331,529.7275,821.7507,532.5288
0.0,0.12,0.0,475.46802,597.28485,272.94785,592.09216
0.03,0.12,0.0,536.5405,596.39777,333.031,592.294
0.06,0.12,0.0,597.62756,595.7214,393.4789,592.565
0.09,0.12,0.0,658.7065,594.87885,454.36353,592.64703
0.12,0.12,0.0,719.7682,594.04266,515.43494,592.66583
0.15,0.12,0.0,780.8348,593.26807,576.5019,592.7139
0.18,0.12,0.0,841.8719,592.54126,637.6399,592.79156
0.21,0.12,0.0,902.70416,591.71185,698.708,592.8664
0.24,0.12,0.0,963.09766,590.73627,759.7691,592.8131
0.27,0.12,0.0,1023.079,589.80896,820.79474,592.89636
0.0,0.15,0.0,477.26385,656.918,275.23053,651.34625
0.03,0.15,0.0,537.9644,656.15753,334.9003,651.7614
0.06,0.15,0.0,598.6839,655.4902,394.94467,652.14594
0.09,0.15,0.0,659.4895,654.6654,455.44284,652.3221
0.12,0.15,0.0,720.2483,653.83624,516.1275,652.3986
0.15,0.15,0.0,780.94104,653.0426,576.84235,652.4777
0.18,0.15,0.0,841.6116,652.2257,637.6374,652.5531
0.21,0.15,0.0,902.0766,651.3544,698.4107,652.63495
0.24,0.15,0.0,962.0555,650.2514,759.1244,652.561
0.27,0.15,0.0,1021.6238,649.1832,819.80255,652.5773
0.0,0.18,0.0,479.09253,715.8272,277.72742,709.77155
0.03,0.18,0.0,539.38916,715.2275,336.84692,710.4403
0.06,0.18,0.0,599.77106,714.4948,396.53217,710.9153
0.09,0.18,0.0,660.23236,713.7008,456.5978,711.16766
0.12,0.18,0.0,720.62964,712.92334,516.8272,711.39484
0.15,0.18,0.0,781.0021,712.0565,577.2221,711.4937
0.18,0.18,0.0,841.2784,711.17426,637.6563,711.5847
0.21,0.18,0.0,901.3237,710.2111,698.0642,711.6521
0.24,0.18,0.0,960.91656,708.9977,758.44794,711.59094
0.27,0.18,0.0,1019.95465,707.6579,818.7023,711.49664
0.0,0.21,0.0,481.0073,773.9139,280.36505,767.2638
0.03,0.21,0.0,540.86597,773.4378,338.9697,768.194
0.06,0.21,0.0,600.8891,772.70703,398.2541,768.73566
0.09,0.21,0.0,660.95465,771.91797,457.84915,769.11993
0.12,0.21,0.0,721.0259,771.2507,517.6192,769.5847
0.15,0.21,0.0,780.96967,770.2841,577.60254,769.6878
0.18,0.21,0.0,840.78735,769.2228,637.6706,769.74255
0.21,0.21,0.0,900.3846,768.13135,697.69696,769.8589
0.24,0.21,0.0,959.5369,766.79205,757.6848,769.77136
0.27,0.21,0.0,1018.1316,765.2489,817.5177,769.55475
0.0,0.24,0.0,482.94165,831.0987,283.1436,823.79095
0.03,0.24,0.0,542.3963,830.75073,341.28787,824.9367
0.06,0.24,0.0,602.0187,829.9197,400.09906,825.52045
0.09,0.24,0.0,661.6492,829.1856,459.19876,826.136
0.12,0.24,0.0,721.307,828.628,518.4903,826.8198
0.15,0.24,0.0,780.82635,827.48737,578.048,826.92206
0.18,0.24,0.0,840.1828,826.2992,637.6814,826.948
0.21,0.24,0.0,899.32605,825.17865,697.30963,827.14655
0.24,0.24,0.0,957.9417,823.53345,756.84894,826.8815
0.27,0.24,0.0,1016.0519,821.8517,816.25165,826.60266
0.0,0.27,0.0,485.00662,887.1953,286.11618,879.15796
0.03,0.27,0.0,543.97577,886.8759,343.77838,880.4841
0.06,0.27,0.0,603.15784,885.98444,402.11728,881.1318
0.09,0.27,0.0,662.339,885.2715,460.6784,881.86523
0.12,0.27,0.0,721.5033,884.8932,519.4145,882.90576
0.15,0.27,0.0,780.56683,883.56464,578.5335,882.94763
0.18,0.27,0.0,839.4322,882.2786,637.67487,883.0405
0.21,0.27,0.0,898.1209,881.11664,696.8609,883.3187
0.24,0.27,0.0,956.10895,879.10284,755.8862,882.7741
0.27,0.27,0.0,1013.7842,877.3038,814.8304,882.5209
0.0,0.0,0.0,342.8936,262.67996,155.88231,258.8015
0.03,0.0,0.0,398.88535,259.67804,208.7678,255.985
0.06,0.0,0.0,455.87592,256.73422,263.0394,253.26273
0.09,0.0,0.0,513.76324,253.84421,318.62018,250.70122
0.12,0.0,0.0,572.5469,251.03928,375.4434,248.2568
0.15,0.0,0.0,632.09467,248.29962,433.39447,245.9847
0.18,0.0,0.0,692.4119,245.54767,492.3307,243.7672
0.21,0.0,0.0,753.3691,242.86606,552.145,241.64459
0.24,0.0,0.0,814.9892,240.23563,612.7781,239.55818
0.27,0.0,0.0,877.18427,237.74316,674.2249,237.51442
0.0,0.03,0.0,343.5046,321.06732,155.13393,316.43665
0.03,0.03,0.0,399.6577,318.4925,208.16415,314.23776
0.06,0.03,0.0,456.80267,316.04257,262.65063,312.125
0.09,0.03,0.0,514.8524,313.6259,318.43417,310.1331
0.12,0.03,0.0,573.6791,311.29407,375.4252,308.24374
0.15,0.03,0.0,633.3168,308.89215,433.526,306.45297
0.18,0.03,0.0,693.64594,306.51343,492.55313,304.7069
0.21,0.03,0.0,754.71735,304.1652,552.4571,303.0347
0.24,0.03,0.0,816.46484,301.82907,613.18225,301.38745
0.27,0.03,0.0,878.83057,299.5946,674.6613,299.74054
0.0,0.06,0.0,344.26447,379.68814,154.69006,374.4202
0.03,0.06,0.0,400.5461,377.6275,207.85207,372.82303
0.06,0.06,0.0,457.81604,375.59085,262.4714,371.319
0.09,0.06,0.0,515.93555,373.61328,318.3872,369.84167
0.12,0.06,0.0,574.8486,371.6478,375.55313,368.47528
0.15,0.06,0.0,634.4987,369.67844,433.72104,367.1481
0.18,0.06,0.0,694.885,367.65283,492.8328,365.87717
0.21,0.06,0.0,755.99243,365.6563,552.8204,364.64838
0.24,0.06,0.0,817.8401,363.6614,613.58215,363.42966
0.27,0.06,0.0,880.29047,361.69925,675.0872,362.15585
0.0,0.09,0.0,345.12253,438.48563,154.49387,432.62015
0.03,0.09,0.0,401.56494,436.8562,207.86098,431.65894
0.06,0.09,0.0,458.84824,435.2751,262.46805,430.65323
0.09,0.09,0.0,517.0754,433.66055,318.51498,429.73776
0.12,0.09,0.0,576.0572,432.10852,375.75952,428.86316
0.15,0.09,0.0,635.678,430.51514,434.04968,427.98843
0.18,0.09,0.0,696.059,428.88678,493.17474,427.13794
0.21,0.09,0.0,757.23206,427.246,553.17786,426.30795
0.24,0.09,0.0,819.144,425.62292,613.9828,425.48883
0.27,0.09,0.0,881.6731,423.99252,675.4705,424.63126
0.0,0.12,0.0,346.16702,497.354,154.6592,490.94577
0.03,0.12,0.0,402.69028,496.19617,208.13092,490.52377
0.06,0.12,0.0,459.93457,495.0024,262.6772,490.12854
0.09,0.12,0.0,518.1918,493.79547,318.7911,489.72314
0.12,0.12,0.0,577.2196,492.60934,376.11307,489.31433
0.15,0.12,0.0,636.8764,491.38205,434.39633,488.89108
0.18,0.12,0.0,697.2757,490.14557,493.54282,488.4601
0.21,0.12,0.0,758.4243,488.90024,553.5662,488.01056
0.24,0.12,0.0,820.378,487.63028,614.4259,487.55725
0.27,0.12,0.0,882.97504,486.37643,675.8538,487.0766
0.0,0.15,0.0,347.3602,556.2667,155.19301,549.2447
0.03,0.15,0.0,403.8101,555.53076,208.57765,549.44916
0.06,0.15,0.0,461.056,554.7964,263.111,549.647
0.09,0.15,0.0,519.34357,553.93994,319.2451,549.69653
0.12,0.15,0.0,578.37634,553.14,376.51617,549.7796
0.15,0.15,0.0,638.0617,552.25946,434.78394,549.7848
0.18,0.15,0.0,698.4767,551.4039,493.96808,549.75995
0.21,0.15,0.0,759.6363,550.5758,553.9207,549.7427
0.24,0.15,0.0,821.5765,549.6675,614.7662,549.6659
0.27,0.15,0.0,884.16144,548.80835,676.2481,549.61176
0.0,0.18,0.0,348.64313,615.11615,155.99889,607.4921
0.03,0.18,0.0,404.9573,614.8823,209.19847,608.2776
0.06,0.18,0.0,462.31177,614.5294,263.81647,609.0244
0.09,0.18,0.0,520.5263,614.0965,319.83078,609.6335
0.12,0.18,0.0,579.4851,613.6442,376.9704,610.2027
0.15,0.18,0.0,639.2031,613.2002,435.20474,610.64923
0.18,0.18,0.0,699.64166,612.74274,494.3679,611.0717
0.21,0.18,0.0,760.81665,612.2725,554.32983,611.4621
0.24,0.18,0.0,822.7506,611.77545,615.13245,611.8052
0.27,0.18,0.0,885.2935,611.2122,676.6684,612.1451
0.0,0.21,0.0,350.00708,673.8634,157.02179,665.5238
0.03,0.21,0.0,406.20657,674.1163,210.03725,666.9482
0.06,0.21,0.0,463.55624,674.162,264.72244,668.2182
0.09,0.21,0.0,521.7634,674.1743,320.62357,669.3809
0.12,0.21,0.0,580.5788,674.2047,377.5183,670.4905
0.15,0.21,0.0,640.34326,674.10425,435.66644,671.4069
0.18,0.21,0.0,700.8164,674.0008,494.79147,672.28033
0.21,0.21,0.0,761.965,673.9251,554.7246,673.1054
0.24,0.21,0.0,823.8728,673.7889,615.5205,673.86896
0.27,0.21,0.0,886.31775,673.52423,677.0499,674.6277
0.0,0.24,0.0,351.4674,732.4079,158.29138,723.2925
0.03,0.24,0.0,407.5959,733.1879,211.18472,725.33777
0.06,0.24,0.0,464.93213,733.65265,265.85114,727.1259
0.09,0.24,0.0,523.0027,734.11774,321.5425,728.8732
0.12,0.24,0.0,581.7071,734.6326,378.1655,730.5663
0.15,0.24,0.0,641.4781,734.8953,436.28787,731.992
0.18,0.24,0.0,701.94293,735.18713,495.34393,733.3099
0.21,0.24,0.0,763.01135,735.4946,555.1114,734.64294
0.24,0.24,0.0,824.83734,735.57025,615.8844,735.78235
0.27,0.24,0.0,887.19324,735.5952,677.3937,736.92084
0.0,0.27,0.0,353.0871,790.68097,159.81883,780.6246
0.03,0.27,0.0,409.14294,791.90656,212.68675,783.2582
0.06,0.27,0.0,466.42508,792.7671,267.22522,785.61816
0.09,0.27,0.0,524.3866,793.7139,322.72647,787.90576
0.12,0.27,0.0,582.88336,794.79706,379.00586,790.302
0.15,0.27,0.0,642.63257,795.3929,437.06183,792.1389
0.18,0.27,0.0,703.0057,796.02936,495.95364,793.9713
0.21,0.27,0.0,763.97345,796.74146,555.5458,795.86676
0.24,0.27,0.0,825.6892,796.9483,616.3423,797.3125
0.27,0.27,0.0,887.81696,797.2906,677.6961,798.9315
0.0,0.0,0.0,329.16467,246.21141,133.42566,242.4709
0.03,0.0,0.0,391.49896,246.84949,194.29024,243.2395
0.06,0.0,0.0,453.44373,247.66695,255.4087,244.25298
0.09,0.0,0.0,514.92285,248.63539,316.6223,245.49579
0.12,0.0,0.0,575.8112,249.72363,377.7958,246.97284
0.15,0.0,0.0,635.9822,250.88658,438.60696,248.60791
0.18,0.0,0.0,695.45026,252.10416,498.9467,250.3966
0.21,0.0,0.0,754.1684,253.3501,558.727,252.25381
0.24,0.0,0.0,812.0714,254.6496,617.8512,254.15303
0.27,0.0,0.0,869.135,256.05814,676.25116,256.13333
0.0,0.03,0.0,328.8977,307.72534,131.70914,303.14963
0.03,0.03,0.0,391.3835,308.13824,192.79991,303.87662
0.06,0.03,0.0,453.5251,308.74448,254.1583,304.82068
0.09,0.03,0.0,515.1293,309.4628,315.5893,305.94083
0.12,0.03,0.0,576.0675,310.2629,376.89764,307.2259
0.15,0.03,0.0,636.33203,311.03912,437.86163,308.64313
0.18,0.03,0.0,695.84314,311.87686,498.34076,310.1657
0.21,0.03,0.0,754.61926,312.72668,558.20886,311.71097
0.24,0.03,0.0,812.6377,313.6313,617.3684,313.31378
0.27,0.03,0.0,869.80383,314.56537,675.839,314.90622
0.0,0.06,0.0,328.78357,369.51785,130.29182,364.21634
0.03,0.06,0.0,391.42426,369.75015,191.56464,364.9377
0.06,0.06,0.0,453.7048,370.0811,253.11139,365.73227
0.09,0.06,0.0,515.397,370.48605,314.70325,366.6853
0.12,0.06,0.0,576.38,370.91583,376.16632,367.7611
0.15,0.06,0.0,636.63983,371.38193,437.25247,368.89816
0.18,0.06,0.0,696.19104,371.84113,497.80298,370.11444
0.21,0.06,0.0,755.0178,372.3003,557.7236,371.37115
0.24,0.06,0.0,813.0888,372.77966,616.9221,372.58292
0.27,0.06,0.0,870.3272,373.30917,675.3735,373.8419
0.0,0.09,0.0,328.8375,431.5551,129.26968,425.5178
0.03,0.09,0.0,391.6176,431.51917,190.6407,426.17554
0.06,0.09,0.0,453.94797,431.52838,252.25073,426.86444
0.09,0.09,0.0,515.69086,431.59067,313.99356,427.60452
0.12,0.09,0.0,576.7118,431.67157,375.5271,428.41937
0.15,0.09,0.0,636.97516,431.77838,436.6943,429.275
0.18,0.09,0.0,696.5693,431.83392,497.32086,430.14557
0.21,0.09,0.0,755.3967,431.93866,557.26117,431.04742
0.24,0.09,0.0,813.44867,432.0213,616.4369,431.93268
0.27,0.09,0.0,870.79425,432.12076,674.91644,432.77097
0.0,0.12,0.0,329.05292,493.70215,128.56781,486.99106
0.03,0.12,0.0,391.8602,493.38004,190.04614,487.5227
0.06,0.12,0.0,454.2296,493.07025,251.65625,488.053
0.09,0.12,0.0,516.0017,492.7494,313.43588,488.63162
0.12,0.12,0.0,577.0277,492.44745,375.01874,489.1639
0.15,0.12,0.0,637.3235,492.17596,436.1834,489.69135
0.18,0.12,0.0,696.9035,491.89853,496.8492,490.2194
0.21,0.12,0.0,755.77045,491.6142,556.8169,490.72458
0.24,0.12,0.0,813.80927,491.33105,615.98596,491.24057
0.27,0.12,0.0,871.18286,491.06894,674.4826,491.74908
0.0,0.15,0.0,329.41724,555.8665,128.27,548.4428
0.03,0.15,0.0,392.17163,555.2627,189.67044,548.9105
0.06,0.15,0.0,454.54388,554.60626,251.23964,549.3477
0.09,0.15,0.0,516.2926,553.96277,313.00586,549.6415
0.12,0.15,0.0,577.3425,553.27,374.55725,549.8986
0.15,0.15,0.0,637.62286,552.588,435.7218,550.1017
0.18,0.15,0.0,697.2085,551.94037,496.36694,550.29706
0.21,0.15,0.0,756.1028,551.3115,556.3442,550.4381
0.24,0.15,0.0,814.1274,550.6664,615.509,550.5739
0.27,0.15,0.0,871.5033,550.04596,674.0237,550.71484
0.0,0.18,0.0,329.9041,617.96136,128.30443,609.8008
0.03,0.18,0.0,392.58542,617.111,189.5717,610.1621
0.06,0.18,0.0,454.8873,616.15643,251.1317,610.44507
0.09,0.18,0.0,516.5905,615.133,312.73846,610.5662
0.12,0.18,0.0,577.6242,614.09454,374.177,610.56665
0.15,0.18,0.0,637.9136,613.0684,435.30542,610.4962
0.18,0.18,0.0,697.5343,612.05835,495.875,610.36194
0.21,0.18,0.0,756.3809,611.05817,555.83185,610.163
0.24,0.18,0.0,814.42926,610.0342,615.03864,609.9289
0.27,0.18,0.0,871.7161,608.9756,673.52966,609.6795
0.0,0.21,0.0,330.56586,679.8924,128.67006,670.89136
0.03,0.21,0.0,393.09906,678.8598,189.7492,671.2614
0.06,0.21,0.0,455.28226,677.57477,251.17787,671.3684
0.09,0.21,0.0,516.92206,676.2484,312.65814,671.2834
0.12,0.21,0.0,577.94977,674.93195,373.96573,671.1435
0.15,0.21,0.0,638.2298,673.5159,434.96008,670.7654
0.18,0.21,0.0,697.7866,672.1051,495.4669,670.2844
0.21,0.21,0.0,756.65356,670.72455,555.3887,669.79126
0.24,0.21,0.0,814.69617,669.30457,614.579,669.2409
0.27,0.21,0.0,871.8889,667.8338,673.0541,668.6375
0.0,0.24,0.0,331.38025,741.6223,129.38052,731.62555
0.03,0.24,0.0,393.75464,740.3657,190.20386,732.02277
0.06,0.24,0.0,455.7784,738.7921,251.49484,731.9482
0.09,0.24,0.0,517.32074,737.2017,312.76538,731.73456
0.12,0.24,0.0,578.3078,735.6447,373.85553,731.4765
0.15,0.24,0.0,638.52185,733.83563,434.71478,730.85004
0.18,0.24,0.0,698.01654,732.0499,495.10812,730.0628
0.21,0.24,0.0,756.89703,730.3477,554.9721,729.33844
0.24,0.24,0.0,814.80505,728.44415,614.10004,728.37555
0.27,0.24,0.0,871.9504,726.5215,672.5243,727.4636
0.0,0.27,0.0,332.43124,802.9266,130.4673,791.88824
0.03,0.27,0.0,394.61246,801.4801,191.07051,792.1573
0.06,0.27,0.0,456.43765,799.61957,252.08382,791.9988
0.09,0.27,0.0,517.82263,797.7684,313.125,791.6966
0.12,0.27,0.0,578.7023,796.0761,373.96408,791.4243
0.15,0.27,0.0,638.7818,793.8703,434.63754,790.50073
0.18,0.27,0.0,698.23236,791.73285,494.85632,789.5369
0.21,0.27,0.0,757.0765,789.6698,554.6073,788.5846
0.24,0.27,0.0,814.7602,787.2185,613.60004,787.2214
0.27,0.27,0.0,871.8606,784.90955,672.046,786.0173
0.0,0.0,0.0,340.86563,262.68106,153.49374,258.83847
0.03,0.0,0.0,399.3474,261.51907,209.72252,257.89722
0.06,0.0,0.0,458.12445,260.53668,266.80524,257.12918
0.09,0.0,0.0,517.13416,259.67154,324.58658,256.51407
0.12,0.0,0.0,576.2343,258.88696,382.91183,256.1196
0.15,0.0,0.0,635.36975,258.19614,441.6352,255.8932
0.18,0.0,0.0,694.5023,257.5646,500.62726,255.77228
0.21,0.0,0.0,753.5229,256.9581,559.67633,255.72392
0.24,0.0,0.0,812.4672,256.4312,618.79865,255.76991
0.27,0.0,0.0,871.1956,256.01315,677.962,255.8598
0.0,0.03,0.0,339.43713,319.8032,149.89355,315.30588
0.03,0.03,0.0,398.3673,318.7932,206.5975,314.5822
0.06,0.03,0.0,457.57632,317.92477,264.14636,314.02594
0.09,0.03,0.0,516.9989,317.1258,322.36893,313.63095
0.12,0.03,0.0,576.5208,316.38937,381.17526,313.42892
0.15,0.03,0.0,635.98065,315.7216,440.3335,313.28412
0.18,0.03,0.0,695.45074,315.04083,499.67337,313.24622
0.21,0.03,0.0,754.8648,314.3739,559.1458,313.2707
0.24,0.03,0.0,814.2023,313.76065,618.63995,313.35403
0.27,0.03,0.0,873.3493,313.24152,678.1246,313.41562
0.0,0.06,0.0,338.1678,377.80035,146.60175,372.6175
0.03,0.06,0.0,397.47006,376.93292,203.67184,372.18842
0.06,0.06,0.0,457.1263,376.11914,261.61826,371.8384
0.09,0.06,0.0,516.91815,375.37296,320.29904,371.634
0.12,0.06,0.0,576.75946,374.69098,379.5072,371.54065
0.15,0.06,0.0,636.59973,373.98077,439.0319,371.47565
0.18,0.06,0.0,696.4004,373.25436,498.8053,371.4754
0.21,0.06,0.0,756.1686,372.58798,558.63477,371.54468
0.24,0.06,0.0,815.8664,371.92102,618.4588,371.67694
0.27,0.06,0.0,875.3887,371.27982,678.25073,371.7032
0.0,0.09,0.0,336.96252,436.5708,143.4955,430.69122
0.03,0.09,0.0,396.69186,435.80997,200.97688,430.55356
0.06,0.09,0.0,456.68304,435.00607,259.27,430.39188
0.09,0.09,0.0,516.8753,434.27103,318.3107,430.34644
0.12,0.09,0.0,577.066,433.608,377.9287,430.3769
0.15,0.09,0.0,637.20856,432.8998,437.85052,430.39905
0.18,0.09,0.0,697.33636,432.16544,497.9431,430.4179
0.21,0.09,0.0,757.4574,431.44504,558.1116,430.5161
0.24,0.09,0.0,817.4788,430.76743,618.26715,430.60135
0.27,0.09,0.0,877.3877,430.06033,678.4003,430.63058
0.0,0.12,0.0,335.89487,496.07355,140.70766,489.46176
0.03,0.12,0.0,396.03625,495.39102,198.55698,489.628
0.06,0.12,0.0,456.30347,494.59943,257.05215,489.66028
0.09,0.12,0.0,516.8376,493.8847,316.47665,489.79977
0.12,0.12,0.0,577.3951,493.18234,376.45242,489.89648
0.15,0.12,0.0,637.8132,492.4677,436.68912,490.0003
0.18,0.12,0.0,698.2877,491.7003,497.10748,490.02493
0.21,0.12,0.0,758.7239,490.9701,557.6154,490.06247
0.24,0.12,0.0,819.07587,490.3087,618.0949,490.19925
0.27,0.12,0.0,879.3493,489.5002,678.5185,490.18597
0.0,0.15,0.0,334.96918,556.19824,138.32492,548.90063
0.03,0.15,0.0,395.3563,555.56934,196.29291,549.3114
0.06,0.15,0.0,455.95792,554.86304,255.07951,549.60223
0.09,0.15,0.0,516.77423,554.1741,314.74945,549.8593
0.12,0.15,0.0,577.6425,553.4403,374.99274,550.0702
0.15,0.15,0.0,638.4512,552.6718,435.53378,550.1839
0.18,0.15,0.0,699.232,551.9147,496.28778,550.2642
0.21,0.15,0.0,760.016,551.1655,557.0838,550.31055
0.24,0.15,0.0,820.65125,550.44617,617.89764,550.3752
0.27,0.15,0.0,881.2278,549.63983,678.65076,550.4058
0.0,0.18,0.0,334.17432,616.9009,136.15143,608.83746
0.03,0.18,0.0,394.7481,616.38135,194.26906,609.4913
0.06,0.18,0.0,455.66043,615.75305,253.31314,610.0526
0.09,0.18,0.0,516.7728,615.0798,313.19458,610.4854
0.12,0.18,0.0,577.88684,614.3316,373.62637,610.8026
0.15,0.18,0.0,639.06384,613.5773,434.4256,610.9904
0.18,0.18,0.0,700.16486,612.81024,495.44727,611.1476
0.21,0.18,0.0,761.2571,612.05054,556.5451,611.21405
0.24,0.18,0.0,822.24335,611.25366,617.6475,611.25006
0.27,0.18,0.0,883.0311,610.4223,678.7632,611.3118
0.0,0.21,0.0,333.4891,678.0945,134.28152,669.13354
0.03,0.21,0.0,394.22467,677.70386,192.48433,670.11115
0.06,0.21,0.0,455.41415,677.1936,251.77296,670.905
0.09,0.21,0.0,516.78595,676.5658,311.80618,671.576
0.12,0.21,0.0,578.1616,675.81714,372.33902,672.0278
0.15,0.21,0.0,639.6463,675.08813,433.3434,672.3202
0.18,0.21,0.0,701.0783,674.2991,494.61703,672.5641
0.21,0.21,0.0,762.4915,673.50726,556.0244,672.6841
0.24,0.21,0.0,823.74005,672.6448,617.4378,672.7348
0.27,0.21,0.0,884.80884,671.7008,678.8429,672.78937
0.0,0.24,0.0,332.93118,739.68195,132.70116,729.67645
0.03,0.24,0.0,393.85208,739.49963,191.00879,731.0381
0.06,0.24,0.0,455.2892,739.07385,250.47446,732.0997
0.09,0.24,0.0,516.848,738.53143,310.5966,732.97656
0.12,0.24,0.0,578.4865,737.9035,371.17493,733.6904
0.15,0.24,0.0,640.25006,737.18024,432.4107,734.14435
0.18,0.24,0.0,701.97614,736.3565,493.91156,734.4569
0.21,0.24,0.0,763.658,735.5568,555.54974,734.6822
0.24,0.24,0.0,825.1541,734.53644,617.2491,734.7565
0.27,0.24,0.0,886.4365,733.4427,678.9253,734.8311
0.0,0.27,0.0,332.6119,801.512,131.46342,790.38354
0.03,0.27,0.0,393.69836,801.5263,189.92928,792.0593
0.06,0.27,0.0,455.30963,801.2201,249.50398,793.43005
0.09,0.27,0.0,517.04565,800.79877,309.65945,794.58704
0.12,0.27,0.0,578.86285,800.3354,370.26065,795.57025
0.15,0.27,0.0,640.8688,799.5928,431.6524,796.2027
0.18,0.27,0.0,702.8407,798.73395,493.30087,796.65753
0.21,0.27,0.0,764.7654,797.8364,555.0902,797.00433
0.24,0.27,0.0,826.37555,796.66925,617.04407,797.06934
0.27,0.27,0.0,887.8559,795.42944,678.99493,797.1234
0.0,0.0,0.0,325.49545,250.93285,130.39287,247.2743
0.03,0.0,0.0,386.5937,249.51558,188.91638,245.97458
0.06,0.0,0.0,448.10104,248.2798,248.41443,244.95334
0.09,0.0,0.0,509.92053,247.2467,308.8009,244.14473
0.12,0.0,0.0,571.91376,246.28262,369.84067,243.54115
0.15,0.0,0.0,633.94836,245.46432,431.3499,243.12202
0.18,0.0,0.0,696.0072,244.69809,493.21426,242.89545
0.21,0.0,0.0,758.0426,243.98575,555.2252,242.77957
0.24,0.0,0.0,819.92834,243.40157,617.30005,242.76445
0.27,0.0,0.0,881.61206,242.96593,679.474,242.82297
0.0,0.03,0.0,327.37988,312.69498,131.71704,308.18466
0.03,0.03,0.0,388.35953,311.47687,190.18335,307.29437
0.06,0.03,0.0,449.73062,310.41998,249.59732,306.5556
0.09,0.03,0.0,511.35614,309.4881,309.89648,306.00623
0.12,0.03,0.0,573.0881,308.61624,370.7917,305.6274
0.15,0.03,0.0,634.87616,307.81284,432.19144,305.36087
0.18,0.03,0.0,696.7112,307.02383,493.85162,305.24176
0.21,0.03,0.0,758.4805,306.29138,555.63116,305.24088
0.24,0.03,0.0,820.15643,305.64587,617.4646,305.26956
0.27,0.03,0.0,881.70355,305.07294,679.3339,305.32446
0.0,0.06,0.0,329.42435,374.16104,133.34576,368.89975
0.03,0.06,0.0,390.2445,373.12494,191.72595,368.3382
0.06,0.06,0.0,451.4284,372.18402,251.03726,367.87848
0.09,0.06,0.0,512.833,371.32205,311.17523,367.53897
0.12,0.06,0.0,574.3028,370.52484,371.94482,367.34747
0.15,0.06,0.0,635.84393,369.7078,433.12543,367.22763
0.18,0.06,0.0,697.35693,368.94067,494.53247,367.1886
0.21,0.06,0.0,758.8625,368.16846,556.06616,367.22766
0.24,0.06,0.0,820.2846,367.46106,617.60364,367.2885
0.27,0.06,0.0,881.5713,366.82516,679.15015,367.33408
0.0,0.09,0.0,331.60583,435.2178,135.31915,429.2606
0.03,0.09,0.0,392.25647,434.28503,193.55971,428.96555
0.06,0.09,0.0,453.1783,433.4491,252.66414,428.80695
0.09,0.09,0.0,514.3426,432.61032,312.64407,428.64514
0.12,0.09,0.0,575.57404,431.8275,373.1768,428.5725
0.15,0.09,0.0,636.73834,431.04437,434.13083,428.54303
0.18,0.09,0.0,697.94904,430.28943,495.26056,428.57404
0.21,0.09,0.0,759.1592,429.52054,556.5265,428.6369
0.24,0.09,0.0,820.2948,428.77133,617.7572,428.67938
0.27,0.09,0.0,881.3875,428.09207,678.96893,428.7461
0.0,0.12,0.0,333.92905,495.73236,137.64217,489.15237
0.03,0.12,0.0,394.34225,494.88403,195.7389,489.12152
0.06,0.12,0.0,454.9537,494.15198,254.48683,489.24512
0.09,0.12,0.0,515.85034,493.3407,314.23782,489.21396
0.12,0.12,0.0,576.7856,492.5161,374.52463,489.22913
0.15,0.12,0.0,637.6421,491.74673,435.18942,489.27115
0.18,0.12,0.0,698.54224,491.02472,496.0327,489.35568
0.21,0.12,0.0,759.4738,490.2947,556.9627,489.41345
0.24,0.12,0.0,820.29333,489.4839,617.87726,489.42487
0.27,0.12,0.0,881.10406,488.76743,678.7712,489.52567
0.0,0.15,0.0,336.4134,555.64984,140.30162,548.4369
0.03,0.15,0.0,396.4619,554.8901,198.04846,548.7102
0.06,0.15,0.0,456.7457,554.2726,256.54156,549.0084
0.09,0.15,0.0,517.3362,553.42664,315.97656,549.18353
0.12,0.15,0.0,577.9325,552.6309,375.93036,549.29694
0.15,0.15,0.0,638.5353,551.85535,436.26804,549.39307
0.18,0.15,0.0,699.131,551.1392,496.7888,549.47797
0.21,0.15,0.0,759.7268,550.4413,557.38745,549.5887
0.24,0.15,0.0,820.26794,549.62634,617.99335,549.5912
0.27,0.15,0.0,880.7389,548.91376,678.5807,549.6692
0.0,0.18,0.0,338.95804,614.8954,143.25168,606.9817
0.03,0.18,0.0,398.56042,614.3318,200.52847,607.59656
0.06,0.18,0.0,458.60184,613.6826,258.815,608.0823
0.09,0.18,0.0,518.8022,612.9197,317.85168,608.3962
0.12,0.18,0.0,579.0755,612.1921,377.40988,608.67755
0.15,0.18,0.0,639.3877,611.4041,437.35403,608.8611
0.18,0.18,0.0,699.671,610.68555,497.536,608.9944
0.21,0.18,0.0,759.9778,609.9921,557.804,609.1184
0.24,0.18,0.0,820.19965,609.20593,618.11005,609.14606
0.27,0.18,0.0,880.27423,608.4134,678.37823,609.2102
0.0,0.21,0.0,341.5703,673.4522,146.40765,664.8389
0.03,0.21,0.0,400.76993,673.0714,203.29065,665.7264
0.06,0.21,0.0,460.48993,672.4457,261.24304,666.3363
0.09,0.21,0.0,520.32776,671.74316,319.83536,666.8493
0.12,0.21,0.0,580.22363,671.1536,378.92,667.39496
0.15,0.21,0.0,640.2335,670.3635,438.52676,667.62305
0.18,0.21,0.0,700.2083,669.5875,498.337,667.7897
0.21,0.21,0.0,760.1969,668.9168,558.2418,667.98254
0.24,0.21,0.0,820.0735,668.0949,618.1871,668.0656
0.27,0.21,0.0,879.80695,667.2151,678.1975,668.0999
0.0,0.24,0.0,344.2892,731.263,149.7675,721.8275
0.03,0.24,0.0,403.09,731.0537,206.2658,723.03064
0.06,0.24,0.0,462.41165,730.4126,263.87256,723.7886
0.09,0.24,0.0,521.8606,729.8717,321.98917,724.5023
0.12,0.24,0.0,581.3858,729.453,380.5482,725.3058
0.15,0.24,0.0,641.055,728.62573,439.76767,725.63824
0.18,0.24,0.0,700.6905,727.83093,499.1972,725.85535
0.21,0.24,0.0,760.337,727.18256,558.7004,726.19336
0.24,0.24,0.0,819.8195,726.21405,618.31134,726.22076
0.27,0.24,0.0,879.1724,725.25775,677.94543,726.2979
0.0,0.27,0.0,347.1137,788.1988,153.39017,777.90576
0.03,0.27,0.0,405.5244,788.08417,209.50836,779.32025
0.06,0.27,0.0,464.44937,787.5098,266.67856,780.21106
0.09,0.27,0.0,523.4971,787.03705,324.34323,781.17303
0.12,0.27,0.0,582.5576,786.8713,382.34766,782.33936
0.15,0.27,0.0,641.85815,785.9986,441.1257,782.6886
0.18,0.27,0.0,701.1472,785.2055,500.10068,783.0296
0.21,0.27,0.0,760.436,784.6294,559.17896,783.5374
0.24,0.27,0.0,819.46173,783.38837,618.4512,783.4676
0.27,0.27,0.0,878.42633,782.45154,677.6896,783.64386
0.0,0.0,0.0,472.75674,140.92531,275.32922,138.46013
0.03,0.0,0.0,534.4326,142.38562,336.74835,139.98479
0.06,0.0,0.0,595.49445,144.00269,397.99545,141.7853
0.09,0.0,0.0,655.8949,145.75902,459.0003,143.80006
0.12,0.0,0.0,715.5776,147.67143,519.518,146.04361
0.15,0.0,0.0,774.4289,149.69302,579.5212,148.46227
0.18,0.0,0.0,832.37933,151.8848,638.82104,151.0009
0.21,0.0,0.0,889.4115,154.2103,697.4352,153.61124
0.24,0.0,0.0,945.39526,156.66353,755.2611,156.31073
0.27,0.0,0.0,1000.319,159.35226,812.3255,159.13712
0.0,0.03,0.0,472.6642,201.75235,273.56708,198.70718
0.03,0.03,0.0,534.51434,202.96251,335.28027,200.14189
0.06,0.03,0.0,595.764,204.32338,396.86658,201.79509
0.09,0.03,0.0,656.318,205.75072,458.0595,203.65746
0.12,0.03,0.0,716.0915,207.28809,518.78955,205.6983
0.15,0.03,0.0,775.0785,208.86758,578.9308,207.8173
0.18,0.03,0.0,833.19977,210.5884,638.38043,210.00552
0.21,0.03,0.0,890.4326,212.41629,697.11194,212.29271
0.24,0.03,0.0,946.6459,214.38911,755.06647,214.61617
0.27,0.03,0.0,1001.7367,216.4603,812.2811,217.0151
0.0,0.06,0.0,472.6823,263.1493,272.13037,259.57812
0.03,0.06,0.0,534.69885,264.09085,334.0795,260.89847
0.06,0.06,0.0,596.06104,265.1365,395.87793,262.35892
0.09,0.06,0.0,656.6363,266.21704,457.26062,264.02603
0.12,0.06,0.0,716.5206,267.36255,518.14813,265.79898
0.15,0.06,0.0,775.61456,268.53537,578.38,267.63754
0.18,0.06,0.0,833.89374,269.7822,637.92224,269.47318
0.21,0.06,0.0,891.2812,271.0899,696.74927,271.3938
0.24,0.06,0.0,947.65344,272.54584,754.8057,273.3025
0.27,0.06,0.0,1002.90924,274.14124,812.06866,275.23856
0.0,0.09,0.0,472.83035,324.8635,270.93048,320.8842
0.03,0.09,0.0,534.94244,325.5481,333.08307,322.03043
0.06,0.09,0.0,596.37964,326.22293,395.06116,323.2784
0.09,0.09,0.0,657.0328,326.9705,456.61346,324.69052
0.12,0.09,0.0,716.9475,327.70416,517.57416,326.19855
0.15,0.09,0.0,776.0851,328.46652,577.89905,327.68158
0.18,0.09,0.0,834.46893,329.25854,637.485,329.21793
0.21,0.09,0.0,891.9721,330.1219,696.3455,330.70374
0.24,0.09,0.0,948.40826,331.09796,754.4066,332.24265
0.27,0.09,0.0,1003.889,332.12753,811.7917,333.74936
0.0,0.12,0.0,473.0528,386.8241,269.96194,382.5113
0.03,0.12,0.0,535.2191,387.1706,332.30902,383.47345
0.06,0.12,0.0,596.7315,387.45798,394.38412,384.4619
0.09,0.12,0.0,657.3871,387.86328,456.02594,385.58218
0.12,0.12,0.0,717.3196,388.21515,517.06866,386.71866
0.15,0.12,0.0,776.469,388.5829,577.41016,387.9018
0.18,0.12,0.0,834.9657,388.94214,637.04706,389.06573
0.21,0.12,0.0,892.5588,389.37424,695.942,390.16116
0.24,0.12,0.0,949.0626,389.8734,753.9962,391.3203
0.27,0.12,0.0,1004.65576,390.42102,811.4349,392.40918
0.0,0.15,0.0,473.3136,448.88055,269.24133,444.2857
0.03,0.15,0.0,535.53894,448.82834,331.65198,445.00543
0.06,0.15,0.0,597.06116,448.8098,393.80313,445.75375
0.09,0.15,0.0,657.7031,448.8023,455.48352,446.547
0.12,0.15,0.0,717.64294,448.79028,516.5666,447.353
0.15,0.15,0.0,776.837,448.76147,576.9439,448.15433
0.18,0.15,0.0,835.3329,448.73694,636.5706,448.9009
0.21,0.15,0.0,893.02466,448.74405,695.4736,449.65338
0.24,0.15,0.0,949.5812,448.79688,753.5336,450.42297
0.27,0.15,0.0,1005.19824,448.8887,811.0042,451.14468
0.0,0.18,0.0,473.6145,510.95938,268.74313,506.17697
0.03,0.18,0.0,535.853,510.55865,331.10373,506.60175
0.06,0.18,0.0,597.34174,510.16812,393.26257,507.0787
0.09,0.18,0.0,658.0178,509.7357,454.9832,507.51947
0.12,0.18,0.0,717.9797,509.36646,516.08154,507.95358
0.15,0.18,0.0,777.18494,508.96472,576.4546,508.35382
0.18,0.18,0.0,835.66003,508.58084,636.0897,508.74307
0.21,0.18,0.0,893.3539,508.19757,694.991,509.15167
0.24,0.18,0.0,950.01013,507.80377,753.1297,509.5275
0.27,0.18,0.0,1005.5597,507.43176,810.53,509.87552
0.0,0.21,0.0,473.94415,573.11566,268.3485,568.0131
0.03,0.21,0.0,536.1724,572.2967,330.7288,568.22626
0.06,0.21,0.0,597.62,571.4998,392.84607,568.40704
0.09,0.21,0.0,658.3165,570.67456,454.53055,568.5076
0.12,0.21,0.0,718.3566,569.95746,515.6379,568.5725
0.15,0.21,0.0,777.5232,569.1896,575.9707,568.5967
0.18,0.21,0.0,835.95416,568.3869,635.6,568.5915
0.21,0.21,0.0,893.6727,567.62335,694.51465,568.64557
0.24,0.21,0.0,950.2839,566.8058,752.6442,568.6619
0.27,0.21,0.0,1005.8027,565.9896,810.0567,568.6672
0.0,0.24,0.0,474.29916,635.2389,268.17343,629.77234
0.03,0.24,0.0,536.49335,634.1207,330.44608,629.7914
0.06,0.24,0.0,597.9191,632.88055,392.49988,629.6284
0.09,0.24,0.0,658.60223,631.69037,454.08676,629.3937
0.12,0.24,0.0,718.7028,630.5998,515.1761,629.19135
0.15,0.24,0.0,777.8343,629.42267,575.46967,628.822
0.18,0.24,0.0,836.2024,628.24963,635.0984,628.4705
0.21,0.24,0.0,893.8886,627.07635,694.05835,628.17145
0.24,0.24,0.0,950.3511,625.7986,752.14246,627.77167
0.27,0.24,0.0,1005.8807,624.4399,809.5453,627.4114
0.0,0.27,0.0,474.7333,697.266,268.2427,691.2916
0.03,0.27,0.0,536.8552,695.7977,330.3397,691.12445
0.06,0.27,0.0,598.19775,694.15936,392.2517,690.6645
0.09,0.27,0.0,658.85223,692.61975,453.76236,690.16785
0.12,0.27,0.0,719.0188,691.24255,514.77423,689.7248
0.15,0.27,0.0,778.0459,689.5743,575.02496,688.9725
0.18,0.27,0.0,836.3658,687.96857,634.5943,688.27094
0.21,0.27,0.0,894.07306,686.4036,693.61334,687.6225
0.24,0.27,0.0,950.2782,684.5331,751.56793,686.7669
0.27,0.27,0.0,1005.78174,682.7476,809.0136,686.03577
0.0,0.0,0.0,477.4615,162.34578,288.45493,159.77734
0.03,0.0,0.0,536.1155,161.37128,345.94266,158.94771
0.06,0.0,0.0,594.8404,160.55971,403.94608,158.31345
0.09,0.0,0.0,653.6182,159.8673,462.24207,157.88907
0.12,0.0,0.0,712.36725,159.31737,520.87634,157.69026
0.15,0.0,0.0,770.9819,158.93633,579.6269,157.65334
0.18,0.0,0.0,829.4412,158.70956,638.4037,157.72847
0.21,0.0,0.0,887.5937,158.618,697.1668,157.93317
0.24,0.0,0.0,945.2986,158.75261,755.81903,158.2301
0.27,0.0,0.0,1002.5207,159.17987,814.34784,158.67685
0.0,0.03,0.0,476.86386,218.47545,285.55618,215.38911
0.03,0.03,0.0,535.97314,217.55276,343.57507,214.75668
0.06,0.03,0.0,595.1757,216.80537,402.08127,214.29884
0.09,0.03,0.0,654.3617,216.12657,460.89496,214.05325
0.12,0.03,0.0,713.5432,215.57121,519.98627,213.95157
0.15,0.03,0.0,772.6103,215.07144,579.1583,213.94507
0.18,0.03,0.0,831.4982,214.67973,638.34186,214.04079
0.21,0.03,0.0,890.1393,214.42946,697.51917,214.19391
0.24,0.03,0.0,948.3488,214.38676,756.6174,214.43575
0.27,0.03,0.0,1006.09064,214.57816,815.60443,214.80038
0.0,0.06,0.0,476.40088,275.5675,282.85858,272.07318
0.03,0.06,0.0,535.9289,274.75644,341.35208,271.6209
0.06,0.06,0.0,595.5261,274.02164,400.35733,271.3174
0.09,0.06,0.0,655.10803,273.3411,459.6484,271.20193
0.12,0.06,0.0,714.6613,272.72748,519.1476,271.18515
0.15,0.06,0.0,774.14514,272.16476,578.7005,271.21887
0.18,0.06,0.0,833.444,271.6498,638.2858,271.3256
0.21,0.06,0.0,892.5421,271.26254,697.8254,271.43356
0.24,0.06,0.0,951.23596,271.05783,757.3413,271.6264
0.27,0.06,0.0,1009.41724,270.99335,816.6886,271.84854
0.0,0.09,0.0,475.9973,333.52975,280.3049,329.62985
0.03,0.09,0.0,535.94885,332.82776,339.33972,329.39236
0.06,0.09,0.0,595.8934,332.05612,398.70966,329.2185
0.09,0.09,0.0,655.84955,331.40176,458.47922,329.1866
0.12,0.09,0.0,715.73535,330.75836,518.35675,329.2325
0.15,0.09,0.0,775.56415,330.1278,578.2972,329.34027
0.18,0.09,0.0,835.33105,329.4832,638.22455,329.3908
0.21,0.09,0.0,894.83704,328.98117,698.1325,329.5135
0.24,0.09,0.0,953.95844,328.6319,757.97186,329.65564
0.27,0.09,0.0,1012.5806,328.2986,817.7511,329.771
0.0,0.12,0.0,475.62802,392.29712,277.99942,388.05978
0.03,0.12,0.0,536.015,391.65054,337.43454,388.00156
0.06,0.12,0.0,596.31586,390.85452,397.1832,387.86606
0.09,0.12,0.0,656.5886,390.19177,457.34372,387.94913
0.12,0.12,0.0,716.8184,389.5639,517.62787,388.06253
0.15,0.12,0.0,776.9803,388.869,577.89325,388.1858
0.18,0.12,0.0,837.1523,388.16998,638.1671,388.24405
0.21,0.12,0.0,897.07007,387.50385,698.4238,388.2874
0.24,0.12,0.0,956.555,387.06006,758.57214,388.4381
0.27,0.12,0.0,1015.6059,386.5485,818.6989,388.47293
0.0,0.15,0.0,475.38785,451.79468,275.83188,447.3118
0.03,0.15,0.0,536.07776,451.1154,335.6368,447.35754
0.06,0.15,0.0,596.70807,450.36932,395.77478,447.34546
0.09,0.15,0.0,657.3226,449.68286,456.26755,447.4447
0.12,0.15,0.0,717.84753,448.98178,516.9088,447.562
0.15,0.15,0.0,778.39374,448.28912,577.5105,447.67154
0.18,0.15,0.0,838.86957,447.5148,638.08777,447.7193
0.21,0.15,0.0,899.1878,446.8156,698.64874,447.73694
0.24,0.15,0.0,959.04297,446.23135,759.1483,447.85873
0.27,0.15,0.0,1018.46686,445.5796,819.63605,447.89157
0.0,0.18,0.0,475.0715,511.98383,273.80768,507.2466
0.03,0.18,0.0,536.14075,511.27594,333.87616,507.36456
0.06,0.18,0.0,597.11835,510.54587,394.39856,507.4816
0.09,0.18,0.0,658.03076,509.82867,455.22165,507.59622
0.12,0.18,0.0,718.91724,509.06116,516.1488,507.71298
0.15,0.18,0.0,779.7728,508.33368,577.1014,507.7489
0.18,0.18,0.0,840.57465,507.6113,638.0204,507.80453
0.21,0.18,0.0,901.2326,506.81772,698.88696,507.85678
0.24,0.18,0.0,961.46063,506.09943,759.68976,507.9126
0.27,0.18,0.0,1021.11774,505.34317,820.4985,507.95844
0.0,0.21,0.0,474.84668,572.7855,271.9735,567.7314
0.03,0.21,0.0,536.1975,572.04736,332.23776,567.99634
0.06,0.21,0.0,597.4966,571.3299,393.1102,568.2064
0.09,0.21,0.0,658.7687,570.5806,454.18973,568.366
0.12,0.21,0.0,719.9868,569.7817,515.4149,568.4411
0.15,0.21,0.0,781.1574,569.07025,576.67206,568.513
0.18,0.21,0.0,842.27234,568.3018,637.9249,568.5762
0.21,0.21,0.0,903.2333,567.50226,699.1383,568.58417
0.24,0.21,0.0,963.7413,566.6184,760.2775,568.65216
0.27,0.21,0.0,1023.65625,565.7,821.40094,568.6622
0.0,0.24,0.0,474.59305,634.249,270.2384,628.7546
0.03,0.24,0.0,536.24725,633.5355,330.71555,629.192
0.06,0.24,0.0,597.8786,632.81213,391.84897,629.54
0.09,0.24,0.0,659.4948,632.036,453.22202,629.74115
0.12,0.24,0.0,721.04895,631.2359,514.6395,629.814
0.15,0.24,0.0,782.5419,630.45276,576.26056,629.9276
0.18,0.24,0.0,843.9215,629.65247,637.822,629.9684
0.21,0.24,0.0,905.16876,628.73737,699.3613,629.98505
0.24,0.24,0.0,965.8626,627.71814,760.8736,630.0214
0.27,0.24,0.0,1026.0247,626.5949,822.2006,629.95074
0.0,0.27,0.0,474.39157,696.25195,268.68655,690.18536
0.03,0.27,0.0,536.34265,695.6056,329.36984,690.84576
0.06,0.27,0.0,598.2976,694.894,390.76447,691.3056
0.09,0.27,0.0,660.18304,694.10205,452.25812,691.6091
0.12,0.27,0.0,722.092,693.2876,513.92413,691.82153
0.15,0.27,0.0,783.8667,692.45685,575.85516,691.9059
0.18,0.27,0.0,845.47736,691.5191,637.73193,691.9618
0.21,0.27,0.0,906.9861,690.4383,699.57806,691.9647
0.24,0.27,0.0,967.7574,689.2723,761.2978,691.90356
0.27,0.27,0.0,1028.2119,687.91437,822.9994,691.7875
0.0,0.0,0.0,468.67194,145.89664,271.70062,143.57904
0.03,0.0,0.0,530.0466,144.67696,331.66208,142.36641
0.06,0.0,0.0,591.5789,143.63666,392.2766,141.46072
0.09,0.0,0.0,653.1793,142.78616,453.29675,140.79425
0.12,0.0,0.0,714.7798,142.08911,514.6898,140.3981
0.15,0.0,0.0,776.2974,141.59402,576.3085,140.15544
0.18,0.0,0.0,837.5869,141.28816,637.9742,140.11528
0.21,0.0,0.0,898.54736,141.2074,699.6528,140.2156
0.24,0.0,0.0,959.0396,141.40034,761.2507,140.4907
0.27,0.0,0.0,1018.9707,141.87231,822.72906,140.95535
0.0,0.03,0.0,469.97208,207.57883,272.32162,204.63028
0.03,0.03,0.0,531.26166,206.50153,332.2943,203.73114
0.06,0.03,0.0,592.60614,205.53368,392.83994,203.03302
0.09,0.03,0.0,654.059,204.73328,453.82465,202.62646
0.12,0.03,0.0,715.47687,203.99509,515.09827,202.3472
0.15,0.03,0.0,776.8499,203.3975,576.51416,202.2202
0.18,0.03,0.0,838.02057,202.9589,638.01904,202.19853
0.21,0.03,0.0,898.9186,202.664,699.51355,202.28563
0.24,0.03,0.0,959.36414,202.6469,760.91876,202.47441
0.27,0.03,0.0,1019.2634,202.8096,822.28845,202.79503
0.0,0.06,0.0,471.39938,269.16574,273.2361,265.6774
0.03,0.06,0.0,532.50336,268.21185,333.15643,265.0494
0.06,0.06,0.0,593.69977,267.3205,393.60596,264.6114
0.09,0.06,0.0,654.9136,266.52188,454.45468,264.33868
0.12,0.06,0.0,716.13696,265.75653,515.59827,264.18777
0.15,0.06,0.0,777.27747,265.09192,576.7888,264.1203
0.18,0.06,0.0,838.30035,264.51987,638.07733,264.15344
0.21,0.06,0.0,899.0861,264.07626,699.3341,264.1885
0.24,0.06,0.0,959.40533,263.8498,760.5613,264.34375
0.27,0.06,0.0,1019.23425,263.7472,821.6451,264.5566
0.0,0.09,0.0,472.98697,330.47552,274.3949,326.56543
0.03,0.09,0.0,533.8635,329.58914,334.26096,326.16556
0.06,0.09,0.0,594.835,328.75385,394.54987,325.88754
0.09,0.09,0.0,655.74274,327.93326,455.22095,325.72433
0.12,0.09,0.0,716.6979,327.1792,516.1417,325.67545
0.15,0.09,0.0,777.60205,326.48126,577.1107,325.61078
0.18,0.09,0.0,838.4279,325.82806,638.1029,325.6792
0.21,0.09,0.0,899.04865,325.2703,699.0924,325.77466
0.24,0.09,0.0,959.2559,324.81558,760.06116,325.84418
0.27,0.09,0.0,1018.99115,324.54108,820.9465,325.96173
0.0,0.12,0.0,474.58658,391.37302,275.81238,387.10855
0.03,0.12,0.0,535.2792,390.5193,335.56717,386.86124
0.06,0.12,0.0,595.9078,389.76868,395.61285,386.77795
0.09,0.12,0.0,656.60065,388.9621,456.1152,386.6941
0.12,0.12,0.0,717.2429,388.16412,516.7369,386.67355
0.15,0.12,0.0,777.84143,387.41327,577.4367,386.69492
0.18,0.12,0.0,838.45056,386.7179,638.1453,386.7614
0.21,0.12,0.0,898.8545,386.05307,698.8533,386.82416
0.24,0.12,0.0,958.876,385.4977,759.4904,386.85712
0.27,0.12,0.0,1018.46497,385.05933,820.15485,386.9466
0.0,0.15,0.0,476.27576,451.70767,277.47015,447.21335
0.03,0.15,0.0,536.6418,450.90155,336.9559,447.11783
0.06,0.15,0.0,597.0209,450.17538,396.79022,447.1384
0.09,0.15,0.0,657.3785,449.36942,457.03522,447.102
0.12,0.15,0.0,717.7305,448.56845,517.4061,447.12863
0.15,0.15,0.0,778.0867,447.80444,577.8023,447.16373
0.18,0.15,0.0,838.3967,447.07983,638.17847,447.22644
0.21,0.15,0.0,898.594,446.4056,698.5321,447.30783
0.24,0.15,0.0,958.35394,445.6967,758.88837,447.3085
0.27,0.15,0.0,1017.6974,445.1182,819.2445,447.36255
0.0,0.18,0.0,477.93423,511.506,279.2813,506.7636
0.03,0.18,0.0,538.00946,510.71713,338.4477,506.84772
0.06,0.18,0.0,598.1028,509.9504,398.0478,506.89636
0.09,0.18,0.0,658.14856,509.182,457.96848,506.93796
0.12,0.18,0.0,718.2357,508.43106,518.02686,506.972
0.15,0.18,0.0,778.2706,507.64896,578.1083,507.00577
0.18,0.18,0.0,838.2869,506.92438,638.18646,507.0634
0.21,0.18,0.0,898.2176,506.20123,698.2707,507.13577
0.24,0.18,0.0,957.7337,505.414,758.32056,507.15753
0.27,0.18,0.0,1016.7501,504.69235,818.36566,507.1975
0.0,0.21,0.0,479.58817,570.70526,281.22745,565.70776
0.03,0.21,0.0,539.34076,569.98083,340.00284,565.95483
0.06,0.21,0.0,599.1746,569.14545,399.3422,566.0342
0.09,0.21,0.0,658.9348,568.3363,458.9476,566.08356
0.12,0.21,0.0,718.69293,567.667,518.6344,566.23145
0.15,0.21,0.0,778.43585,566.88696,578.42804,566.2453
0.18,0.21,0.0,838.1171,566.1114,638.2143,566.25775
0.21,0.21,0.0,897.74255,565.38763,697.9768,566.3624
0.24,0.21,0.0,956.9781,564.5503,757.7305,566.41644
0.27,0.21,0.0,1015.67334,563.67773,817.44727,566.43317
0.0,0.24,0.0,481.2357,629.3667,283.21948,624.03687
0.03,0.24,0.0,540.66064,628.7056,341.66272,624.43896
0.06,0.24,0.0,600.19214,627.79596,400.69528,624.52014
0.09,0.24,0.0,659.67303,626.9921,459.92682,624.6513
0.12,0.24,0.0,719.1764,626.42316,519.2379,624.93164
0.15,0.24,0.0,778.5843,625.56055,578.7329,624.8684
0.18,0.24,0.0,837.95056,624.72186,638.1956,624.8728
0.21,0.24,0.0,897.2189,623.995,697.65594,625.0317
0.24,0.24,0.0,956.0471,622.99384,757.1101,624.9937
0.27,0.24,0.0,1014.4254,621.98425,816.50586,625.0362
0.0,0.27,0.0,482.91406,687.3851,285.36383,681.61865
0.03,0.27,0.0,542.0018,686.74774,343.46387,682.1038
0.06,0.27,0.0,601.23865,685.7589,402.14,682.22986
0.09,0.27,0.0,660.38873,684.99066,460.97388,682.47437
0.12,0.27,0.0,719.57196,684.5271,519.874,682.93384
0.15,0.27,0.0,778.655,683.56165,579.0589,682.8539
0.18,0.27,0.0,837.6779,682.67017,638.19885,682.8515
0.21,0.27,0.0,896.6177,681.9681,697.3735,683.0822
0.24,0.27,0.0,954.962,680.6752,756.4417,682.8992
0.27,0.27,0.0,1013.0332,679.6325,815.523,682.9619
0.0,0.0,0.0,617.29474,257.93726,423.55817,255.48843
0.03,0.0,0.0,675.649,255.33856,480.57925,253.39398
0.06,0.0,0.0,734.6478,252.78564,538.4232,251.36163
0.09,0.0,0.0,794.2603,250.25026,597.06604,249.38872
0.12,0.0,0.0,854.5185,247.85146,656.4847,247.46768
0.15,0.0,0.0,915.1542,245.56609,716.6229,245.58354
0.18,0.0,0.0,976.0959,243.47232,777.4229,243.7578
0.21,0.0,0.0,1037.1066,241.57986,838.84515,242.01985
0.24,0.0,0.0,1098.0168,239.92316,900.71326,240.40538
0.27,0.0,0.0,1158.5945,238.53545,962.9599,238.94519
0.0,0.03,0.0,618.4187,316.69623,423.65384,314.08228
0.03,0.03,0.0,676.8286,314.43378,480.77344,312.4514
0.06,0.03,0.0,735.9517,312.18936,538.7366,310.8643
0.09,0.03,0.0,795.64905,309.9801,597.4857,309.30106
0.12,0.03,0.0,856.0086,307.82712,656.9378,307.77063
0.15,0.03,0.0,916.8324,305.74213,717.10846,306.20505
0.18,0.03,0.0,977.96356,303.8078,778.0235,304.6947
0.21,0.03,0.0,1039.1904,302.0392,839.55115,303.20404
0.24,0.03,0.0,1100.329,300.4646,901.6166,301.814
0.27,0.03,0.0,1161.198,299.077,964.00867,300.58273
0.0,0.06,0.0,619.5718,375.60626,423.86765,372.91138
0.03,0.06,0.0,678.00635,373.72723,481.06454,371.72034
0.06,0.06,0.0,737.1395,371.79807,539.08624,370.51837
0.09,0.06,0.0,796.942,369.90228,597.87103,369.39297
0.12,0.06,0.0,857.4178,368.03088,657.36914,368.20148
0.15,0.06,0.0,918.326,366.2173,717.557,367.0059
0.18,0.06,0.0,979.6093,364.47638,778.50183,365.78406
0.21,0.06,0.0,1041.0394,362.8651,840.10565,364.6322
0.24,0.06,0.0,1102.3243,361.35205,902.3173,363.55917
0.27,0.06,0.0,1163.3319,360.03436,964.85876,362.49426
0.0,0.09,0.0,620.6786,434.5722,424.09317,431.8336
0.03,0.09,0.0,679.167,433.0371,481.45044,431.0639
0.06,0.09,0.0,738.3254,431.47922,539.4475,430.25128
0.09,0.09,0.0,798.1925,429.90387,598.2554,429.49973
0.12,0.09,0.0,858.69745,428.37366,657.76697,428.6823
0.15,0.09,0.0,919.6923,426.85388,717.9834,427.86874
0.18,0.09,0.0,981.09656,425.3551,778.9609,427.03183
0.21,0.09,0.0,1042.612,423.9315,840.6223,426.17722
0.24,0.09,0.0,1103.9916,422.59103,902.87195,425.40485
0.27,0.09,0.0,1165.1481,421.30518,965.49493,424.63373
0.0,0.12,0.0,621.8268,493.57336,424.4313,490.86157
0.03,0.12,0.0,680.3608,492.40564,481.83698,490.44165
0.06,0.12,0.0,739.4757,491.21136,539.81757,490.01233
0.09,0.12,0.0,799.4159,489.94772,598.6565,489.59192
0.12,0.12,0.0,859.90405,488.77713,658.1787,489.16046
0.15,0.12,0.0,920.97284,487.55798,718.3876,488.7247
0.18,0.12,0.0,982.43756,486.35974,779.3584,488.26862
0.21,0.12,0.0,1043.9902,485.1343,841.0563,487.8352
0.24,0.12,0.0,1105.3817,483.92593,903.35315,487.34146
0.27,0.12,0.0,1166.6287,482.71277,966.0234,486.85645
0.0,0.15,0.0,622.9867,552.575,424.87262,549.8413
0.03,0.15,0.0,681.52594,551.73627,482.21124,549.8292
0.06,0.15,0.0,740.6618,550.9531,540.1998,549.8186
0.09,0.15,0.0,800.599,550.08905,599.08167,549.72894
0.12,0.15,0.0,861.1145,549.24084,658.5978,549.64355
0.15,0.15,0.0,922.1639,548.3449,718.7898,549.5981
0.18,0.15,0.0,983.56793,547.38293,779.77484,549.533
0.21,0.15,0.0,1045.1313,546.37225,841.44916,549.4417
0.24,0.15,0.0,1106.5437,545.3078,903.72705,549.29016
0.27,0.15,0.0,1167.7406,544.17065,966.367,549.16296
0.0,0.18,0.0,624.1344,611.63074,425.32745,608.82166
0.03,0.18,0.0,682.62537,611.1516,482.58932,609.19727
0.06,0.18,0.0,741.81946,610.7054,540.622,609.5515
0.09,0.18,0.0,801.6976,610.18976,599.4574,609.8608
0.12,0.18,0.0,862.2219,609.6535,658.9491,610.168
0.15,0.18,0.0,923.229,609.06586,719.1618,610.4773
0.18,0.18,0.0,984.52716,608.3584,780.13086,610.78046
0.21,0.18,0.0,1046.0363,607.5628,841.782,611.0291
0.24,0.18,0.0,1107.3933,606.615,904.00555,611.2033
0.27,0.18,0.0,1168.478,605.52576,966.56915,611.30176
0.0,0.21,0.0,625.2522,670.6564,425.8674,667.691
0.03,0.21,0.0,683.73206,670.5693,482.98572,668.5233
0.06,0.21,0.0,742.9439,670.4036,541.0824,669.2251
0.09,0.21,0.0,802.81256,670.2175,599.8857,669.9113
0.12,0.21,0.0,863.2539,670.0244,659.2789,670.6532
0.15,0.21,0.0,924.14886,669.6484,719.52435,671.2994
0.18,0.21,0.0,985.3535,669.13196,780.47296,671.91754
0.21,0.21,0.0,1046.6924,668.5247,842.0558,672.5402
0.24,0.21,0.0,1107.9263,667.68976,904.1462,672.9924
0.27,0.21,0.0,1168.8328,666.718,966.6074,673.32275
0.0,0.24,0.0,626.318,729.61304,426.43335,726.3987
0.03,0.24,0.0,684.78107,729.9226,483.462,727.6881
0.06,0.24,0.0,744.04144,729.994,541.5538,728.75146
0.09,0.24,0.0,803.82526,730.126,600.3011,729.8718
0.12,0.24,0.0,864.11884,730.26306,659.5993,731.0434
0.15,0.24,0.0,924.88226,730.0371,719.8382,731.98065
0.18,0.24,0.0,985.9393,729.68524,780.7336,732.9215
0.21,0.24,0.0,1047.1343,729.29047,842.1714,733.8519
0.24,0.24,0.0,1108.106,728.46533,904.1555,734.52136
0.27,0.24,0.0,1168.8007,727.49365,966.4074,735.05457
0.0,0.27,0.0,627.3936,788.3559,427.09753,784.8073
0.03,0.27,0.0,685.8603,788.93365,484.09772,786.52875
0.06,0.27,0.0,745.0626,789.2856,542.1366,787.9815
0.09,0.27,0.0,804.7044,789.616,600.75757,789.4674
0.12,0.27,0.0,864.854,790.0901,659.90485,791.1411
0.15,0.27,0.0,925.44867,790.0317,720.11053,792.3385
0.18,0.27,0.0,986.28955,789.8197,780.8577,793.5579
0.21,0.27,0.0,1047.2335,789.56775,842.148,794.80707
0.24,0.27,0.0,1107.8984,788.74365,903.92285,795.5488
0.27,0.27,0.0,1168.3921,787.7962,965.97015,796.3065
0.0,0.0,0.0,617.3684,241.00267,414.5252,238.37947
0.03,0.0,0.0,678.78375,242.23318,476.8294,240.19429
0.06,0.0,0.0,739.4063,243.58556,538.5336,242.13841
0.09,0.0,0.0,799.17993,244.95908,599.55725,244.1177
0.12,0.0,0.0,858.08484,246.4412,659.8911,246.16933
0.15,0.0,0.0,915.95374,248.08078,719.42474,248.28311
0.18,0.0,0.0,972.768,249.81569,778.1404,250.4039
0.21,0.0,0.0,1028.3304,251.72809,836.01184,252.55771
0.24,0.0,0.0,1082.6182,253.75037,892.9529,254.85039
0.27,0.0,0.0,1135.5162,255.92877,948.8865,257.2021
0.0,0.03,0.0,617.70526,302.97845,413.71774,300.2384
0.03,0.03,0.0,679.2114,303.86444,476.16742,301.77933
0.06,0.03,0.0,739.89606,304.73422,537.99194,303.38824
0.09,0.03,0.0,799.7639,305.71097,599.1221,305.0557
0.12,0.03,0.0,858.7631,306.7184,659.4425,306.75275
0.15,0.03,0.0,916.76355,307.81586,719.0334,308.4317
0.18,0.03,0.0,973.72455,309.01337,777.8533,310.13193
0.21,0.03,0.0,1029.4668,310.36563,835.8299,311.85107
0.24,0.03,0.0,1083.9131,311.8177,892.90063,313.64514
0.27,0.03,0.0,1136.9807,313.37793,948.9795,315.49603
0.0,0.06,0.0,618.09393,365.16946,413.0194,362.327
0.03,0.06,0.0,679.574,365.68622,475.5788,363.58734
0.06,0.06,0.0,740.33826,366.16434,537.4831,364.87213
0.09,0.06,0.0,800.2198,366.69193,598.6457,366.19482
0.12,0.06,0.0,859.29486,367.22388,659.0016,367.50247
0.15,0.06,0.0,917.41583,367.84918,718.6071,368.75763
0.18,0.06,0.0,974.5191,368.53333,777.43994,370.03473
0.21,0.06,0.0,1030.3997,369.34436,835.5162,371.32535
0.24,0.06,0.0,1084.9198,370.2149,892.71216,372.6577
0.27,0.06,0.0,1138.1349,371.1707,948.8883,374.02005
0.0,0.09,0.0,618.47266,427.4277,412.4544,424.57953
0.03,0.09,0.0,679.9221,427.5408,475.0726,425.5107
0.06,0.09,0.0,740.70874,427.64227,536.9815,426.42416
0.09,0.09,0.0,800.6579,427.73596,598.20624,427.3592
0.12,0.09,0.0,859.7524,427.88376,658.55347,428.2707
0.15,0.09,0.0,917.9308,428.06824,718.16815,429.15125
0.18,0.09,0.0,975.1564,428.2591,777.07996,430.02042
0.21,0.09,0.0,1031.1177,428.54462,835.19165,430.8959
0.24,0.09,0.0,1085.7034,428.85464,892.36725,431.80148
0.27,0.09,0.0,1139.0377,429.2235,948.66174,432.7155
0.0,0.12,0.0,618.8243,489.7554,411.93323,486.93692
0.03,0.12,0.0,680.29144,489.4435,474.59637,487.46967
0.06,0.12,0.0,741.1152,489.14758,536.57336,487.9817
0.09,0.12,0.0,801.0368,488.8537,597.7595,488.54523
0.12,0.12,0.0,860.10535,488.58304,658.0968,489.0409
0.15,0.12,0.0,918.31335,488.31915,717.687,489.53775
0.18,0.12,0.0,975.6304,488.08414,776.6488,490.03638
0.21,0.12,0.0,1031.669,487.8333,834.80316,490.52222
0.24,0.12,0.0,1086.196,487.62308,891.9539,491.00708
0.27,0.12,0.0,1139.5582,487.373,948.3084,491.47278
0.0,0.15,0.0,619.1517,552.0476,411.46918,549.2352
0.03,0.15,0.0,680.61444,551.37286,474.11533,549.41156
0.06,0.15,0.0,741.4475,550.7003,536.0806,549.58685
0.09,0.15,0.0,801.3511,550.02893,597.2737,549.6975
0.12,0.15,0.0,860.46893,549.3382,657.62665,549.79944
0.15,0.15,0.0,918.6431,548.62634,717.2371,549.91943
0.18,0.15,0.0,975.9086,547.9087,776.1929,550.06384
0.21,0.15,0.0,1031.9348,547.1828,834.3725,550.17413
0.24,0.15,0.0,1086.468,546.3735,891.49963,550.2035
0.27,0.15,0.0,1139.8064,545.5684,947.8022,550.24536
0.0,0.18,0.0,619.4438,614.38184,411.1091,611.52545
0.03,0.18,0.0,680.9774,613.29254,473.67664,611.34985
0.06,0.18,0.0,741.7045,612.2492,535.61163,611.1473
0.09,0.18,0.0,801.63165,611.1533,596.7488,610.862
0.12,0.18,0.0,860.73413,610.0582,657.15314,610.6064
0.15,0.18,0.0,918.8848,608.90894,716.7694,610.32605
0.18,0.18,0.0,976.01495,607.70404,775.6747,610.0536
0.21,0.18,0.0,1031.9999,606.4565,833.8213,609.78766
0.24,0.18,0.0,1086.5554,605.1064,890.9859,609.3934
0.27,0.18,0.0,1139.6937,603.71356,947.1662,608.9557
0.0,0.21,0.0,619.76776,676.7166,410.8215,673.67456
0.03,0.21,0.0,681.33673,675.23724,473.28995,673.21216
0.06,0.21,0.0,741.9878,673.7311,535.16016,672.5953
0.09,0.21,0.0,801.8528,672.20764,596.291,671.9638
0.12,0.21,0.0,861.0026,670.70905,656.6984,671.3546
0.15,0.21,0.0,918.9931,669.0673,716.2997,670.6728
0.18,0.21,0.0,975.967,667.35333,775.1301,669.951
0.21,0.21,0.0,1031.869,665.553,833.2128,669.25885
0.24,0.21,0.0,1086.3529,663.6409,890.3174,668.43494
0.27,0.21,0.0,1139.3615,661.6543,946.4077,667.52185
0.0,0.24,0.0,620.1338,738.9127,410.66745,735.5814
0.03,0.24,0.0,681.6595,737.08215,473.01758,734.8986
0.06,0.24,0.0,742.172,735.0356,534.7521,733.8999
0.09,0.24,0.0,801.98987,733.1223,595.82324,732.9052
0.12,0.24,0.0,861.1447,731.2094,656.2832,732.02655
0.15,0.24,0.0,918.9322,729.0058,715.78156,730.8695
0.18,0.24,0.0,975.7461,726.75116,774.5088,729.70996
0.21,0.24,0.0,1031.5675,724.48334,832.5671,728.611
0.24,0.24,0.0,1085.7709,721.9012,889.5242,727.2584
0.27,0.24,0.0,1138.7147,719.32806,945.51953,725.8506
0.0,0.27,0.0,620.5038,800.8481,410.68524,797.15234
0.03,0.27,0.0,681.8951,798.58746,472.86856,796.15955
0.06,0.27,0.0,742.3172,796.0606,534.45074,794.8293
0.09,0.27,0.0,801.9811,793.6237,595.37946,793.5239
0.12,0.27,0.0,861.11993,791.3409,655.8093,792.4116
0.15,0.27,0.0,918.6684,788.5632,715.17944,790.7485
0.18,0.27,0.0,975.30035,785.7476,773.811,789.15985
0.21,0.27,0.0,1031.0284,782.9617,831.8558,787.6468
0.24,0.27,0.0,1084.8596,779.73016,888.48474,785.6814
0.27,0.27,0.0,1137.8207,776.58075,944.4373,783.8219
0.0,0.0,0.0,615.04395,257.8155,421.32138,255.33513
0.03,0.0,0.0,674.21747,257.14267,480.29114,255.23285
0.06,0.0,0.0,733.3264,256.57776,539.36,255.22661
0.09,0.0,0.0,792.2874,256.0173,598.4891,255.27368
0.12,0.0,0.0,851.1231,255.61877,657.6608,255.38228
0.15,0.0,0.0,909.6461,255.3406,716.73804,255.56487
0.18,0.0,0.0,967.72394,255.2528,775.7402,255.80626
0.21,0.0,0.0,1025.2556,255.32672,834.5968,256.09753
0.24,0.0,0.0,1082.001,255.53465,893.1582,256.52832
0.27,0.0,0.0,1137.9248,255.99977,951.40045,257.12247
0.0,0.03,0.0,615.57556,315.36664,419.87015,312.7371
0.03,0.03,0.0,675.10205,314.66888,479.26105,312.69794
0.06,0.03,0.0,734.56415,314.0167,538.7271,312.73047
0.09,0.03,0.0,793.9217,313.43463,598.23,312.83502
0.12,0.03,0.0,853.1393,312.91324,657.7243,312.95767
0.15,0.03,0.0,912.1169,312.5115,717.17615,313.09134
0.18,0.03,0.0,970.6106,312.1838,776.55896,313.2549
0.21,0.03,0.0,1028.544,312.05713,835.80194,313.4526
0.24,0.03,0.0,1085.7798,312.0306,894.81244,313.7507
0.27,0.03,0.0,1142.1035,312.19693,953.46436,314.1263
0.0,0.06,0.0,616.1019,373.65863,418.5059,370.90436
0.03,0.06,0.0,675.9573,372.96365,478.25827,370.96863
0.06,0.06,0.0,735.7624,372.2812,538.10846,371.0484
0.09,0.06,0.0,795.4778,371.63577,597.9472,371.15015
0.12,0.06,0.0,855.0789,371.01926,657.79047,371.2759
0.15,0.06,0.0,914.41864,370.46085,717.555,371.38525
0.18,0.06,0.0,973.3995,369.9978,777.29364,371.453
0.21,0.06,0.0,1031.7335,369.64966,836.92194,371.5723
0.24,0.06,0.0,1089.3541,369.4301,896.3468,371.7765
0.27,0.06,0.0,1146.0825,369.32385,955.3727,372.02542
0.0,0.09,0.0,616.627,432.56973,417.17813,429.82358
0.03,0.09,0.0,676.79913,431.89835,477.31793,429.9286
0.06,0.09,0.0,736.9296,431.17374,537.49915,429.98062
0.09,0.09,0.0,796.9925,430.4865,597.69244,430.10056
0.12,0.09,0.0,856.9566,429.83936,657.8361,430.2346
0.15,0.09,0.0,916.64734,429.1921,717.8906,430.31897
0.18,0.09,0.0,976.0276,428.57422,777.9826,430.34473
0.21,0.09,0.0,1034.7463,428.0412,837.9694,430.4158
0.24,0.09,0.0,1092.687,427.60663,897.7313,430.55875
0.27,0.09,0.0,1149.8055,427.17902,957.1681,430.64957
0.0,0.12,0.0,617.1515,492.183,415.884,489.41663
0.03,0.12,0.0,677.6245,491.52023,476.41132,489.5675
0.06,0.12,0.0,738.1079,490.70563,536.8997,489.5765
0.09,0.12,0.0,798.508,490.02493,597.4411,489.6854
0.12,0.12,0.0,858.784,489.32422,657.8732,489.7787
0.15,0.12,0.0,918.78314,488.61563,718.28125,489.86493
0.18,0.12,0.0,978.5517,487.84598,778.69495,489.88245
0.21,0.12,0.0,1037.6266,487.157,839.0299,489.8831
0.24,0.12,0.0,1095.8289,486.4945,899.089,489.98535
0.27,0.12,0.0,1153.2308,485.7508,958.8469,489.96457
0.0,0.15,0.0,617.6648,552.439,414.70255,549.65765
0.03,0.15,0.0,678.4784,551.7053,475.5049,549.79395
0.06,0.15,0.0,739.2726,550.9406,536.3109,549.84656
0.09,0.15,0.0,799.988,550.22974,597.1489,549.92175
0.12,0.15,0.0,860.56714,549.47375,657.9104,549.9676
0.15,0.15,0.0,920.943,548.6704,718.63763,550.04156
0.18,0.15,0.0,980.91943,547.8257,779.3752,550.0461
0.21,0.15,0.0,1040.3062,546.92645,839.98425,550.04144
0.24,0.15,0.0,1098.7472,546.0114,900.37714,550.0459
0.27,0.15,0.0,1156.3496,544.99426,960.4055,549.9277
0.0,0.18,0.0,618.16327,613.39435,413.53973,610.5012
0.03,0.18,0.0,679.32965,612.605,474.55746,610.6532
0.06,0.18,0.0,740.4314,611.8583,535.69666,610.7261
0.09,0.18,0.0,801.4459,611.0849,596.84064,610.78284
0.12,0.18,0.0,862.33075,610.2447,657.9337,610.8393
0.15,0.18,0.0,922.9554,609.3508,718.9723,610.8404
0.18,0.18,0.0,983.1423,608.3633,779.99164,610.8543
0.21,0.18,0.0,1042.7239,607.27014,840.9443,610.8164
0.24,0.18,0.0,1101.4387,606.0845,901.5852,610.70374
0.27,0.18,0.0,1159.2059,604.7797,961.79285,610.4843
0.0,0.21,0.0,618.67474,674.9349,412.45474,671.83105
0.03,0.21,0.0,680.16345,674.1602,473.70438,672.064
0.06,0.21,0.0,741.56104,673.35,535.1376,672.18555
0.09,0.21,0.0,802.87244,672.5009,596.5505,672.2697
0.12,0.21,0.0,864.0396,671.56934,657.95264,672.27356
0.15,0.21,0.0,924.85406,670.5253,719.31036,672.2742
0.18,0.21,0.0,985.18335,669.3482,780.6138,672.2208
0.21,0.21,0.0,1044.9717,668.05414,841.79956,672.06506
0.24,0.21,0.0,1103.8473,666.59314,902.6841,671.85474
0.27,0.21,0.0,1161.7285,664.94806,963.0836,671.4708
0.0,0.24,0.0,619.2164,737.0377,411.45322,733.6417
0.03,0.24,0.0,680.9805,736.26556,472.92078,733.9766
0.06,0.24,0.0,742.6394,735.3622,534.58466,734.1653
0.09,0.24,0.0,804.2144,734.42126,596.28864,734.2171
0.12,0.24,0.0,865.6508,733.38153,657.9754,734.27014
0.15,0.24,0.0,926.5782,732.1317,719.5921,734.1884
0.18,0.24,0.0,987.04694,730.74365,781.1442,734.0551
0.21,0.24,0.0,1046.9783,729.15247,842.5937,733.818
0.24,0.24,0.0,1105.898,727.35004,903.5874,733.3837
0.27,0.24,0.0,1163.8895,725.3977,964.1836,732.8096
0.0,0.27,0.0,619.7316,799.5097,410.61774,795.6607
0.03,0.27,0.0,681.76794,798.68933,472.2318,796.1419
0.06,0.27,0.0,743.6771,797.67255,534.15314,796.3984
0.09,0.27,0.0,805.4073,796.5847,596.0678,796.4899
0.12,0.27,0.0,867.09174,795.4472,657.94745,796.6231
0.15,0.27,0.0,928.1144,793.9649,719.79724,796.43243
0.18,0.27,0.0,988.6494,792.2949,781.5703,796.19214
0.21,0.27,0.0,1048.7529,790.48303,843.208,795.8559
0.24,0.27,0.0,1107.5728,788.28723,904.29047,795.14453
0.27,0.27,0.0,1165.6649,785.92773,965.01587,794.3696
0.0,0.0,0.0,612.7536,245.6551,410.40723,243.16753
0.03,0.0,0.0,674.7641,244.8663,472.15134,242.86726
0.06,0.0,0.0,736.7449,244.13655,534.06824,242.7136
0.09,0.0,0.0,798.61304,243.48892,596.09894,242.64458
0.12,0.0,0.0,860.3375,243.00648,658.1872,242.6656
0.15,0.0,0.0,921.7346,242.65338,720.24634,242.76543
0.18,0.0,0.0,982.57623,242.57448,782.223,242.92488
0.21,0.0,0.0,1042.8188,242.66454,844.0411,243.2301
0.24,0.0,0.0,1102.2028,243.028,905.5531,243.66185
0.27,0.0,0.0,1160.6028,243.61449,966.61707,244.31474
0.0,0.03,0.0,613.7854,307.959,411.28668,305.32104
0.03,0.03,0.0,675.5789,307.1671,472.87903,305.12335
0.06,0.03,0.0,737.2889,306.3903,534.56757,305.08514
0.09,0.03,0.0,798.92114,305.68466,596.33563,305.06534
0.12,0.03,0.0,860.45404,305.06284,658.1407,305.10782
0.15,0.03,0.0,921.6787,304.57428,719.94617,305.1544
0.18,0.03,0.0,982.4656,304.2591,781.69556,305.25333
0.21,0.03,0.0,1042.5696,304.12473,843.2965,305.4643
0.24,0.03,0.0,1101.9087,304.17307,904.64667,305.73538
0.27,0.03,0.0,1160.2474,304.3766,965.5948,306.17194
0.0,0.06,0.0,614.82886,369.83182,412.31995,367.0918
0.03,0.06,0.0,676.30585,369.03574,473.66125,367.02884
0.06,0.06,0.0,737.77435,368.24487,535.07825,367.0101
0.09,0.06,0.0,799.16174,367.4843,596.59595,367.04028
0.12,0.06,0.0,860.451,366.8613,658.12177,367.0515
0.15,0.06,0.0,921.47705,366.18793,719.6007,367.10202
0.18,0.06,0.0,982.0976,365.691,781.0766,367.17783
0.21,0.06,0.0,1042.1025,365.3345,842.4411,367.25162
0.24,0.06,0.0,1101.2896,365.07043,903.5817,367.42316
0.27,0.06,0.0,1159.5248,365.0096,964.3535,367.69266
0.0,0.09,0.0,615.8651,431.14484,413.37518,428.39383
0.03,0.09,0.0,677.0425,430.31723,474.50046,428.32425
0.06,0.09,0.0,738.19147,429.55737,535.6802,428.36218
0.09,0.09,0.0,799.3346,428.76953,596.8607,428.38596
0.12,0.09,0.0,860.3544,428.0287,658.0517,428.4216
0.15,0.09,0.0,921.1224,427.31924,719.20557,428.41354
0.18,0.09,0.0,981.56604,426.67627,780.38885,428.4659
0.21,0.09,0.0,1041.3741,426.14563,841.5091,428.5181
0.24,0.09,0.0,1100.3501,425.63635,902.3668,428.60867
0.27,0.09,0.0,1158.4757,425.21808,962.9074,428.7805
0.0,0.12,0.0,616.9035,491.8304,414.53223,489.08188
0.03,0.12,0.0,677.7277,491.0102,475.36115,489.03732
0.06,0.12,0.0,738.59796,490.2688,536.2203,489.13123
0.09,0.12,0.0,799.4503,489.4363,597.1439,489.12952
0.12,0.12,0.0,860.1712,488.63962,657.99243,489.10333
0.15,0.12,0.0,920.6474,487.90314,718.81116,489.13617
0.18,0.12,0.0,980.8782,487.18707,779.7111,489.19858
0.21,0.12,0.0,1040.4528,486.4704,840.55225,489.2495
0.24,0.12,0.0,1099.1506,485.71887,901.102,489.23804
0.27,0.12,0.0,1157.0776,485.05432,961.3887,489.28665
0.0,0.15,0.0,617.9018,551.89844,415.75638,549.1207
0.03,0.15,0.0,678.4575,551.0931,476.2412,549.15625
0.06,0.15,0.0,739.0089,550.36816,536.77423,549.24744
0.09,0.15,0.0,799.52045,549.54956,597.3866,549.2215
0.12,0.15,0.0,859.9388,548.7314,657.9231,549.1958
0.15,0.15,0.0,920.12354,547.89386,718.45276,549.2072
0.18,0.15,0.0,979.9995,547.09283,779.014,549.27124
0.21,0.15,0.0,1039.3125,546.2528,839.511,549.3091
0.24,0.15,0.0,1097.7065,545.2855,899.74646,549.2436
0.27,0.15,0.0,1155.3228,544.3497,959.71735,549.21735
0.0,0.18,0.0,618.8433,611.4061,417.02716,608.5055
0.03,0.18,0.0,679.1218,610.6145,477.1073,608.6093
0.06,0.18,0.0,739.35486,609.8446,537.3438,608.6846
0.09,0.18,0.0,799.55695,609.01843,597.6142,608.65576
0.12,0.18,0.0,859.6517,608.19653,657.83673,608.7063
0.15,0.18,0.0,919.4907,607.27856,718.06085,608.6984
0.18,0.18,0.0,978.98083,606.3528,778.2835,608.7081
0.21,0.18,0.0,1037.9058,605.3361,838.42944,608.7234
0.24,0.18,0.0,1096.0476,604.1932,898.37085,608.6175
0.27,0.18,0.0,1153.2686,602.93494,957.8765,608.4344
0.0,0.21,0.0,619.8207,670.3099,418.34497,667.2074
0.03,0.21,0.0,679.7728,669.57837,478.02097,667.426
0.06,0.21,0.0,739.68256,668.6787,537.9082,667.434
0.09,0.21,0.0,799.52563,667.81555,597.8444,667.4576
0.12,0.21,0.0,859.3252,667.0266,657.759,667.5782
0.15,0.21,0.0,918.7597,666.0172,717.6494,667.52386
0.18,0.21,0.0,977.7965,664.84875,777.5261,667.46765
0.21,0.21,0.0,1036.3746,663.7073,837.32117,667.43604
0.24,0.21,0.0,1094.1241,662.3309,896.84375,667.23865
0.27,0.21,0.0,1150.973,660.83075,956.0135,666.94226
0.0,0.24,0.0,620.75287,728.5618,419.69897,725.18146
0.03,0.24,0.0,680.40906,727.8564,478.99408,725.5181
0.06,0.24,0.0,739.9631,726.82416,538.5567,725.4876
0.09,0.24,0.0,799.4711,725.90393,598.0892,725.53937
0.12,0.24,0.0,858.87555,725.1478,657.68475,725.7869
0.15,0.24,0.0,917.86475,723.91296,717.24445,725.62195
0.18,0.24,0.0,976.45233,722.5691,776.71893,725.487
0.21,0.24,0.0,1034.6467,721.2931,836.13477,725.4451
0.24,0.24,0.0,1091.901,719.6198,895.20215,725.0579
0.27,0.24,0.0,1148.3844,717.891,953.94714,724.619
0.0,0.27,0.0,621.73236,786.0526,421.16498,782.28815
0.03,0.27,0.0,681.00037,785.25104,480.05032,782.6724
0.06,0.27,0.0,740.16077,784.0716,539.242,782.61426
0.09,0.27,0.0,799.2638,783.077,598.355,782.70776
0.12,0.27,0.0,858.2812,782.3701,657.5473,783.1237
0.15,0.27,0.0,916.7949,780.8719,716.729,782.86224
0.18,0.27,0.0,974.95496,779.396,775.803,782.6601
0.21,0.27,0.0,1032.7201,777.99243,834.85095,782.6076
0.24,0.27,0.0,1089.3889,775.89105,893.39734,781.881
0.27,0.27,0.0,1145.5171,773.9906,951.72516,781.3796
0.0,0.0,0.0,479.356,359.0623,285.4975,355.12912
0.03,0.0,0.0,537.1192,356.97632,341.1958,353.58002
0.06,0.0,0.0,595.6301,354.94818,397.98044,352.10138
0.09,0.0,0.0,654.8032,352.90393,455.78494,350.67496
0.12,0.0,0.0,714.7528,350.8247,514.50665,349.29916
0.15,0.0,0.0,775.43646,348.7713,574.0106,347.9958
0.18,0.0,0.0,836.7225,346.73654,634.3409,346.64484
0.21,0.0,0.0,898.60156,344.74115,695.3505,345.293
0.24,0.0,0.0,960.84094,342.85922,757.16406,343.93646
0.27,0.0,0.0,1023.2964,341.11334,819.7127,342.60654
0.0,0.03,0.0,480.4613,418.17392,285.54465,413.94263
0.03,0.03,0.0,538.2925,416.52628,341.32657,412.90247
0.06,0.03,0.0,596.81714,414.81003,398.24615,411.8812
0.09,0.03,0.0,656.027,413.1655,456.11823,410.91907
0.12,0.03,0.0,716.0034,411.46118,514.8892,409.99576
0.15,0.03,0.0,776.71674,409.74564,574.433,409.04956
0.18,0.03,0.0,838.0561,408.01566,634.73364,408.11243
0.21,0.03,0.0,899.9944,406.36325,695.8052,407.14783
0.24,0.03,0.0,962.38116,404.71973,757.6314,406.15485
0.27,0.03,0.0,1024.9639,403.1814,820.2188,405.16965
0.0,0.06,0.0,481.5717,477.3715,285.73044,472.88895
0.03,0.06,0.0,539.4108,476.0701,341.57422,472.3614
0.06,0.06,0.0,597.97986,474.7402,398.55377,471.80154
0.09,0.06,0.0,657.2244,473.43372,456.48032,471.24344
0.12,0.06,0.0,717.2224,472.12653,515.29126,470.68033
0.15,0.06,0.0,777.909,470.7709,574.8207,470.14783
0.18,0.06,0.0,839.3303,469.42203,635.15717,469.57745
0.21,0.06,0.0,901.32855,468.0676,696.20593,469.01004
0.24,0.06,0.0,963.77594,466.72122,758.0567,468.41705
0.27,0.06,0.0,1026.4115,465.42352,820.6623,467.80273
0.0,0.09,0.0,482.63788,536.56635,286.05457,531.8593
0.03,0.09,0.0,540.54974,535.63574,341.97598,531.80414
0.06,0.09,0.0,599.1085,534.7001,398.86182,531.7011
0.09,0.09,0.0,658.3893,533.72797,456.84998,531.55383
0.12,0.09,0.0,718.39325,532.79755,515.69,531.4179
0.15,0.09,0.0,779.1041,531.82385,575.2379,531.2242
0.18,0.09,0.0,840.5438,530.8446,635.5262,531.057
0.21,0.09,0.0,902.5717,529.8786,696.64105,530.8774
0.24,0.09,0.0,965.0168,528.816,758.41156,530.71497
0.27,0.09,0.0,1027.6473,527.7094,821.0677,530.5122
0.0,0.12,0.0,483.7956,595.82983,286.5891,590.82245
0.03,0.12,0.0,541.7212,595.241,342.50848,591.2269
0.06,0.12,0.0,600.18915,594.69745,399.29013,591.5893
0.09,0.12,0.0,659.5386,594.0922,457.25064,591.88446
0.12,0.12,0.0,719.58,593.4771,516.10455,592.1231
0.15,0.12,0.0,780.3212,592.88684,575.6446,592.3075
0.18,0.12,0.0,841.72296,592.2914,635.92596,592.5511
0.21,0.12,0.0,903.7189,591.6314,697.01373,592.77356
0.24,0.12,0.0,966.08765,590.86316,758.8724,592.97644
0.27,0.12,0.0,1028.6711,589.98804,821.4307,593.1672
0.0,0.15,0.0,484.98807,654.9601,287.34772,649.5949
0.03,0.15,0.0,542.8734,654.80865,343.14694,650.5165
0.06,0.15,0.0,601.37726,654.6539,399.8292,651.4131
0.09,0.15,0.0,660.7244,654.41797,457.75137,652.11334
0.12,0.15,0.0,720.75226,654.1878,516.5193,652.7648
0.15,0.15,0.0,781.4513,653.9495,576.0198,653.3918
0.18,0.15,0.0,842.8188,653.63354,636.336,654.022
0.21,0.15,0.0,904.7321,653.3024,697.37866,654.62585
0.24,0.15,0.0,967.0006,652.7337,759.22723,655.1649
0.27,0.15,0.0,1029.4646,652.0921,821.7568,655.73334
0.0,0.18,0.0,486.26404,714.03406,288.31696,708.1647
0.03,0.18,0.0,544.02264,714.31885,343.8453,709.6383
0.06,0.18,0.0,602.56915,714.5392,400.5615,710.9876
0.09,0.18,0.0,661.85974,714.6724,458.34756,712.20026
0.12,0.18,0.0,721.84393,714.8093,516.9605,713.3198
0.15,0.18,0.0,782.50745,714.8926,576.44037,714.3695
0.18,0.18,0.0,843.8114,714.8855,636.6981,715.3735
0.21,0.18,0.0,905.60675,714.75775,697.73663,716.4058
0.24,0.18,0.0,967.72394,714.4447,759.53076,717.28784
0.27,0.18,0.0,1029.9788,713.95013,821.965,718.1378
0.0,0.21,0.0,487.5881,772.83844,289.45038,766.3786
0.03,0.21,0.0,545.21814,773.5889,344.77255,768.4213
0.06,0.21,0.0,603.7562,774.1603,401.43524,770.2361
0.09,0.21,0.0,663.0102,774.68207,459.03995,771.9306
0.12,0.21,0.0,722.875,775.2442,517.4298,773.5946
0.15,0.21,0.0,783.4702,775.5639,576.884,775.0736
0.18,0.21,0.0,844.6565,775.7964,637.10785,776.46954
0.21,0.21,0.0,906.27136,775.9052,698.05475,777.8688
0.24,0.21,0.0,968.2003,775.7633,759.74493,779.11774
0.27,0.21,0.0,1030.2316,775.3614,822.04333,780.24
0.0,0.24,0.0,489.01804,831.2904,290.74374,824.1314
0.03,0.24,0.0,546.5097,832.5006,345.8659,826.75024
0.06,0.24,0.0,605.02606,833.3529,402.45975,829.02234
0.09,0.24,0.0,664.13684,834.2843,459.8937,831.2351
0.12,0.24,0.0,723.83386,835.25964,518.032,833.49176
0.15,0.24,0.0,784.3449,835.79144,577.37225,835.3535
0.18,0.24,0.0,845.32263,836.22003,637.5288,837.156
0.21,0.24,0.0,906.727,836.59973,698.2923,838.9458
0.24,0.24,0.0,968.39966,836.53143,759.83514,840.4059
0.27,0.24,0.0,1030.1759,836.26886,821.973,841.8011
0.0,0.27,0.0,490.48035,889.1959,292.30743,881.26715
0.03,0.27,0.0,547.8763,890.7824,347.27612,884.43585
0.06,0.27,0.0,606.2995,891.9649,403.71045,887.12366
0.09,0.27,0.0,665.2496,893.2372,460.89117,889.85345
0.12,0.27,0.0,724.71765,894.65405,518.7345,892.73706
0.15,0.27,0.0,785.0242,895.3775,577.9612,894.96606
0.18,0.27,0.0,845.8061,895.99756,637.88586,897.09906
0.21,0.27,0.0,906.9375,896.64703,698.4456,899.3768
0.24,0.27,0.0,968.3122,896.5114,759.8508,900.96967
0.27,0.27,0.0,1029.7633,896.44586,821.7017,902.6732
