0.0,0.0,0.0,477.48596,164.47095,289.40933,160.9902
0.03,0.0,0.0,534.1474,160.88553,344.177,157.46736
0.06,0.0,0.0,591.6451,157.40582,400.06143,154.14578
0.09,0.0,0.0,649.92664,153.99692,457.02087,150.92749
0.12,0.0,0.0,709.00323,150.72337,514.9362,147.86319
0.15,0.0,0.0,768.7072,147.54764,573.7276,144.9243
0.18,0.0,0.0,828.998,144.55783,633.37604,142.09502
0.21,0.0,0.0,889.75214,141.74261,693.71747,139.35582
0.24,0.0,0.0,950.77594,139.22775,754.73724,136.7393
0.27,0.0,0.0,1011.9678,136.96167,816.40485,134.31677
0.0,0.03,0.0,478.17252,222.00227,288.86154,218.2042
0.03,0.03,0.0,535.0483,218.83264,343.8634,215.25499
0.06,0.03,0.0,592.7311,215.7411,399.96628,212.46826
0.09,0.03,0.0,651.1467,212.73389,457.11557,209.75154
0.12,0.03,0.0,710.3681,209.75589,515.2222,207.17749
0.15,0.03,0.0,770.2562,206.90157,574.1779,204.66364
0.18,0.03,0.0,830.7495,204.13826,633.9549,202.19601
0.21,0.03,0.0,891.71234,201.51001,694.4261,199.8305
0.24,0.03,0.0,953.0606,199.12456,755.63763,197.52873
0.27,0.03,0.0,1014.56555,196.94785,817.4917,195.33861
0.0,0.06,0.0,479.0346,279.94043,288.54605,275.94293
0.03,0.06,0.0,536.0222,277.25314,343.71948,273.56842
0.06,0.06,0.0,593.8031,274.57877,400.01562,271.26938
0.09,0.06,0.0,652.3224,271.92587,457.33737,269.07706
0.12,0.06,0.0,711.65625,269.33258,515.6013,266.97278
0.15,0.06,0.0,771.65247,266.75302,574.6477,264.90863
0.18,0.06,0.0,832.33435,264.23108,634.50775,262.83075
0.21,0.06,0.0,893.531,261.8283,695.11017,260.81104
0.24,0.06,0.0,955.11255,259.6187,756.4388,258.82767
0.27,0.06,0.0,1016.8608,257.55664,818.4237,256.89264
0.0,0.09,0.0,479.93903,338.18573,288.40497,334.03925
0.03,0.09,0.0,537.06476,335.94162,343.84662,332.20752
0.06,0.09,0.0,594.9082,333.64255,400.19254,330.39923
0.09,0.09,0.0,653.5207,331.39267,457.66296,328.6773
0.12,0.09,0.0,712.9256,329.17288,516.0587,327.0416
0.15,0.09,0.0,773.0069,326.94183,575.1889,325.41443
0.18,0.09,0.0,833.7883,324.68826,635.03375,323.73267
0.21,0.09,0.0,895.13855,322.53595,695.7158,322.08282
0.24,0.09,0.0,956.89667,320.55008,757.1418,320.477
0.27,0.09,0.0,1018.8963,318.63058,819.1787,318.80392
0.0,0.12,0.0,480.97482,396.6406,288.5282,392.40997
0.03,0.12,0.0,538.2456,394.81226,344.1282,391.09433
0.06,0.12,0.0,596.0126,392.90018,400.47717,389.75275
0.09,0.12,0.0,654.70013,391.0266,458.05408,388.49606
0.12,0.12,0.0,714.1987,389.16605,516.57764,387.29364
0.15,0.12,0.0,774.32794,387.29153,575.68524,386.0657
0.18,0.12,0.0,835.1761,385.37643,635.6198,384.8098
0.21,0.12,0.0,896.64435,383.5321,696.275,383.5143
0.24,0.12,0.0,958.53314,381.80148,757.7669,382.28052
0.27,0.12,0.0,1020.6926,380.1006,819.8965,380.95108
0.0,0.15,0.0,482.0952,455.1993,288.87177,450.95563
0.03,0.15,0.0,539.35724,453.74988,344.47165,450.08102
0.06,0.15,0.0,597.18384,452.2565,400.90475,449.24612
0.09,0.15,0.0,655.88153,450.74173,458.54172,448.40887
0.12,0.15,0.0,715.3962,449.2531,517.09546,447.6036
0.15,0.15,0.0,775.5972,447.7611,576.27295,446.76715
0.18,0.15,0.0,836.49054,446.1985,636.1829,445.87402
0.21,0.15,0.0,898.01697,444.69257,696.81775,444.99356
0.24,0.15,0.0,960.02295,443.23203,758.3293,444.11765
0.27,0.15,0.0,1022.25824,441.78815,820.52325,443.20517
0.0,0.18,0.0,483.26617,513.81903,289.3632,509.53183
0.03,0.18,0.0,540.4466,512.7369,344.85107,509.15265
0.06,0.18,0.0,598.39465,511.64957,401.4811,508.78915
0.09,0.18,0.0,657.1272,510.53345,459.10605,508.3403
0.12,0.18,0.0,716.5948,509.40878,517.5793,507.90884
0.15,0.18,0.0,776.788,508.27356,576.80286,507.4801
0.18,0.18,0.0,837.7574,507.1257,636.7373,506.9854
0.21,0.18,0.0,899.3166,505.92758,697.4279,506.5031
0.24,0.18,0.0,961.3495,504.7165,758.85333,505.97696
0.27,0.18,0.0,1023.603,503.58585,821.0948,505.45438
0.0,0.21,0.0,484.40628,572.4673,289.94547,568.1212
0.03,0.21,0.0,541.5785,571.7516,345.40002,568.2157
0.06,0.21,0.0,599.6245,571.00995,402.09088,568.27576
0.09,0.21,0.0,658.3456,570.28955,459.705,568.2708
0.12,0.21,0.0,717.7696,569.56525,518.0482,568.2521
0.15,0.21,0.0,778.04846,568.7914,577.3271,568.15106
0.18,0.21,0.0,839.002,568.00037,637.26575,568.03644
0.21,0.21,0.0,900.5489,567.1973,697.94183,567.978
0.24,0.21,0.0,962.5825,566.3155,759.3767,567.878
0.27,0.21,0.0,1024.7914,565.36884,821.63495,567.7746
0.0,0.24,0.0,485.5263,631.0999,290.61362,626.6079
0.03,0.24,0.0,542.7364,630.80286,346.05328,627.2392
0.06,0.24,0.0,600.8567,630.40466,402.81543,627.7005
0.09,0.24,0.0,659.5588,630.06134,460.25864,628.1459
0.12,0.24,0.0,718.9678,629.75476,518.5048,628.5528
0.15,0.24,0.0,779.25433,629.3296,577.82056,628.83997
0.18,0.24,0.0,840.1955,628.9091,637.7983,629.14856
0.21,0.24,0.0,901.6823,628.4415,698.4542,629.51215
0.24,0.24,0.0,963.5907,627.8205,759.94,629.7609
0.27,0.24,0.0,1025.7402,627.1052,822.09937,630.0134
0.0,0.27,0.0,486.69852,689.66095,291.4233,684.9546
0.03,0.27,0.0,543.9706,689.7559,346.87256,686.04736
0.06,0.27,0.0,602.0925,689.7237,403.60474,686.9447
0.09,0.27,0.0,660.7868,689.7537,460.9676,687.8673
0.12,0.27,0.0,720.1,689.9438,518.98517,688.81134
0.15,0.27,0.0,780.4152,689.8012,578.3427,689.49445
0.18,0.27,0.0,841.26105,689.6828,638.29846,690.16266
0.21,0.27,0.0,902.6637,689.57745,698.8937,690.98804
0.24,0.27,0.0,964.43475,689.0883,760.3855,691.52405
0.27,0.27,0.0,1026.4371,688.6111,822.4723,692.14526
0.0,0.0,0.0,470.63895,348.7725,267.94736,344.3962
0.03,0.0,0.0,532.83295,349.20102,330.4942,345.32095
0.06,0.0,0.0,594.34845,349.68744,392.8253,346.35306
0.09,0.0,0.0,655.19305,350.20895,454.77936,347.46594
0.12,0.0,0.0,715.30743,350.6936,516.184,348.66513
0.15,0.0,0.0,774.6968,351.24896,576.9021,349.9067
0.18,0.0,0.0,833.3267,351.84763,636.83545,351.11572
0.21,0.0,0.0,891.10455,352.4997,696.0269,352.35718
0.24,0.0,0.0,947.9027,353.2212,754.50934,353.5571
0.27,0.0,0.0,1003.67706,354.04996,812.20306,354.7585
0.0,0.03,0.0,470.90463,410.90558,267.24554,406.46173
0.03,0.03,0.0,533.1604,411.0073,329.9375,407.161
0.06,0.03,0.0,594.7482,411.1267,392.38724,407.92795
0.09,0.03,0.0,655.5717,411.27652,454.41843,408.77643
0.12,0.03,0.0,715.70856,411.42285,515.85187,409.63342
0.15,0.03,0.0,775.1383,411.59506,576.5664,410.5023
0.18,0.03,0.0,833.8313,411.79858,636.5524,411.37827
0.21,0.03,0.0,891.67975,412.02954,695.7546,412.19394
0.24,0.03,0.0,948.5816,412.30234,754.24286,413.00967
0.27,0.03,0.0,1004.4273,412.63635,811.9962,413.82053
0.0,0.06,0.0,471.20178,473.11963,266.70703,468.65097
0.03,0.06,0.0,533.4795,472.88095,329.47357,469.13858
0.06,0.06,0.0,595.1015,472.64624,391.99063,469.61267
0.09,0.06,0.0,655.9463,472.4399,454.04337,470.11545
0.12,0.06,0.0,716.1325,472.23898,515.5297,470.60764
0.15,0.06,0.0,775.54504,472.031,576.26105,471.10452
0.18,0.06,0.0,834.28406,471.8413,636.2473,471.5776
0.21,0.06,0.0,892.1775,471.66693,695.4725,472.07007
0.24,0.06,0.0,949.1325,471.50177,753.9423,472.48947
0.27,0.06,0.0,1005.0015,471.35913,811.7114,472.91953
0.0,0.09,0.0,471.54922,535.4433,266.396,530.8723
0.03,0.09,0.0,533.8378,534.83514,329.1579,531.16595
0.06,0.09,0.0,595.4656,534.2231,391.66608,531.34607
0.09,0.09,0.0,656.3695,533.6297,453.72647,531.4759
0.12,0.09,0.0,716.4994,533.02606,515.2114,531.6102
0.15,0.09,0.0,775.921,532.4724,575.93616,531.6989
0.18,0.09,0.0,834.7164,531.90265,635.9443,531.80194
0.21,0.09,0.0,892.6764,531.3515,695.22253,531.9117
0.24,0.09,0.0,949.5175,530.73596,753.6182,531.974
0.27,0.09,0.0,1005.4551,530.15125,811.4299,532.0551
0.0,0.12,0.0,471.98016,597.70465,266.25006,593.07294
0.03,0.12,0.0,534.23724,596.74603,328.99597,593.0588
0.06,0.12,0.0,595.86145,595.82104,391.38596,593.03467
0.09,0.12,0.0,656.7702,594.85345,453.4463,592.8268
0.12,0.12,0.0,716.8474,593.84686,514.8659,592.58215
0.15,0.12,0.0,776.29553,592.925,575.57306,592.3011
0.18,0.12,0.0,835.09015,591.99194,635.6104,592.038
0.21,0.12,0.0,893.05817,591.0412,694.9094,591.76874
0.24,0.12,0.0,949.7831,589.9758,753.29395,591.4497
0.27,0.12,0.0,1005.6947,588.9103,811.13055,591.16516
0.0,0.15,0.0,472.40854,659.8837,266.3787,655.0482
0.03,0.15,0.0,534.6229,658.605,328.92386,654.84
0.06,0.15,0.0,596.267,657.37115,391.26385,654.56757
0.09,0.15,0.0,657.1526,656.06104,453.22522,654.08923
0.12,0.15,0.0,717.2398,654.6962,514.56934,653.49365
0.15,0.15,0.0,776.6532,653.3519,575.2489,652.88135
0.18,0.15,0.0,835.38226,651.99774,635.26697,652.2532
0.21,0.15,0.0,893.289,650.64734,694.58124,651.6495
0.24,0.15,0.0,949.96515,649.12897,752.9792,650.9206
0.27,0.15,0.0,1005.7537,647.5641,810.7275,650.23395
0.0,0.18,0.0,472.96143,721.94305,266.70032,716.72406
0.03,0.18,0.0,535.0987,720.4171,329.05603,716.3965
0.06,0.18,0.0,596.65906,718.8094,391.2329,715.8621
0.09,0.18,0.0,657.4837,717.12524,453.05026,715.13715
0.12,0.18,0.0,717.58594,715.4454,514.3071,714.3135
0.15,0.18,0.0,776.95856,713.67865,574.9402,713.3286
0.18,0.18,0.0,835.5794,711.92676,634.9175,712.37964
0.21,0.18,0.0,893.3451,710.07996,694.16895,711.3831
0.24,0.18,0.0,950.02655,708.1009,752.59503,710.2856
0.27,0.18,0.0,1005.53766,705.9772,810.2001,709.12256
0.0,0.21,0.0,473.59705,783.67413,267.3044,777.9843
0.03,0.21,0.0,535.6815,781.9179,329.4025,777.54926
0.06,0.21,0.0,597.0589,779.96265,391.3812,776.77264
0.09,0.21,0.0,657.82465,777.9235,453.02078,775.83185
0.12,0.21,0.0,717.9244,775.89417,514.1551,774.8089
0.15,0.21,0.0,777.15967,773.7077,574.6866,773.51544
0.18,0.21,0.0,835.6235,771.46173,634.5204,772.18646
0.21,0.21,0.0,893.28076,769.2101,693.73663,770.8566
0.24,0.21,0.0,949.8082,766.72424,752.0968,769.36554
0.27,0.21,0.0,1005.1789,764.0758,809.64606,767.7691
0.0,0.24,0.0,474.4521,844.9887,268.19244,838.69653
0.03,0.24,0.0,536.28925,842.96576,329.9857,838.1539
0.06,0.24,0.0,597.5246,840.6493,391.74585,837.1463
0.09,0.24,0.0,658.1709,838.339,453.10126,836.0947
0.12,0.24,0.0,718.20746,836.0645,514.0846,834.9025
0.15,0.24,0.0,777.2684,833.3773,574.45,833.2834
0.18,0.24,0.0,835.54016,830.6499,634.1574,831.58417
0.21,0.24,0.0,893.04816,827.9055,693.2889,829.9528
0.24,0.24,0.0,949.36584,824.8569,751.4837,828.0078
0.27,0.24,0.0,1004.5105,821.69684,808.91455,826.01135
0.0,0.27,0.0,475.4654,905.57336,269.36893,898.65576
0.03,0.27,0.0,537.0493,903.27795,330.8764,897.944
0.06,0.27,0.0,598.0248,900.6185,392.28287,896.78107
0.09,0.27,0.0,658.50165,898.0291,453.38654,895.56366
0.12,0.27,0.0,718.4421,895.54956,514.15137,894.3549
0.15,0.27,0.0,777.22955,892.34393,574.2631,892.3689
0.18,0.27,0.0,835.3243,889.1675,633.7867,890.39777
0.21,0.27,0.0,892.6854,886.03796,692.7955,888.4808
0.24,0.27,0.0,948.5661,882.27386,750.7455,885.9856
0.27,0.27,0.0,1003.6096,878.6655,808.0585,883.6376
0.0,0.0,0.0,475.45776,360.4217,281.95853,356.15756
0.03,0.0,0.0,534.51263,359.6071,340.36032,355.8071
0.06,0.0,0.0,593.6231,358.82874,399.2334,355.55814
0.09,0.0,0.0,652.76776,358.02884,458.3835,355.40176
0.12,0.0,0.0,711.97906,357.2987,517.70154,355.28458
0.15,0.0,0.0,771.13434,356.5738,577.09094,355.231
0.18,0.0,0.0,830.19617,355.897,636.45935,355.14523
0.21,0.0,0.0,889.1288,355.2694,695.8161,355.08234
0.24,0.0,0.0,947.76495,354.75845,755.0783,354.98608
0.27,0.0,0.0,1005.9405,354.3709,814.3425,354.95386
0.0,0.03,0.0,475.17703,418.5587,279.883,414.21558
0.03,0.03,0.0,534.58594,417.77225,338.68796,414.02664
0.06,0.03,0.0,594.0772,416.99362,397.93295,413.85492
0.09,0.03,0.0,653.56494,416.2493,457.47748,413.7441
0.12,0.03,0.0,713.06384,415.51025,517.16956,413.6955
0.15,0.03,0.0,772.5536,414.78137,576.87787,413.62854
0.18,0.03,0.0,832.0292,414.04407,636.5601,413.56528
0.21,0.03,0.0,891.32715,413.34534,696.2157,413.47226
0.24,0.03,0.0,950.3356,412.70822,755.84686,413.3958
0.27,0.03,0.0,1008.89124,412.13696,815.4402,413.29184
0.0,0.06,0.0,474.91684,477.38898,277.9608,472.99103
0.03,0.06,0.0,534.6951,476.62875,337.09656,472.935
0.06,0.06,0.0,594.4899,475.85443,396.66623,472.85513
0.09,0.06,0.0,654.29443,475.1098,456.56522,472.79022
0.12,0.06,0.0,714.1555,474.36612,516.6205,472.74515
0.15,0.06,0.0,773.9771,473.6141,576.64484,472.67545
0.18,0.06,0.0,833.7832,472.8576,636.65405,472.61475
0.21,0.06,0.0,893.4391,472.1057,696.62006,472.50623
0.24,0.06,0.0,952.8161,471.40564,756.54926,472.3691
0.27,0.06,0.0,1011.6705,470.6696,816.4639,472.2529
0.0,0.09,0.0,474.6708,536.8425,276.13617,532.3786
0.03,0.09,0.0,534.7949,536.14746,335.62598,532.4901
0.06,0.09,0.0,594.9256,535.3604,395.4354,532.46356
0.09,0.09,0.0,655.0798,534.5966,455.67154,532.45984
0.12,0.09,0.0,715.26294,533.9024,516.0622,532.41956
0.15,0.09,0.0,775.3829,533.1326,576.3953,532.3671
0.18,0.09,0.0,835.5644,532.3228,636.71277,532.2172
0.21,0.09,0.0,895.57654,531.55096,697.00555,532.08203
0.24,0.09,0.0,955.1474,530.73553,757.2666,532.0296
0.27,0.09,0.0,1014.37445,529.87354,817.49915,531.84845
0.0,0.12,0.0,474.49963,596.9782,274.4904,592.38477
0.03,0.12,0.0,534.9575,596.28754,334.2726,592.6277
0.06,0.12,0.0,595.36566,595.5043,394.3019,592.70325
0.09,0.12,0.0,655.8345,594.75104,454.81808,592.7243
0.12,0.12,0.0,716.34283,594.0359,515.5061,592.7225
0.15,0.12,0.0,776.8093,593.2867,576.1428,592.65784
0.18,0.12,0.0,837.30304,592.43994,636.79504,592.51196
0.21,0.12,0.0,897.58966,591.56647,697.43,592.3829
0.24,0.12,0.0,957.3892,590.6829,757.95795,592.30133
0.27,0.12,0.0,1016.8766,589.64374,818.51807,592.09607
0.0,0.15,0.0,474.4064,657.64905,273.094,652.8273
0.03,0.15,0.0,535.1079,657.025,332.97574,653.23975
0.06,0.15,0.0,595.82275,656.29706,393.2519,653.4447
0.09,0.15,0.0,656.63367,655.5565,453.99054,653.5856
0.12,0.15,0.0,717.4477,654.80817,514.9449,653.60596
0.15,0.15,0.0,778.22125,654.003,575.8751,653.5587
0.18,0.15,0.0,838.9409,653.14075,636.8248,653.4297
0.21,0.15,0.0,899.50446,652.19324,697.8037,653.3148
0.24,0.15,0.0,959.5446,651.1609,758.6506,653.16376
0.27,0.15,0.0,1019.1723,649.9405,819.4605,652.94916
0.0,0.18,0.0,474.35782,718.8782,271.86746,713.64557
0.03,0.18,0.0,535.28253,718.3196,331.8432,714.2713
0.06,0.18,0.0,596.33545,717.6497,392.36905,714.659
0.09,0.18,0.0,657.43964,716.95294,453.2532,714.90796
0.12,0.18,0.0,718.5205,716.1563,514.3617,715.0139
0.15,0.18,0.0,779.5786,715.288,575.6176,715.01746
0.18,0.18,0.0,840.48645,714.33984,636.89276,714.9689
0.21,0.18,0.0,901.2582,713.2673,698.12036,714.7908
0.24,0.18,0.0,961.5426,712.02496,759.29614,714.5799
0.27,0.18,0.0,1021.2385,710.6193,820.2911,714.25867
0.0,0.21,0.0,474.42676,780.4357,270.89957,774.69403
0.03,0.21,0.0,535.5956,779.9681,330.92874,775.5297
0.06,0.21,0.0,596.88336,779.37256,391.63083,776.13934
0.09,0.21,0.0,658.24445,778.6736,452.69073,776.52716
0.12,0.21,0.0,719.57275,777.8487,513.9511,776.77313
0.15,0.21,0.0,780.84314,776.91754,575.42,776.81354
0.18,0.21,0.0,841.97327,775.8641,636.91254,776.76843
0.21,0.21,0.0,902.8608,774.6342,698.4076,776.6092
0.24,0.21,0.0,963.31287,773.16046,759.81287,776.31854
0.27,0.21,0.0,1023.04767,771.5044,821.03345,775.8974
0.0,0.24,0.0,474.65344,842.1878,270.16003,835.7637
0.03,0.24,0.0,535.9628,841.86395,330.27878,836.9159
0.06,0.24,0.0,597.4792,841.2955,391.1081,837.73553
0.09,0.24,0.0,659.0169,840.6214,452.23303,838.2824
0.12,0.24,0.0,720.5921,839.84766,513.5821,838.7215
0.15,0.24,0.0,782.00775,838.7607,575.2595,838.8183
0.18,0.24,0.0,843.26,837.54333,636.9496,838.7946
0.21,0.24,0.0,904.28235,836.1564,698.64386,838.60925
0.24,0.24,0.0,964.7288,834.4314,760.2136,838.22424
0.27,0.24,0.0,1024.5593,832.4792,821.58575,837.67883
0.0,0.27,0.0,475.06946,903.9069,269.75204,896.7672
0.03,0.27,0.0,536.50635,903.6959,329.9582,898.1562
0.06,0.27,0.0,598.13446,903.1652,390.79822,899.1368
0.09,0.27,0.0,659.79114,902.5095,451.94992,899.96576
0.12,0.27,0.0,721.49347,901.8067,513.35516,900.6539
0.15,0.27,0.0,783.0364,900.56866,575.1456,900.78656
0.18,0.27,0.0,844.3657,899.1624,636.97736,900.7837
0.21,0.27,0.0,905.5006,897.63574,698.794,900.66583
0.24,0.27,0.0,965.837,895.53534,760.4425,900.08624
0.27,0.27,0.0,1025.7281,893.3087,821.97986,899.4071
0.0,0.0,0.0,466.48462,353.13358,264.3597,348.8818
0.03,0.0,0.0,528.38416,352.14844,325.42877,348.35492
0.06,0.0,0.0,590.4309,351.22684,387.03107,347.9443
0.09,0.0,0.0,652.47577,350.37598,448.98917,347.6221
0.12,0.0,0.0,714.5944,349.5194,511.27386,347.43637
0.15,0.0,0.0,776.7257,348.65952,573.62604,347.29788
0.18,0.0,0.0,838.76917,347.90442,636.00543,347.1608
0.21,0.0,0.0,900.633,347.22836,698.3511,347.0115
0.24,0.0,0.0,962.1855,346.68237,760.73486,346.87247
0.27,0.0,0.0,1023.23566,346.26358,822.9579,346.85352
0.0,0.03,0.0,468.20197,415.0078,266.10336,410.64764
0.03,0.03,0.0,529.8392,414.132,326.95624,410.33005
0.06,0.03,0.0,591.5504,413.23743,388.3606,410.05377
0.09,0.03,0.0,653.29846,412.3776,450.12253,409.87683
0.12,0.03,0.0,715.1456,411.49753,512.1138,409.74213
0.15,0.03,0.0,777.00433,410.68436,574.1769,409.59683
0.18,0.03,0.0,838.8057,409.89957,636.18787,409.49777
0.21,0.03,0.0,900.4511,409.17694,698.2496,409.35162
0.24,0.03,0.0,961.8013,408.4812,760.26697,409.21915
0.27,0.03,0.0,1022.6355,407.9278,822.2755,409.12704
0.0,0.06,0.0,469.9136,476.36197,267.99332,471.9534
0.03,0.06,0.0,531.2416,475.4904,328.59274,471.79855
0.06,0.06,0.0,592.67847,474.65698,389.77594,471.65817
0.09,0.06,0.0,654.18335,473.8261,451.2667,471.5082
0.12,0.06,0.0,715.7259,472.9875,512.9575,471.40836
0.15,0.06,0.0,777.2278,472.1635,574.6855,471.28427
0.18,0.06,0.0,838.7968,471.35318,636.4113,471.16663
0.21,0.06,0.0,900.19666,470.569,698.1158,471.06003
0.24,0.06,0.0,961.26685,469.81357,759.8218,470.90692
0.27,0.06,0.0,1021.8405,469.1001,821.51764,470.77194
0.0,0.09,0.0,471.64148,537.1338,270.00113,532.6698
0.03,0.09,0.0,532.7053,536.2382,330.4057,532.632
0.06,0.09,0.0,593.8204,535.5044,391.1883,532.5965
0.09,0.09,0.0,655.0108,534.68164,452.38968,532.5454
0.12,0.09,0.0,716.2241,533.8318,513.7805,532.38666
0.15,0.09,0.0,777.4762,533.01385,575.19073,532.28
0.18,0.09,0.0,838.7388,532.2265,636.5933,532.2092
0.21,0.09,0.0,899.84564,531.4551,697.9763,532.10944
0.24,0.09,0.0,960.5659,530.56,759.35034,531.93805
0.27,0.09,0.0,1020.8969,529.7499,820.7609,531.8408
0.0,0.12,0.0,473.424,597.2547,272.2359,592.69495
0.03,0.12,0.0,534.1791,596.4147,332.30405,592.75653
0.06,0.12,0.0,594.9641,595.7379,392.69107,592.9624
0.09,0.12,0.0,655.85596,594.9417,453.5227,592.9106
0.12,0.12,0.0,716.74316,594.05023,514.5966,592.7582
0.15,0.12,0.0,777.67816,593.2349,575.6566,592.6438
0.18,0.12,0.0,838.65515,592.50574,636.7648,592.58075
0.21,0.12,0.0,899.445,591.69495,697.86017,592.55194
0.24,0.12,0.0,959.7527,590.66754,758.89716,592.3215
0.27,0.12,0.0,1019.7517,589.7431,819.9509,592.2616
0.0,0.15,0.0,475.24936,656.6989,274.6707,651.89777
0.03,0.15,0.0,535.6452,655.9661,334.28568,652.18384
0.06,0.15,0.0,596.10376,655.3385,394.24622,652.54254
0.09,0.15,0.0,656.6946,654.56573,454.73203,652.58234
0.12,0.15,0.0,717.28033,653.68243,515.4297,652.48706
0.15,0.15,0.0,777.8725,652.8504,576.168,652.37506
0.18,0.15,0.0,838.45575,652.0651,636.9268,652.3429
0.21,0.15,0.0,898.8818,651.2717,697.6713,652.34204
0.24,0.15,0.0,958.8347,650.10675,758.4141,652.07745
0.27,0.15,0.0,1018.3684,648.9742,819.0811,651.94305
0.0,0.18,0.0,477.12732,715.42596,277.272,710.2543
0.03,0.18,0.0,537.1044,714.8206,336.35236,710.83295
0.06,0.18,0.0,597.2569,714.2004,395.99182,711.21136
0.09,0.18,0.0,657.50116,713.4327,456.0,711.37775
0.12,0.18,0.0,717.7673,712.6251,516.2526,711.4539
0.15,0.18,0.0,777.98517,711.76874,576.6223,711.41864
0.18,0.18,0.0,838.1767,710.90027,637.06226,711.3861
0.21,0.18,0.0,898.1839,709.9679,697.4818,711.36145
0.24,0.18,0.0,957.75037,708.7625,757.8487,711.1516
0.27,0.18,0.0,1016.7845,707.42346,818.1201,710.8545
0.0,0.21,0.0,479.06393,773.3255,279.98987,767.74585
0.03,0.21,0.0,538.6746,772.87695,338.6216,768.55023
0.06,0.21,0.0,598.4605,772.17163,397.81027,768.9853
0.09,0.21,0.0,658.31525,771.46405,457.41464,769.2942
0.12,0.21,0.0,718.1812,770.76794,517.1795,769.58154
0.15,0.21,0.0,778.0406,769.82733,577.1503,769.5596
0.18,0.21,0.0,837.78296,768.838,637.18976,769.5208
0.21,0.21,0.0,897.3444,767.796,697.2449,769.5245
0.24,0.21,0.0,956.48645,766.4902,757.2346,769.2743
0.27,0.21,0.0,1015.08527,764.9239,817.0774,768.9086
0.0,0.24,0.0,481.0824,830.30273,282.9014,824.2026
0.03,0.24,0.0,540.26996,829.9618,341.02777,825.2184
0.06,0.24,0.0,599.6384,829.2114,399.7742,825.70636
0.09,0.24,0.0,659.09247,828.60614,458.8586,826.2796
0.12,0.24,0.0,718.5855,828.04486,518.13684,826.79785
0.15,0.24,0.0,777.9959,826.92346,577.70984,826.75867
0.18,0.24,0.0,837.28125,825.80896,637.3189,826.73395
0.21,0.24,0.0,896.3293,824.7131,696.95404,826.7709
0.24,0.24,0.0,954.94727,823.1557,756.4937,826.3999
0.27,0.24,0.0,1013.04663,821.40436,815.9207,825.9922
0.0,0.27,0.0,483.23233,886.18616,285.98645,879.5566
0.03,0.27,0.0,541.9566,885.8808,343.64062,880.6752
0.06,0.27,0.0,600.8803,885.097,401.902,881.26746
0.09,0.27,0.0,659.85254,884.5545,460.43103,881.9968
0.12,0.27,0.0,718.9112,884.2041,519.1708,882.8762
0.15,0.27,0.0,777.8152,882.90234,578.2583,882.78314
0.18,0.27,0.0,836.6012,881.6783,637.43335,882.7959
0.21,0.27,0.0,895.243,880.5481,696.6196,882.96655
0.24,0.27,0.0,953.2092,878.5769,755.6522,882.3356
0.27,0.27,0.0,1010.8078,876.7781,814.6184,881.92004
0.0,0.0,0.0,341.66794,264.56296,155.3843,260.2049
0.03,0.0,0.0,397.2529,261.42853,208.11044,257.22214
0.06,0.0,0.0,453.86328,258.4015,262.23334,254.38113
0.09,0.0,0.0,511.39685,255.42299,317.70447,251.6278
0.12,0.0,0.0,569.85297,252.51093,374.43088,249.03325
0.15,0.0,0.0,629.1375,249.67499,432.30075,246.5414
0.18,0.0,0.0,689.1968,246.83223,491.15207,244.16408
0.21,0.0,0.0,749.9766,244.04599,550.9003,241.81825
0.24,0.0,0.0,811.4769,241.31955,611.5203,239.51845
0.27,0.0,0.0,873.569,238.70294,672.9248,237.27676
0.0,0.03,0.0,342.27087,322.58408,154.7729,317.75497
0.03,0.03,0.0,397.99493,319.977,207.6943,315.3941
0.06,0.03,0.0,454.75937,317.41492,262.01404,313.15155
0.09,0.03,0.0,512.4236,314.92117,317.67316,310.99948
0.12,0.03,0.0,570.9866,312.45532,374.56506,308.94714
0.15,0.03,0.0,630.3516,309.99896,432.57333,306.97342
0.18,0.03,0.0,690.45746,307.53983,491.5405,305.06378
0.21,0.03,0.0,751.3537,305.11682,551.4002,303.19183
0.24,0.03,0.0,812.9693,302.68784,612.0704,301.35938
0.27,0.03,0.0,875.2485,300.3678,673.5492,299.51398
0.0,0.06,0.0,342.99475,380.90564,154.47443,375.66034
0.03,0.06,0.0,398.85904,378.75497,207.50821,373.944
0.06,0.06,0.0,455.71106,376.6779,261.96133,372.26498
0.09,0.06,0.0,513.50757,374.6352,317.76874,370.65424
0.12,0.06,0.0,572.1396,372.57062,374.81558,369.119
0.15,0.06,0.0,631.53394,370.536,432.94098,367.6518
0.18,0.06,0.0,691.71796,368.46558,491.97818,366.20325
0.21,0.06,0.0,752.6598,366.37576,551.88214,364.80112
0.24,0.06,0.0,814.3894,364.33496,612.65814,363.38913
0.27,0.06,0.0,876.7537,362.3135,674.1455,361.9654
0.0,0.09,0.0,343.8504,439.35916,154.38487,433.7702
0.03,0.09,0.0,399.89282,437.75055,207.64743,432.65842
0.06,0.09,0.0,456.7445,436.0867,262.08612,431.5418
0.09,0.09,0.0,514.60657,434.4465,318.0082,430.50208
0.12,0.09,0.0,573.3107,432.8024,375.21622,429.48114
0.15,0.09,0.0,632.7454,431.16013,433.4087,428.47275
0.18,0.09,0.0,692.91376,429.47385,492.4519,427.4635
0.21,0.09,0.0,753.9333,427.79117,552.4215,426.4733
0.24,0.09,0.0,815.74115,426.13556,613.24396,425.4815
0.27,0.09,0.0,878.1721,424.41885,674.69586,424.45206
0.0,0.12,0.0,344.85147,497.98224,154.7007,491.986
0.03,0.12,0.0,401.03143,496.78802,208.05919,491.4997
0.06,0.12,0.0,457.81516,495.573,262.4122,490.98425
0.09,0.12,0.0,515.738,494.3285,318.3818,490.42746
0.12,0.12,0.0,574.5178,493.09036,375.6981,489.88922
0.15,0.12,0.0,633.9822,491.8265,433.9221,489.32996
0.18,0.12,0.0,694.1843,490.56796,492.96426,488.74655
0.21,0.12,0.0,755.1988,489.29205,552.9315,488.17737
0.24,0.12,0.0,817.0413,488.00754,613.7791,487.59036
0.27,0.12,0.0,879.51337,486.71548,675.2231,486.9254
0.0,0.15,0.0,346.08347,556.5893,155.32834,550.21246
0.03,0.15,0.0,402.15735,555.8648,208.60078,550.34515
0.06,0.15,0.0,458.98114,555.11224,262.94727,550.38824
0.09,0.15,0.0,516.91724,554.2653,318.94864,550.3898
0.12,0.15,0.0,575.7003,553.4128,376.2396,550.31714
0.15,0.15,0.0,635.2005,552.5611,434.46118,550.2214
0.18,0.15,0.0,695.4356,551.67316,493.5279,550.06415
0.21,0.15,0.0,756.4143,550.8355,553.4051,549.8794
0.24,0.15,0.0,818.28644,549.9153,614.3115,549.66705
0.27,0.15,0.0,880.79913,548.9773,675.7693,549.48315
0.0,0.18,0.0,347.40717,615.1924,156.23549,608.3925
0.03,0.18,0.0,403.31256,614.92285,209.30011,609.09705
0.06,0.18,0.0,460.25842,614.61475,263.79303,609.73175
0.09,0.18,0.0,518.18195,614.1807,319.72845,610.24963
0.12,0.18,0.0,576.9063,613.74255,376.80508,610.6973
0.15,0.18,0.0,636.39746,613.29193,434.9855,611.0313
0.18,0.18,0.0,696.6499,612.8249,494.07266,611.3469
0.21,0.18,0.0,757.7032,612.37476,553.97125,611.62085
0.24,0.18,0.0,819.5355,611.8379,614.7709,611.828
0.27,0.18,0.0,882.0115,611.2745,676.3256,612.02106
0.0,0.21,0.0,348.7945,673.6714,157.34647,666.32916
0.03,0.21,0.0,404.6403,673.87897,210.30998,667.68835
0.06,0.21,0.0,461.6326,673.97455,264.8323,668.8626
0.09,0.21,0.0,519.4677,674.02094,320.63412,669.93726
0.12,0.21,0.0,578.062,674.07245,377.48996,670.9378
0.15,0.21,0.0,637.6015,673.9912,435.647,671.7776
0.18,0.21,0.0,697.88715,673.9011,494.67435,672.52936
0.21,0.21,0.0,758.915,673.83185,554.5327,673.2582
0.24,0.21,0.0,820.6951,673.69275,615.295,673.9187
0.27,0.21,0.0,883.0961,673.4309,676.8502,674.5556
0.0,0.24,0.0,350.30655,731.9256,158.74112,724.0043
0.03,0.24,0.0,406.08185,732.71326,211.61348,725.9622
0.06,0.24,0.0,463.07196,733.2168,266.1054,727.70337
0.09,0.24,0.0,520.77704,733.73615,321.65555,729.369
0.12,0.24,0.0,579.26495,734.28625,378.27188,730.9986
0.15,0.24,0.0,638.82794,734.57715,436.3907,732.2883
0.18,0.24,0.0,699.0934,734.8814,495.34512,733.5378
0.21,0.24,0.0,760.0469,735.24396,555.09015,734.80225
0.24,0.24,0.0,821.7711,735.3375,615.8234,735.8274
0.27,0.24,0.0,884.03546,735.345,677.3552,736.88477
0.0,0.27,0.0,352.0125,789.8871,160.37576,781.2581
0.03,0.27,0.0,407.72928,791.0932,213.20505,783.83264
0.06,0.27,0.0,464.62723,792.09924,267.60553,786.1093
0.09,0.27,0.0,522.2007,793.11676,322.95972,788.36224
0.12,0.27,0.0,580.5121,794.24115,379.19925,790.6627
0.15,0.27,0.0,640.035,794.8627,437.2598,792.4321
0.18,0.27,0.0,700.2692,795.5495,496.08054,794.1816
0.21,0.27,0.0,761.0763,796.3105,555.6166,796.00415
0.24,0.27,0.0,822.6765,796.57806,616.40173,797.372
0.27,0.27,0.0,884.79407,796.9293,677.7384,798.86975
0.0,0.0,0.0,328.13388,248.24684,132.22539,243.98297
0.03,0.0,0.0,389.8944,248.72816,192.97745,244.567
0.06,0.0,0.0,451.43628,249.4052,253.99283,245.37622
0.09,0.0,0.0,512.5136,250.23515,315.10345,246.4398
0.12,0.0,0.0,573.09247,251.20013,376.17218,247.72005
0.15,0.0,0.0,633.0004,252.24347,436.9432,249.14986
0.18,0.0,0.0,692.25323,253.31018,497.24304,250.74397
0.21,0.0,0.0,750.812,254.42429,557.0248,252.39098
0.24,0.0,0.0,808.626,255.59521,616.1259,254.115
0.27,0.0,0.0,865.65405,256.9084,674.5637,255.88359
0.0,0.03,0.0,327.7934,309.36957,130.64978,304.54404
0.03,0.03,0.0,389.7901,309.6854,191.62315,305.11743
0.06,0.03,0.0,451.49496,310.1476,252.87123,305.87393
0.09,0.03,0.0,512.7117,310.76447,314.19626,306.8207
0.12,0.03,0.0,573.3644,311.43506,375.44568,307.92245
0.15,0.03,0.0,633.355,312.12683,436.34506,309.166
0.18,0.03,0.0,692.66565,312.83936,496.80597,310.47684
0.21,0.03,0.0,751.2976,313.58737,556.6572,311.8425
0.24,0.03,0.0,809.19794,314.41855,615.8305,313.24872
0.27,0.03,0.0,866.3365,315.23657,674.3224,314.66412
0.0,0.06,0.0,327.70566,370.83127,129.3977,365.5287
0.03,0.06,0.0,389.8183,370.97043,190.52646,366.07886
0.06,0.06,0.0,451.63803,371.18604,251.95744,366.71216
0.09,0.06,0.0,512.9722,371.509,313.4491,367.50632
0.12,0.06,0.0,573.645,371.85544,374.876,368.39502
0.15,0.06,0.0,633.69354,372.20563,435.90427,369.38553
0.18,0.06,0.0,693.06,372.5476,496.43198,370.42444
0.21,0.06,0.0,751.7355,372.95184,556.326,371.47186
0.24,0.06,0.0,809.71875,373.39777,615.56244,372.57495
0.27,0.06,0.0,866.9175,373.83957,674.05273,373.6118
0.0,0.09,0.0,327.71725,432.51532,128.47998,426.74014
0.03,0.09,0.0,389.9729,432.42703,189.77692,427.24045
0.06,0.09,0.0,451.89532,432.36588,251.26347,427.74753
0.09,0.09,0.0,513.2771,432.34906,312.9236,428.36734
0.12,0.09,0.0,573.99744,432.3808,374.3746,429.0338
0.15,0.09,0.0,634.0345,432.38745,435.49557,429.73358
0.18,0.09,0.0,693.467,432.39273,496.1172,430.4347
0.21,0.09,0.0,752.1946,432.42834,556.07025,431.17184
0.24,0.09,0.0,810.1162,432.49762,615.25226,431.89877
0.27,0.09,0.0,867.4277,432.56503,673.7452,432.58176
0.0,0.12,0.0,327.9635,494.33087,127.94917,488.12024
0.03,0.12,0.0,390.26596,493.98334,189.30597,488.52692
0.06,0.12,0.0,452.20416,493.62613,250.77621,488.89984
0.09,0.12,0.0,513.6085,493.28436,312.5209,489.35776
0.12,0.12,0.0,574.32306,492.94986,374.01166,489.73004
0.15,0.12,0.0,634.39105,492.61996,435.14017,490.11517
0.18,0.12,0.0,693.8392,492.29102,495.77957,490.49326
0.21,0.12,0.0,752.6215,491.97336,555.77234,490.8503
0.24,0.12,0.0,810.5251,491.6559,614.9297,491.2198
0.27,0.12,0.0,867.88666,491.3538,673.4701,491.57224
0.0,0.15,0.0,328.324,556.2113,127.78725,549.4737
0.03,0.15,0.0,390.655,555.5961,189.04843,549.8314
0.06,0.15,0.0,452.54788,554.9242,250.50691,550.1366
0.09,0.15,0.0,513.9626,554.2633,312.2114,550.3004
0.12,0.15,0.0,574.6621,553.5511,373.71204,550.45026
0.15,0.15,0.0,634.73047,552.8815,434.82758,550.51306
0.18,0.15,0.0,694.2056,552.2149,495.45468,550.5598
0.21,0.15,0.0,753.01605,551.55206,555.43823,550.5865
0.24,0.15,0.0,810.92303,550.88727,614.629,550.55975
0.27,0.15,0.0,868.2174,550.20416,673.11005,550.5453
0.0,0.18,0.0,328.86884,617.99207,127.92508,610.7538
0.03,0.18,0.0,391.06326,617.1301,189.07344,611.066
0.06,0.18,0.0,452.92664,616.2076,250.53275,611.21924
0.09,0.18,0.0,514.3138,615.18933,312.0899,611.1944
0.12,0.18,0.0,575.06226,614.16956,373.5005,611.06024
0.15,0.18,0.0,635.1027,613.1241,434.57626,610.8844
0.18,0.18,0.0,694.5475,612.13086,495.1345,610.5981
0.21,0.18,0.0,753.3108,611.1352,555.0722,610.2707
0.24,0.18,0.0,811.32025,610.1102,614.3437,609.9076
0.27,0.18,0.0,868.5039,609.04224,672.79407,609.5187
0.0,0.21,0.0,329.5535,679.62445,128.4187,671.7605
0.03,0.21,0.0,391.64432,678.5882,189.38661,672.026
0.06,0.21,0.0,453.4199,677.362,250.75018,672.04553
0.09,0.21,0.0,514.71313,676.0407,312.1397,671.8788
0.12,0.21,0.0,575.44604,674.77325,373.40997,671.59436
0.15,0.21,0.0,635.48737,673.3726,434.35666,671.0972
0.18,0.21,0.0,694.8545,672.0079,494.83084,670.54205
0.21,0.21,0.0,753.6176,670.62616,554.76355,669.9254
0.24,0.21,0.0,811.6154,669.2525,613.9799,669.2281
0.27,0.21,0.0,868.77246,667.78577,672.4768,668.5169
0.0,0.24,0.0,330.48032,741.00525,129.2697,732.435
0.03,0.24,0.0,392.37244,739.7897,190.03778,732.65955
0.06,0.24,0.0,453.99973,738.3015,251.21913,732.53815
0.09,0.24,0.0,515.1939,736.7854,312.3693,732.29236
0.12,0.24,0.0,575.8757,735.25616,373.41946,731.90063
0.15,0.24,0.0,635.8442,733.49426,434.27496,731.0953
0.18,0.24,0.0,695.1947,731.76733,494.62994,730.30664
0.21,0.24,0.0,753.9281,730.0893,554.46765,729.473
0.24,0.24,0.0,811.8005,728.2579,613.6229,728.40155
0.27,0.24,0.0,868.8481,726.3499,672.081,727.34973
0.0,0.27,0.0,331.61978,801.9757,130.49837,792.58453
0.03,0.27,0.0,393.29315,800.55505,191.05103,792.75433
0.06,0.27,0.0,454.71805,798.8328,251.95612,792.5347
0.09,0.27,0.0,515.75116,797.1175,312.84747,792.1937
0.12,0.27,0.0,576.37946,795.47107,373.6765,791.8238
0.15,0.27,0.0,636.23615,793.31866,434.2897,790.7815
0.18,0.27,0.0,695.49884,791.2473,494.5122,789.7098
0.21,0.27,0.0,754.17426,789.271,554.2567,788.6811
0.24,0.27,0.0,811.83655,786.85895,613.24963,787.232
0.27,0.27,0.0,868.87665,784.6095,671.7301,785.8941
0.0,0.0,0.0,339.67194,264.562,152.00845,260.11
0.03,0.0,0.0,397.68832,263.2721,208.18477,259.03168
0.06,0.0,0.0,456.04724,262.18698,265.19952,258.11475
0.09,0.0,0.0,514.67,261.22385,322.93332,257.3565
0.12,0.0,0.0,573.4743,260.3134,381.2042,256.82944
0.15,0.0,0.0,632.3294,259.5192,439.9229,256.43582
0.18,0.0,0.0,691.229,258.7939,498.8579,256.1537
0.21,0.0,0.0,750.12134,258.06866,557.9106,255.9645
0.24,0.0,0.0,808.89703,257.4595,617.00806,255.84177
0.27,0.0,0.0,867.54297,256.94675,676.1284,255.77551
0.0,0.03,0.0,338.21115,321.36023,148.57617,316.46826
0.03,0.03,0.0,396.69363,320.25366,205.18716,315.68607
0.06,0.03,0.0,455.5126,319.27435,262.68173,314.98935
0.09,0.03,0.0,514.5384,318.38556,320.88153,314.484
0.12,0.03,0.0,573.7389,317.55887,379.6358,314.10205
0.15,0.03,0.0,632.9554,316.79123,438.75214,313.8215
0.18,0.03,0.0,692.23004,315.99142,498.0865,313.60025
0.21,0.03,0.0,751.46735,315.26968,557.51306,313.49368
0.24,0.03,0.0,810.65607,314.57928,617.00275,313.37064
0.27,0.03,0.0,869.74677,313.97165,676.454,313.29764
0.0,0.06,0.0,336.93515,379.03644,145.38406,373.7498
0.03,0.06,0.0,395.78787,378.08987,202.4084,373.2255
0.06,0.06,0.0,455.04596,377.1842,260.3183,372.7389
0.09,0.06,0.0,514.4634,376.3592,318.94507,372.3994
0.12,0.06,0.0,574.0192,375.58194,378.12234,372.1633
0.15,0.06,0.0,633.5951,374.81406,437.64877,371.9848
0.18,0.06,0.0,693.1769,374.01334,497.37256,371.8303
0.21,0.06,0.0,752.7908,373.25122,557.18024,371.7446
0.24,0.06,0.0,812.38794,372.53983,616.97284,371.6867
0.27,0.06,0.0,871.8337,371.8557,676.7643,371.57184
0.0,0.09,0.0,335.70755,437.4638,142.46764,431.80957
0.03,0.09,0.0,395.0385,436.67343,199.90495,431.5669
0.06,0.09,0.0,454.59155,435.8069,258.08792,431.23914
0.09,0.09,0.0,514.4219,434.99625,317.12167,431.06824
0.12,0.09,0.0,574.33234,434.30624,376.70798,430.99414
0.15,0.09,0.0,634.2276,433.53873,436.59415,430.88028
0.18,0.09,0.0,694.1768,432.70862,496.66495,430.74133
0.21,0.09,0.0,754.14343,431.95145,556.815,430.68344
0.24,0.09,0.0,814.03516,431.24146,616.969,430.6341
0.27,0.09,0.0,873.8816,430.47232,677.07697,430.4885
0.0,0.12,0.0,334.67508,496.64896,139.82059,490.5552
0.03,0.12,0.0,394.36438,495.9816,197.63528,490.61304
0.06,0.12,0.0,454.22183,495.12808,256.0268,490.49188
0.09,0.12,0.0,514.3883,494.38846,315.40308,490.44257
0.12,0.12,0.0,574.61566,493.68594,375.3863,490.50027
0.15,0.12,0.0,634.8599,492.9227,435.58408,490.44058
0.18,0.12,0.0,695.1567,492.1097,495.97836,490.31873
0.21,0.12,0.0,755.48456,491.3034,556.4567,490.1987
0.24,0.12,0.0,815.68317,490.60544,616.94104,490.20746
0.27,0.12,0.0,875.88086,489.77716,677.35583,490.05
0.0,0.15,0.0,333.7886,556.5144,137.4827,549.92004
0.03,0.15,0.0,393.73248,555.87634,195.4992,550.23645
0.06,0.15,0.0,453.89142,555.15485,254.1932,550.36847
0.09,0.15,0.0,514.3964,554.4243,313.83368,550.5019
0.12,0.15,0.0,574.94904,553.6905,374.1079,550.6277
0.15,0.15,0.0,635.5341,552.9515,434.5924,550.6143
0.18,0.15,0.0,696.1496,552.19,495.30997,550.5454
0.21,0.15,0.0,756.7809,551.3773,556.1059,550.4316
0.24,0.15,0.0,817.349,550.6192,616.8774,550.3744
0.27,0.15,0.0,877.7977,549.77856,677.62427,550.2572
0.0,0.18,0.0,333.0194,616.9283,135.49083,609.7997
0.03,0.18,0.0,393.13657,616.40375,193.55182,610.3772
0.06,0.18,0.0,453.6728,615.781,252.56264,610.77203
0.09,0.18,0.0,514.4365,615.0968,312.42264,611.1119
0.12,0.18,0.0,575.2845,614.38055,372.83966,611.3214
0.15,0.18,0.0,636.178,613.6606,433.62543,611.4076
0.18,0.18,0.0,697.1226,612.87805,494.601,611.4117
0.21,0.18,0.0,758.09247,612.0954,555.6947,611.333
0.24,0.18,0.0,818.9874,611.29205,616.80493,611.2175
0.27,0.18,0.0,879.71246,610.4534,677.88525,611.1013
0.0,0.21,0.0,332.39682,677.8406,133.72345,670.0827
0.03,0.21,0.0,392.68185,677.4777,191.90855,670.9492
0.06,0.21,0.0,453.49692,676.97284,251.1802,671.64044
0.09,0.21,0.0,514.51,676.36786,311.16647,672.15686
0.12,0.21,0.0,575.61224,675.6511,371.72214,672.48193
0.15,0.21,0.0,636.8554,674.94934,432.7234,672.69464
0.18,0.21,0.0,698.1187,674.2008,493.9723,672.78436
0.21,0.21,0.0,759.39935,673.39484,555.31946,672.7653
0.24,0.21,0.0,820.5387,672.55133,616.73193,672.6722
0.27,0.21,0.0,881.55524,671.5932,678.1425,672.59576
0.0,0.24,0.0,331.8971,739.0875,132.28862,730.573
0.03,0.24,0.0,392.408,738.95776,190.61682,731.78906
0.06,0.24,0.0,453.4513,738.61273,250.04971,732.7974
0.09,0.24,0.0,514.68024,738.0967,310.1062,733.54565
0.12,0.24,0.0,576.0097,737.5143,370.7178,734.1189
0.15,0.24,0.0,637.534,736.8195,431.9237,734.44147
0.18,0.24,0.0,699.083,736.054,493.36972,734.65515
0.21,0.24,0.0,760.6303,735.2433,554.9896,734.75555
0.24,0.24,0.0,822.046,734.26733,616.69165,734.6777
0.27,0.24,0.0,883.2352,733.21405,678.3334,734.5888
0.0,0.27,0.0,331.67197,800.62274,131.23009,791.1574
0.03,0.27,0.0,392.35107,800.6774,189.64778,792.77356
0.06,0.27,0.0,453.53882,800.47314,249.20174,794.0462
0.09,0.27,0.0,514.936,800.13574,309.27432,795.11664
0.12,0.27,0.0,576.4652,799.7321,369.8791,795.9681
0.15,0.27,0.0,638.2192,799.0313,431.269,796.4543
0.18,0.27,0.0,700.0351,798.2341,492.9187,796.7792
0.21,0.27,0.0,761.83026,797.3844,554.65717,797.00397
0.24,0.27,0.0,823.39087,796.27875,616.6311,796.9807
0.27,0.27,0.0,884.78516,795.07605,678.56714,796.85815
0.0,0.0,0.0,324.39542,252.87584,129.1033,248.67278
0.03,0.0,0.0,385.0107,251.31447,187.54276,247.26895
0.06,0.0,0.0,446.10352,250.00143,246.96317,246.03566
0.09,0.0,0.0,507.53336,248.81851,307.23373,245.05644
0.12,0.0,0.0,569.20703,247.76492,368.2094,244.27065
0.15,0.0,0.0,630.98645,246.78674,429.67584,243.69507
0.18,0.0,0.0,692.81537,245.92511,491.46527,243.26459
0.21,0.0,0.0,754.6603,245.10986,553.4666,242.97334
0.24,0.0,0.0,816.4267,244.43036,615.5319,242.76971
0.27,0.0,0.0,878.02356,243.89038,677.6582,242.64206
0.0,0.03,0.0,326.2439,314.26877,130.53513,309.49936
0.03,0.03,0.0,386.71616,312.97916,188.91605,308.4485
0.06,0.03,0.0,447.70334,311.81155,248.27307,307.5603
0.09,0.03,0.0,508.9588,310.76953,308.4767,306.84808
0.12,0.03,0.0,570.39276,309.79163,369.35205,306.31244
0.15,0.03,0.0,631.91656,308.89853,430.6646,305.87848
0.18,0.03,0.0,693.5103,308.0311,492.26028,305.59442
0.21,0.03,0.0,755.11523,307.20877,554.01245,305.3853
0.24,0.03,0.0,816.69147,306.4707,615.8268,305.25757
0.27,0.03,0.0,878.13666,305.82108,677.7177,305.13052
0.0,0.06,0.0,328.2595,375.41257,132.31934,370.1422
0.03,0.06,0.0,388.6071,374.30914,190.58376,369.4315
0.06,0.06,0.0,449.40335,373.27838,249.86298,368.81375
0.09,0.06,0.0,510.43085,372.34042,309.9008,368.34967
0.12,0.06,0.0,571.5828,371.43793,370.60284,367.98572
0.15,0.06,0.0,632.85724,370.54483,431.73148,367.7076
0.18,0.06,0.0,694.1598,369.71045,493.1214,367.5122
0.21,0.06,0.0,755.52856,368.89008,554.6255,367.3689
0.24,0.06,0.0,816.85657,368.12317,616.17755,367.25986
0.27,0.06,0.0,878.0565,367.40656,677.70514,367.14343
0.0,0.09,0.0,330.41132,436.15253,134.3769,430.4325
0.03,0.09,0.0,390.59808,435.16245,192.61328,429.9977
0.06,0.09,0.0,451.12265,434.25787,251.59517,429.69357
0.09,0.09,0.0,511.92935,433.39044,311.49564,429.42642
0.12,0.09,0.0,572.8457,432.5119,372.0004,429.17236
0.15,0.09,0.0,633.79913,431.65387,432.91895,428.98843
0.18,0.09,0.0,694.82367,430.86667,494.0047,428.8781
0.21,0.09,0.0,755.8885,430.06796,555.2287,428.79547
0.24,0.09,0.0,816.91614,429.23846,616.46545,428.65182
0.27,0.09,0.0,877.91327,428.47946,677.68243,428.5731
0.0,0.12,0.0,332.74643,496.38187,136.85007,490.25925
0.03,0.12,0.0,392.72922,495.48157,194.86926,490.0802
0.06,0.12,0.0,452.9115,494.71323,253.5071,490.0639
0.09,0.12,0.0,513.42737,493.86322,313.22156,489.95404
0.12,0.12,0.0,574.0762,492.9978,373.51196,489.78442
0.15,0.12,0.0,634.72034,492.17163,434.11707,489.70044
0.18,0.12,0.0,695.4534,491.4213,494.9148,489.62216
0.21,0.12,0.0,756.25653,490.66406,555.8184,489.5738
0.24,0.12,0.0,816.9776,489.80597,616.7703,489.41507
0.27,0.12,0.0,877.6779,489.1122,677.6506,489.35245
0.0,0.15,0.0,335.23172,555.9754,139.6234,549.4421
0.03,0.15,0.0,394.83005,555.2102,197.29976,549.5894
0.06,0.15,0.0,454.73578,554.5987,255.6827,549.8392
0.09,0.15,0.0,514.96027,553.7676,315.0782,549.873
0.12,0.15,0.0,575.29254,552.9102,375.02048,549.8181
0.15,0.15,0.0,635.65686,552.13086,435.3431,549.7732
0.18,0.15,0.0,696.0794,551.3719,495.8252,549.7489
0.21,0.15,0.0,756.56445,550.68646,556.3985,549.72546
0.24,0.15,0.0,816.9772,549.8211,617.0252,549.56055
0.27,0.15,0.0,877.37585,549.0537,677.5935,549.47076
0.0,0.18,0.0,337.78543,614.93567,142.67184,607.99115
0.03,0.18,0.0,397.00443,614.39825,199.90015,608.47955
0.06,0.18,0.0,456.6166,613.7498,258.09985,608.85315
0.09,0.18,0.0,516.5163,612.9734,317.1229,609.0588
0.12,0.18,0.0,576.49506,612.2635,376.64114,609.1884
0.15,0.18,0.0,636.55835,611.47186,436.5844,609.2295
0.18,0.18,0.0,696.67377,610.7441,496.71057,609.2413
0.21,0.18,0.0,756.8507,610.0851,556.9808,609.2449
0.24,0.18,0.0,816.9886,609.2785,617.2338,609.13794
0.27,0.18,0.0,876.9795,608.4144,677.5369,609.0252
0.0,0.21,0.0,340.44333,673.18274,145.91078,665.7566
0.03,0.21,0.0,399.2866,672.8244,202.76668,666.504
0.06,0.21,0.0,458.57742,672.217,260.68198,667.06287
0.09,0.21,0.0,518.08984,671.5849,319.26196,667.45325
0.12,0.21,0.0,577.7125,670.9727,378.30765,667.85596
0.15,0.21,0.0,637.4599,670.1748,437.85822,667.96783
0.18,0.21,0.0,697.2621,669.4734,497.6199,668.023
0.21,0.21,0.0,757.13727,668.7703,557.53253,668.0902
0.24,0.21,0.0,816.9116,667.9807,617.49585,668.0446
0.27,0.21,0.0,876.54297,667.089,677.4824,667.94147
0.0,0.24,0.0,343.22018,730.7307,149.40565,722.67706
0.03,0.24,0.0,401.6528,730.5068,205.88672,723.72754
0.06,0.24,0.0,460.60544,729.9043,263.40796,724.4245
0.09,0.24,0.0,519.68475,729.4462,321.48035,725.1019
0.12,0.24,0.0,578.9399,729.0155,380.03806,725.7351
0.15,0.24,0.0,638.37933,728.1933,439.24442,725.9062
0.18,0.24,0.0,697.8301,727.4619,498.6111,726.04974
0.21,0.24,0.0,757.3409,726.84076,558.115,726.2649
0.24,0.24,0.0,816.74194,725.92566,617.7282,726.19086
0.27,0.24,0.0,875.9756,724.99097,677.38873,726.14026
0.0,0.27,0.0,346.11835,787.33075,153.1323,778.6765
0.03,0.27,0.0,404.17355,787.2314,209.2612,779.945
0.06,0.27,0.0,462.6899,786.73145,266.34906,780.7899
0.09,0.27,0.0,521.3632,786.4077,323.9097,781.73413
0.12,0.27,0.0,580.1939,786.26556,381.89862,782.7438
0.15,0.27,0.0,639.26184,785.3721,440.69308,782.9195
0.18,0.27,0.0,698.37506,784.6487,499.6611,783.1876
0.21,0.27,0.0,757.5234,784.10956,558.7255,783.6035
0.24,0.27,0.0,816.4441,782.94836,617.9794,783.38904
0.27,0.27,0.0,875.29846,782.02673,677.2571,783.4739
0.0,0.0,0.0,470.7538,142.74554,273.49173,139.25758
0.03,0.0,0.0,532.0536,144.04886,334.8314,140.5382
0.06,0.0,0.0,592.79065,145.52736,396.0711,142.15082
0.09,0.0,0.0,652.92346,147.14503,457.027,143.98915
0.12,0.0,0.0,712.3617,148.93062,517.5006,146.03069
0.15,0.0,0.0,771.0277,150.8502,577.4633,148.28857
0.18,0.0,0.0,828.8492,152.90538,636.7964,150.60602
0.21,0.0,0.0,885.77026,155.10158,695.3813,153.03835
0.24,0.0,0.0,941.6617,157.487,753.2282,155.57863
0.27,0.0,0.0,996.4932,160.08192,810.26306,158.20953
0.0,0.03,0.0,470.59814,203.2233,271.93307,199.44124
0.03,0.03,0.0,532.1148,204.33832,333.5802,200.67087
0.06,0.03,0.0,593.031,205.53462,395.07178,202.13112
0.09,0.03,0.0,653.329,206.86246,456.24164,203.83403
0.12,0.03,0.0,712.8648,208.2948,516.9477,205.6488
0.15,0.03,0.0,771.68567,209.76453,577.0764,207.60774
0.18,0.03,0.0,829.7099,211.38203,636.5057,209.62617
0.21,0.03,0.0,886.8107,213.11195,695.2517,211.70609
0.24,0.03,0.0,942.94025,214.9867,753.21545,213.84283
0.27,0.03,0.0,997.9558,217.03584,810.3804,216.05827
0.0,0.06,0.0,470.60934,264.3011,270.63916,260.25208
0.03,0.06,0.0,532.2811,265.17352,332.54282,261.37
0.06,0.06,0.0,593.3248,266.1053,394.2624,262.66406
0.09,0.06,0.0,653.6669,267.08948,455.65125,264.16138
0.12,0.06,0.0,713.3527,268.14783,516.4632,265.74692
0.15,0.06,0.0,772.25543,269.2353,576.69214,267.39285
0.18,0.06,0.0,830.41064,270.35956,636.2448,269.07986
0.21,0.06,0.0,887.7098,271.6335,695.05115,270.7818
0.24,0.06,0.0,943.971,273.0167,753.1253,272.52505
0.27,0.06,0.0,999.2034,274.528,810.38824,274.29074
0.0,0.09,0.0,470.7519,325.73096,269.592,321.4961
0.03,0.09,0.0,532.49634,326.33438,331.71475,322.49454
0.06,0.09,0.0,593.65045,326.92044,393.615,323.56277
0.09,0.09,0.0,654.0792,327.56104,455.1168,324.77362
0.12,0.09,0.0,713.7531,328.27188,516.06726,326.13516
0.15,0.09,0.0,772.7358,328.96545,576.35724,327.45602
0.18,0.09,0.0,831.0275,329.68057,635.981,328.78687
0.21,0.09,0.0,888.44635,330.47598,694.8464,330.10956
0.24,0.09,0.0,944.7805,331.4027,752.8966,331.4974
0.27,0.09,0.0,1000.2265,332.3605,810.2697,332.80313
0.0,0.12,0.0,470.96338,387.42355,268.76117,383.05502
0.03,0.12,0.0,532.7873,387.7185,331.07538,383.86588
0.06,0.12,0.0,594.0114,387.93265,393.0724,384.68436
0.09,0.12,0.0,654.4532,388.21277,454.71375,385.63928
0.12,0.12,0.0,714.15375,388.55078,515.7224,386.65002
0.15,0.12,0.0,773.16095,388.87256,576.0376,387.65622
0.18,0.12,0.0,831.5585,389.20523,635.68243,388.61475
0.21,0.12,0.0,889.118,389.56287,694.62177,389.58868
0.24,0.12,0.0,945.4494,390.03613,752.652,390.58527
0.27,0.12,0.0,1001.02295,390.53116,810.1073,391.47083
0.0,0.15,0.0,471.2512,449.2491,268.23184,444.77542
0.03,0.15,0.0,533.1013,449.1641,330.5826,445.38058
0.06,0.15,0.0,594.3573,449.04254,392.65714,445.9549
0.09,0.15,0.0,654.8274,448.99188,454.34064,446.58008
0.12,0.15,0.0,714.52545,448.9354,515.36096,447.26175
0.15,0.15,0.0,773.5709,448.8634,575.7349,447.89267
0.18,0.15,0.0,831.96497,448.822,635.36865,448.49762
0.21,0.15,0.0,889.6322,448.7891,694.32825,449.07227
0.24,0.15,0.0,946.02594,448.82684,752.3873,449.6829
0.27,0.15,0.0,1001.5916,448.86856,809.826,450.24744
0.0,0.18,0.0,471.5444,511.06897,267.85043,506.63013
0.03,0.18,0.0,533.4605,510.6177,330.18842,506.9118
0.06,0.18,0.0,594.6565,510.2402,392.2952,507.2572
0.09,0.18,0.0,655.15326,509.78284,453.9984,507.5672
0.12,0.18,0.0,714.9329,509.345,515.0703,507.83664
0.15,0.18,0.0,773.97687,508.93433,575.4149,508.09763
0.18,0.18,0.0,832.35254,508.53156,635.0362,508.36746
0.21,0.18,0.0,889.9839,508.129,693.961,508.5872
0.24,0.18,0.0,946.57605,507.72293,752.11505,508.81662
0.27,0.18,0.0,1002.06714,507.29117,809.5015,508.9898
0.0,0.21,0.0,471.93185,572.9978,267.6108,568.4254
0.03,0.21,0.0,533.81714,572.1597,329.94733,568.522
0.06,0.21,0.0,594.999,571.38513,392.01627,568.5482
0.09,0.21,0.0,655.50226,570.5904,453.6601,568.51337
0.12,0.21,0.0,715.33185,569.8157,514.72345,568.4478
0.15,0.21,0.0,774.3596,569.01154,575.0685,568.29596
0.18,0.21,0.0,832.6996,568.2054,634.69464,568.1756
0.21,0.21,0.0,890.3235,567.4278,693.6032,568.08435
0.24,0.21,0.0,946.8687,566.60895,751.7806,567.93585
0.27,0.21,0.0,1002.3794,565.74115,809.17694,567.8094
0.0,0.24,0.0,472.341,634.8866,267.60495,630.1232
0.03,0.24,0.0,534.202,633.76154,329.81607,630.0211
0.06,0.24,0.0,595.34204,632.5562,391.83127,629.7488
0.09,0.24,0.0,655.83936,631.4042,453.37646,629.40015
0.12,0.24,0.0,715.7574,630.306,514.41125,629.05475
0.15,0.24,0.0,774.7152,629.07684,574.72797,628.5406
0.18,0.24,0.0,833.00287,627.9241,634.3213,628.0258
0.21,0.24,0.0,890.61304,626.71375,693.3009,627.6034
0.24,0.24,0.0,947.05225,625.44635,751.3964,627.0644
0.27,0.24,0.0,1002.5093,624.0757,808.8193,626.5367
0.0,0.27,0.0,472.83115,696.6931,267.77902,691.59875
0.03,0.27,0.0,534.6112,695.2093,329.882,691.29694
0.06,0.27,0.0,595.676,693.619,391.73624,690.7021
0.09,0.27,0.0,656.1723,692.1136,453.17554,690.1173
0.12,0.27,0.0,716.14435,690.75,514.1631,689.5729
0.15,0.27,0.0,774.9998,689.067,574.3742,688.6618
0.18,0.27,0.0,833.2272,687.4805,633.9731,687.83356
0.21,0.27,0.0,890.8579,685.92834,692.98267,687.064
0.24,0.27,0.0,947.0376,684.05963,750.9787,686.0892
0.27,0.27,0.0,1002.467,682.2742,808.4112,685.1763
0.0,0.0,0.0,475.30154,164.05232,286.747,160.57832
0.03,0.0,0.0,533.6261,162.9411,344.1407,159.55228
0.06,0.0,0.0,592.06464,162.02103,402.07053,158.75798
0.09,0.0,0.0,650.59576,161.18742,460.37363,158.13216
0.12,0.0,0.0,709.137,160.52829,518.94635,157.7463
0.15,0.0,0.0,767.62146,160.01953,577.62744,157.51651
0.18,0.0,0.0,825.91675,159.651,636.39355,157.37903
0.21,0.0,0.0,883.9538,159.47882,695.1201,157.39209
0.24,0.0,0.0,941.6015,159.55658,753.78766,157.48843
0.27,0.0,0.0,998.77527,159.81451,812.3005,157.776
0.0,0.03,0.0,474.71,219.86707,283.98572,216.1183
0.03,0.03,0.0,533.5131,218.84625,341.94965,215.29213
0.06,0.03,0.0,592.39386,217.9855,400.38275,214.67387
0.09,0.03,0.0,651.32654,217.19925,459.1677,214.25142
0.12,0.03,0.0,710.31213,216.5296,518.19855,213.9363
0.15,0.03,0.0,769.1875,215.90321,577.3363,213.7587
0.18,0.03,0.0,827.9853,215.45499,636.5122,213.65807
0.21,0.03,0.0,886.53064,215.11258,695.6621,213.61711
0.24,0.03,0.0,944.6853,214.98305,754.7733,213.67923
0.27,0.03,0.0,1002.38336,215.03262,813.7225,213.81786
0.0,0.06,0.0,474.24057,276.67963,281.437,272.70312
0.03,0.06,0.0,533.4281,275.79163,339.84476,272.10757
0.06,0.06,0.0,592.73364,274.94876,398.7806,271.63983
0.09,0.06,0.0,652.07745,274.19098,458.01715,271.34137
0.12,0.06,0.0,711.4381,273.50037,517.51056,271.1513
0.15,0.06,0.0,770.74,272.82852,577.0225,271.02
0.18,0.06,0.0,829.9844,272.23795,636.597,270.90887
0.21,0.06,0.0,888.9662,271.75104,696.1717,270.8335
0.24,0.06,0.0,947.614,271.4819,755.6521,270.84735
0.27,0.06,0.0,1005.7614,271.30728,814.9928,270.9101
0.0,0.09,0.0,473.8134,334.3638,279.0361,330.19736
0.03,0.09,0.0,533.4375,333.59412,337.97787,329.853
0.06,0.09,0.0,593.1139,332.72488,397.30026,329.45288
0.09,0.09,0.0,652.82666,331.96448,457.02106,329.25394
0.12,0.09,0.0,712.53656,331.32224,516.8757,329.2053
0.15,0.09,0.0,772.2291,330.61798,576.79364,329.1224
0.18,0.09,0.0,831.86444,329.89478,636.69855,328.9687
0.21,0.09,0.0,891.32104,329.30692,696.60785,328.89313
0.24,0.09,0.0,950.36536,328.90665,756.4601,328.90692
0.27,0.09,0.0,1009.0202,328.52676,816.2255,328.8058
0.0,0.12,0.0,473.48007,392.87955,276.84387,388.5868
0.03,0.12,0.0,533.5211,392.20798,336.22375,388.42346
0.06,0.12,0.0,593.5054,391.28326,395.90213,388.08932
0.09,0.12,0.0,653.6093,390.53397,456.0113,387.97546
0.12,0.12,0.0,713.63617,389.89185,516.30096,388.008
0.15,0.12,0.0,773.68243,389.16714,576.58594,387.9466
0.18,0.12,0.0,833.731,388.399,636.8114,387.80753
0.21,0.12,0.0,893.59827,387.6554,697.0617,387.65366
0.24,0.12,0.0,953.0098,387.19595,757.2287,387.68726
0.27,0.12,0.0,1012.06104,386.61514,817.37463,387.50897
0.0,0.15,0.0,473.23846,452.15097,274.8224,447.79593
0.03,0.15,0.0,533.5947,451.4273,334.5497,447.72034
0.06,0.15,0.0,593.9224,450.5713,394.61737,447.5376
0.09,0.15,0.0,654.3607,449.83456,455.0842,447.45544
0.12,0.15,0.0,714.7445,449.1596,515.7174,447.4796
0.15,0.15,0.0,775.1358,448.4179,576.32184,447.40457
0.18,0.15,0.0,835.5351,447.64493,636.921,447.30722
0.21,0.15,0.0,895.75854,446.83447,697.44556,447.13376
0.24,0.15,0.0,955.56274,446.22067,757.9495,447.08716
0.27,0.15,0.0,1014.959,445.53912,818.4408,446.94016
0.0,0.18,0.0,472.9789,512.1095,272.98352,507.6618
0.03,0.18,0.0,533.6676,511.3404,332.94623,507.66705
0.06,0.18,0.0,594.3835,510.5604,393.3977,507.66345
0.09,0.18,0.0,655.1163,509.85812,454.20316,507.5974
0.12,0.18,0.0,715.8534,509.1175,515.1325,507.57034
0.15,0.18,0.0,776.5807,508.34088,576.0429,507.5164
0.18,0.18,0.0,837.2661,507.57672,636.9788,507.41458
0.21,0.18,0.0,897.8538,506.72208,697.8296,507.26178
0.24,0.18,0.0,958.0626,505.9688,758.6674,507.14447
0.27,0.18,0.0,1017.7112,505.2154,819.4957,507.0366
0.0,0.21,0.0,472.76486,572.6825,271.22424,568.1037
0.03,0.21,0.0,533.793,571.92456,331.443,568.2645
0.06,0.21,0.0,594.8497,571.2098,392.25192,568.36426
0.09,0.21,0.0,655.90063,570.46136,453.33383,568.3642
0.12,0.21,0.0,716.9592,569.65784,514.5064,568.3221
0.15,0.21,0.0,778.0308,568.92145,575.8056,568.25226
0.18,0.21,0.0,839.02014,568.12494,637.0171,568.14667
0.21,0.21,0.0,899.9107,567.2873,698.2334,567.994
0.24,0.21,0.0,960.4016,566.38947,759.3808,567.93823
0.27,0.21,0.0,1020.3428,565.4493,820.52905,567.7453
0.0,0.24,0.0,472.56824,633.8801,269.60535,629.1023
0.03,0.24,0.0,533.9199,633.20734,330.11386,629.4273
0.06,0.24,0.0,595.3131,632.4829,391.18646,629.6482
0.09,0.24,0.0,656.6779,631.70844,452.4712,629.7331
0.12,0.24,0.0,718.10205,630.9099,513.90704,629.693
0.15,0.24,0.0,779.4388,630.168,575.5053,629.66345
0.18,0.24,0.0,840.73444,629.31146,637.05963,629.5626
0.21,0.24,0.0,901.9169,628.40393,698.62286,629.39685
0.24,0.24,0.0,962.5926,627.36395,760.10443,629.28784
0.27,0.24,0.0,1022.73663,626.24786,821.5046,629.1063
0.0,0.27,0.0,472.46027,695.64655,268.20157,690.478
0.03,0.27,0.0,534.1008,695.0291,328.90982,691.0328
0.06,0.27,0.0,595.7842,694.3225,390.20807,691.3884
0.09,0.27,0.0,657.4635,693.5731,451.65567,691.57227
0.12,0.27,0.0,719.22375,692.7868,513.309,691.6617
0.15,0.27,0.0,780.83685,691.9498,575.2423,691.62805
0.18,0.27,0.0,842.3411,691.0198,637.1164,691.55884
0.21,0.27,0.0,903.8053,689.99445,698.9687,691.4094
0.24,0.27,0.0,964.58734,688.7882,760.7217,691.19775
0.27,0.27,0.0,1024.9677,687.44604,822.4033,690.9373
0.0,0.0,0.0,466.66757,147.79636,269.85858,144.32646
0.03,0.0,0.0,527.65125,146.4293,329.79245,142.96194
0.06,0.0,0.0,588.8308,145.24774,390.3053,141.86325
0.09,0.0,0.0,650.14764,144.25275,451.34003,141.01953
0.12,0.0,0.0,711.50964,143.4088,512.6926,140.41779
0.15,0.0,0.0,772.823,142.7664,574.2591,139.99593
0.18,0.0,0.0,833.96783,142.33621,635.9225,139.75668
0.21,0.0,0.0,894.82935,142.10379,697.57043,139.65541
0.24,0.0,0.0,955.2513,142.21353,759.1518,139.74095
0.27,0.0,0.0,1015.08057,142.56891,820.61273,139.99443
0.0,0.03,0.0,467.91162,209.12689,270.66696,205.36674
0.03,0.03,0.0,528.80566,207.90012,330.58316,204.28143
0.06,0.03,0.0,589.8751,206.8389,391.0949,203.4458
0.09,0.03,0.0,651.0361,205.87254,452.01828,202.79626
0.12,0.03,0.0,712.22687,205.03452,513.2615,202.34329
0.15,0.03,0.0,773.3981,204.32361,574.6519,202.02464
0.18,0.03,0.0,834.44244,203.74194,636.13354,201.8189
0.21,0.03,0.0,895.2512,203.36879,697.60675,201.7248
0.24,0.03,0.0,955.64185,203.21732,759.01605,201.70877
0.27,0.03,0.0,1015.4841,203.32706,820.4198,201.83952
0.0,0.06,0.0,469.3486,270.37286,271.75595,266.3472
0.03,0.06,0.0,530.0684,269.31827,331.59692,265.53635
0.06,0.06,0.0,590.92566,268.3258,392.01178,264.92944
0.09,0.06,0.0,651.87714,267.42072,452.82947,264.49716
0.12,0.06,0.0,712.8812,266.55127,513.90234,264.13977
0.15,0.06,0.0,773.8688,265.7782,575.09796,263.91013
0.18,0.06,0.0,834.7552,265.09503,636.35065,263.71738
0.21,0.06,0.0,895.4246,264.5655,697.6264,263.59723
0.24,0.06,0.0,955.772,264.23114,758.8256,263.56815
0.27,0.06,0.0,1015.561,264.08966,819.93835,263.5848
0.0,0.09,0.0,470.81363,331.3753,273.05502,327.16193
0.03,0.09,0.0,531.38586,330.4022,332.86304,326.60962
0.06,0.09,0.0,592.0635,329.48285,393.0842,326.1532
0.09,0.09,0.0,652.745,328.56332,453.7024,325.8473
0.12,0.09,0.0,713.4844,327.72226,514.65247,325.6244
0.15,0.09,0.0,774.23315,326.9695,575.5877,325.40497
0.18,0.09,0.0,834.94037,326.22162,636.5737,325.26855
0.21,0.09,0.0,895.484,325.57983,697.5784,325.19257
0.24,0.09,0.0,955.6159,325.07513,758.5219,325.06363
0.27,0.09,0.0,1015.3486,324.73444,819.40247,325.00876
0.0,0.12,0.0,472.42676,392.011,274.6292,387.67337
0.03,0.12,0.0,532.7768,391.08545,334.3364,387.27246
0.06,0.12,0.0,593.1388,390.22464,394.3001,387.02472
0.09,0.12,0.0,653.55774,389.33685,454.7233,386.7792
0.12,0.12,0.0,714.02246,388.48236,515.41583,386.58295
0.15,0.12,0.0,774.5131,387.67618,576.0884,386.43542
0.18,0.12,0.0,835.0198,386.9492,636.7694,386.37018
0.21,0.12,0.0,895.4219,386.24588,697.50726,386.2703
0.24,0.12,0.0,955.3131,385.59036,758.11554,386.11023
0.27,0.12,0.0,1014.8879,385.10434,818.78595,386.03583
0.0,0.15,0.0,474.1113,452.09988,276.45435,447.69406
0.03,0.15,0.0,534.14844,451.22733,335.86255,447.47147
0.06,0.15,0.0,594.223,450.44394,395.62802,447.35825
0.09,0.15,0.0,654.3959,449.57748,455.82126,447.19934
0.12,0.15,0.0,714.5773,448.72223,516.17255,447.03156
0.15,0.15,0.0,774.8039,447.9184,576.6003,446.91284
0.18,0.15,0.0,835.0164,447.1651,636.9729,446.8115
0.21,0.15,0.0,895.18677,446.4524,697.3587,446.73666
0.24,0.15,0.0,954.88086,445.70328,757.68695,446.57376
0.27,0.15,0.0,1014.2554,445.07755,818.0594,446.43756
0.0,0.18,0.0,475.76038,511.64572,278.41312,507.23578
0.03,0.18,0.0,535.5211,510.84576,337.46832,507.1597
0.06,0.18,0.0,595.33215,510.08432,397.0642,507.08237
0.09,0.18,0.0,655.19507,509.2512,456.9399,506.9933
0.12,0.18,0.0,715.1065,508.41522,516.9888,506.87964
0.15,0.18,0.0,775.04376,507.62527,577.07434,506.7292
0.18,0.18,0.0,834.98517,506.8448,637.1301,506.63754
0.21,0.18,0.0,894.8335,506.1213,697.20465,506.60303
0.24,0.18,0.0,954.35675,505.356,757.26184,506.4443
0.27,0.18,0.0,1013.371,504.52875,817.30066,506.29712
0.0,0.21,0.0,477.4592,570.6415,280.45703,566.13995
0.03,0.21,0.0,536.9117,569.9054,339.18945,566.22546
0.06,0.21,0.0,596.432,569.0649,398.495,566.1876
0.09,0.21,0.0,656.02057,568.26373,458.0669,566.1086
0.12,0.21,0.0,715.6501,567.56036,517.7581,566.0999
0.15,0.21,0.0,775.28174,566.72,577.52057,565.9437
0.18,0.21,0.0,834.8866,565.95044,637.30304,565.8325
0.21,0.21,0.0,894.4434,565.1857,697.03925,565.78375
0.24,0.21,0.0,953.65717,564.33344,756.80804,565.672
0.27,0.21,0.0,1012.398,563.4449,816.5451,565.5418
0.0,0.24,0.0,479.15036,629.0994,282.61942,624.3877
0.03,0.24,0.0,538.2657,628.3827,341.0184,624.60986
0.06,0.24,0.0,597.54095,627.5048,400.0299,624.6256
0.09,0.24,0.0,656.8216,626.7756,459.16513,624.6644
0.12,0.24,0.0,716.1411,626.12115,518.48553,624.77765
0.15,0.24,0.0,775.49615,625.2467,577.9831,624.5579
0.18,0.24,0.0,834.7758,624.4377,637.40656,624.45056
0.21,0.24,0.0,893.95825,623.7,696.89966,624.44965
0.24,0.24,0.0,952.8072,622.7091,756.3567,624.2706
0.27,0.24,0.0,1011.2028,621.70215,815.7355,624.1808
0.0,0.27,0.0,480.8488,686.92804,284.92255,681.89294
0.03,0.27,0.0,539.6954,686.1872,342.96643,682.2227
0.06,0.27,0.0,598.64355,685.2952,401.5976,682.254
0.09,0.27,0.0,657.6348,684.60254,460.38345,682.44135
0.12,0.27,0.0,716.6614,684.13776,519.2444,682.7735
0.15,0.27,0.0,775.6279,683.1308,578.4129,682.49615
0.18,0.27,0.0,834.5691,682.2764,637.5551,682.41125
0.21,0.27,0.0,893.46844,681.55853,696.7214,682.50745
0.24,0.27,0.0,951.81067,680.32556,755.8158,682.1889
0.27,0.27,0.0,1009.88477,679.2176,814.8721,682.0521
0.0,0.0,0.0,614.2105,259.15753,422.21347,255.97101
0.03,0.0,0.0,672.32825,256.47577,479.17264,253.72539
0.06,0.0,0.0,731.1486,253.81181,537.0067,251.52055
0.09,0.0,0.0,790.63257,251.19829,595.65186,249.37744
0.12,0.0,0.0,850.75244,248.66565,655.05414,247.31204
0.15,0.0,0.0,911.34515,246.31119,715.192,245.24806
0.18,0.0,0.0,972.20905,244.11009,775.9903,243.24527
0.21,0.0,0.0,1033.2031,242.14519,837.35675,241.30994
0.24,0.0,0.0,1094.0905,240.38025,899.25446,239.49434
0.27,0.0,0.0,1154.7219,238.92801,961.4681,237.86482
0.0,0.03,0.0,615.3557,317.6701,422.4503,314.53772
0.03,0.03,0.0,673.55566,315.34723,479.56915,312.72992
0.06,0.03,0.0,732.4549,312.992,537.4903,310.99808
0.09,0.03,0.0,792.06067,310.68497,596.2213,309.28494
0.12,0.03,0.0,852.279,308.4682,655.6729,307.56726
0.15,0.03,0.0,913.0259,306.29163,715.8477,305.86087
0.18,0.03,0.0,974.1391,304.27548,776.71875,304.14188
0.21,0.03,0.0,1035.3759,302.43954,838.2549,302.49762
0.24,0.03,0.0,1096.5063,300.77823,900.2934,300.9359
0.27,0.03,0.0,1157.3698,299.3395,962.6971,299.491
0.0,0.06,0.0,616.5071,376.34174,422.79688,373.32468
0.03,0.06,0.0,674.7417,374.35846,479.9624,371.98645
0.06,0.06,0.0,733.7015,372.4043,537.9888,370.66382
0.09,0.06,0.0,793.3811,370.42822,596.76434,369.343
0.12,0.06,0.0,853.72864,368.51263,656.26276,368.027
0.15,0.06,0.0,914.5826,366.6073,716.4548,366.66254
0.18,0.06,0.0,975.8474,364.79956,777.3824,365.28973
0.21,0.06,0.0,1037.2733,363.12613,839.00104,363.90906
0.24,0.06,0.0,1098.5806,361.5541,901.1872,362.6731
0.27,0.06,0.0,1159.6201,360.19177,963.7401,361.44562
0.0,0.09,0.0,617.6294,435.08835,423.14322,432.2326
0.03,0.09,0.0,675.9491,433.5162,480.515,431.31458
0.06,0.09,0.0,734.9197,431.8609,538.49725,430.38443
0.09,0.09,0.0,794.6607,430.2921,597.3073,429.45032
0.12,0.09,0.0,855.09406,428.68463,656.83594,428.5158
0.15,0.09,0.0,916.04846,427.1307,717.02325,427.5458
0.18,0.09,0.0,977.4118,425.56082,778.0098,426.50247
0.21,0.09,0.0,1038.9319,424.07864,839.6846,425.5086
0.24,0.09,0.0,1100.3436,422.6962,901.9445,424.53766
0.27,0.09,0.0,1161.5358,421.3289,964.5725,423.59653
0.0,0.12,0.0,618.8031,493.9071,423.6607,491.2441
0.03,0.12,0.0,677.18066,492.68433,481.06577,490.68613
0.06,0.12,0.0,736.1447,491.48135,539.00433,490.13696
0.09,0.12,0.0,795.9116,490.1909,597.8185,489.56998
0.12,0.12,0.0,856.3617,488.94897,657.4201,488.955
0.15,0.12,0.0,917.3816,487.70584,717.6132,488.37726
0.18,0.12,0.0,978.7863,486.44363,778.55963,487.75763
0.21,0.12,0.0,1040.4019,485.1924,840.2623,487.15164
0.24,0.12,0.0,1101.8373,483.9239,902.5716,486.46756
0.27,0.12,0.0,1163.0825,482.69482,965.25464,485.83633
0.0,0.15,0.0,620.0088,552.7499,424.21158,550.2334
0.03,0.15,0.0,678.35583,551.91675,481.57553,550.0533
0.06,0.15,0.0,737.3525,551.0672,539.4933,549.91833
0.09,0.15,0.0,797.15796,550.19,598.37946,549.7009
0.12,0.15,0.0,857.6364,549.26025,657.90137,549.4557
0.15,0.15,0.0,918.61676,548.35675,718.14124,549.2583
0.18,0.15,0.0,980.0316,547.3742,779.13574,549.0162
0.21,0.15,0.0,1041.6356,546.3487,840.8058,548.7971
0.24,0.15,0.0,1103.0634,545.2434,903.1078,548.4754
0.27,0.15,0.0,1164.2428,544.04553,965.772,548.11505
0.0,0.18,0.0,621.2105,611.58356,424.83337,609.1532
0.03,0.18,0.0,679.51404,611.13544,482.04312,609.435
0.06,0.18,0.0,738.5762,610.66003,540.0803,609.63556
0.09,0.18,0.0,798.39453,610.13995,598.9348,609.7852
0.12,0.18,0.0,858.77435,609.58105,658.43134,609.9722
0.15,0.18,0.0,919.7591,608.9492,718.684,610.1432
0.18,0.18,0.0,981.0774,608.2309,779.6596,610.2881
0.21,0.18,0.0,1042.5951,607.4273,841.29694,610.3992
0.24,0.18,0.0,1103.9913,606.45276,903.53076,610.4094
0.27,0.18,0.0,1164.992,605.3204,966.11414,610.30426
0.0,0.21,0.0,622.38007,670.4319,425.443,668.0111
0.03,0.21,0.0,680.68115,670.3593,482.60846,668.7249
0.06,0.21,0.0,739.80164,670.2194,540.672,669.30945
0.09,0.21,0.0,799.52936,670.02594,599.4681,669.8569
0.12,0.21,0.0,859.88513,669.79224,658.9156,670.45026
0.15,0.21,0.0,920.75604,669.41486,719.18933,670.9572
0.18,0.21,0.0,981.96765,668.912,780.1213,671.43774
0.21,0.21,0.0,1043.3298,668.2972,841.6949,671.89624
0.24,0.21,0.0,1104.5524,667.46716,903.81525,672.1887
0.27,0.21,0.0,1165.4812,666.3985,966.29553,672.34973
0.0,0.24,0.0,623.5515,729.2189,426.16122,726.68054
0.03,0.24,0.0,681.8809,729.48083,483.23605,727.8395
0.06,0.24,0.0,740.978,729.5888,541.3308,728.7953
0.09,0.24,0.0,800.62524,729.7537,600.02075,729.8022
0.12,0.24,0.0,860.8621,729.89825,659.387,730.83575
0.15,0.24,0.0,921.586,729.6689,719.6373,731.6529
0.18,0.24,0.0,982.62695,729.38184,780.50653,732.4415
0.21,0.24,0.0,1043.822,728.924,841.97327,733.218
0.24,0.24,0.0,1104.8066,728.1298,903.93195,733.7124
0.27,0.24,0.0,1165.4955,727.1169,966.213,734.0867
0.0,0.27,0.0,624.7375,787.7566,426.9341,785.0448
0.03,0.27,0.0,683.0341,788.31287,483.97733,786.6068
0.06,0.27,0.0,742.05096,788.70654,542.0103,787.9623
0.09,0.27,0.0,801.59595,789.12585,600.59644,789.3651
0.12,0.27,0.0,861.6806,789.6337,659.79785,790.92377
0.15,0.27,0.0,922.19806,789.53906,719.9931,791.9617
0.18,0.27,0.0,983.04474,789.3791,780.74915,793.05225
0.21,0.27,0.0,1043.9836,789.1221,842.065,794.15717
0.24,0.27,0.0,1104.6595,788.2538,903.82654,794.74945
0.27,0.27,0.0,1165.199,787.3319,965.92065,795.338
0.0,0.0,0.0,614.4011,242.28667,412.90933,238.90451
0.03,0.0,0.0,675.58374,243.43,475.16852,240.52676
0.06,0.0,0.0,735.98083,244.64508,536.82043,242.28995
0.09,0.0,0.0,795.6443,245.93301,597.8506,244.09172
0.12,0.0,0.0,854.4065,247.32477,658.1568,245.98094
0.15,0.0,0.0,912.2131,248.85753,717.671,247.8828
0.18,0.0,0.0,968.96045,250.5109,776.40845,249.83348
0.21,0.0,0.0,1024.5333,252.31725,834.2509,251.85258
0.24,0.0,0.0,1078.76,254.29102,891.2168,253.94148
0.27,0.0,0.0,1131.6268,256.4272,947.158,256.14813
0.0,0.03,0.0,614.75616,304.0111,412.23447,300.71896
0.03,0.03,0.0,676.0312,304.78485,474.6623,302.05136
0.06,0.03,0.0,736.50903,305.5757,536.44824,303.5076
0.09,0.03,0.0,796.2324,306.4731,597.5537,305.0227
0.12,0.03,0.0,855.1015,307.4034,657.8973,306.5333
0.15,0.03,0.0,913.06274,308.43268,717.467,308.07236
0.18,0.03,0.0,969.9676,309.55646,776.24054,309.59036
0.21,0.03,0.0,1025.6967,310.82928,834.253,311.15927
0.24,0.03,0.0,1080.1421,312.2122,891.3091,312.76352
0.27,0.03,0.0,1133.182,313.7519,947.3987,314.4575
0.0,0.06,0.0,615.145,365.92624,411.71918,362.79953
0.03,0.06,0.0,676.40356,366.3904,474.2435,363.868
0.06,0.06,0.0,736.98083,366.77576,536.1028,364.98944
0.09,0.06,0.0,796.75226,367.24155,597.26227,366.15265
0.12,0.06,0.0,855.69855,367.72726,657.63116,367.2969
0.15,0.06,0.0,913.7548,368.3086,717.20746,368.42136
0.18,0.06,0.0,970.8163,368.93854,776.087,369.50455
0.21,0.06,0.0,1026.6909,369.65915,834.1313,370.63547
0.24,0.06,0.0,1081.2616,370.51398,891.29803,371.81638
0.27,0.06,0.0,1134.436,371.4385,947.4698,373.0028
0.0,0.09,0.0,615.52014,427.97293,411.27383,425.01355
0.03,0.09,0.0,676.77637,428.0362,473.8743,425.7752
0.06,0.09,0.0,737.4329,428.0555,535.7775,426.53452
0.09,0.09,0.0,797.2603,428.13184,596.99084,427.31717
0.12,0.09,0.0,856.20123,428.23227,657.33093,428.06473
0.15,0.09,0.0,914.3201,428.3734,716.9231,428.79904
0.18,0.09,0.0,971.5355,428.51,775.8283,429.49094
0.21,0.09,0.0,1027.5254,428.73282,833.9681,430.2104
0.24,0.09,0.0,1082.0394,429.03076,891.0947,430.97354
0.27,0.09,0.0,1135.3451,429.3419,947.41766,431.70804
0.0,0.12,0.0,615.9088,490.0881,410.9246,487.34048
0.03,0.12,0.0,677.17285,489.7641,473.52945,487.70026
0.06,0.12,0.0,737.8718,489.44394,535.5156,488.10715
0.09,0.12,0.0,797.7086,489.11273,596.682,488.47916
0.12,0.12,0.0,856.6296,488.798,657.0008,488.8234
0.15,0.12,0.0,914.7712,488.5148,716.5607,489.18387
0.18,0.12,0.0,972.0359,488.2076,775.54767,489.5164
0.21,0.12,0.0,1028.1581,487.94016,833.75494,489.85602
0.24,0.12,0.0,1082.5896,487.6808,890.8324,490.15524
0.27,0.12,0.0,1136.0099,487.43265,947.2252,490.47748
0.0,0.15,0.0,616.2954,552.2432,410.61346,549.62494
0.03,0.15,0.0,677.5632,551.52014,473.21893,549.668
0.06,0.15,0.0,738.2969,550.83356,535.201,549.6951
0.09,0.15,0.0,798.1137,550.1424,596.38043,549.6668
0.12,0.15,0.0,857.07654,549.41907,656.67267,549.6169
0.15,0.15,0.0,915.1589,548.6823,716.2667,549.56714
0.18,0.15,0.0,972.38153,547.9733,775.2032,549.5354
0.21,0.15,0.0,1028.5072,547.1812,833.46185,549.5081
0.24,0.15,0.0,1082.996,546.3791,890.54645,549.3802
0.27,0.15,0.0,1136.2981,545.5615,946.8426,549.2875
0.0,0.18,0.0,616.65436,614.3596,410.36676,611.8718
0.03,0.18,0.0,677.9899,613.2752,472.91913,611.5762
0.06,0.18,0.0,738.6141,612.209,534.8464,611.2355
0.09,0.18,0.0,798.4118,611.114,596.0084,610.8111
0.12,0.18,0.0,857.41095,610.00037,656.3592,610.3892
0.15,0.18,0.0,915.4639,608.79767,715.93774,609.97
0.18,0.18,0.0,972.5845,607.59784,774.86566,609.5692
0.21,0.18,0.0,1028.6116,606.37946,833.01953,609.1491
0.24,0.18,0.0,1083.1927,605.0237,890.2063,608.6279
0.27,0.18,0.0,1136.2726,603.5883,946.3322,608.0065
0.0,0.21,0.0,617.0672,676.47955,410.23337,673.9842
0.03,0.21,0.0,678.41724,675.04913,472.68002,673.4073
0.06,0.21,0.0,738.92145,673.54364,534.5134,672.6834
0.09,0.21,0.0,798.6907,672.0192,595.6368,671.9017
0.12,0.21,0.0,857.7114,670.5093,656.0545,671.1652
0.15,0.21,0.0,915.6718,668.89343,715.61316,670.328
0.18,0.21,0.0,972.6258,667.1251,774.4474,669.48456
0.21,0.21,0.0,1028.5428,665.3768,832.55273,668.66815
0.24,0.21,0.0,1082.9746,663.4722,889.6488,667.6641
0.27,0.21,0.0,1135.9712,661.4261,945.74066,666.60126
0.0,0.24,0.0,617.51135,738.50055,410.19446,735.90894
0.03,0.24,0.0,678.7695,736.66455,472.5293,735.0235
0.06,0.24,0.0,739.19775,734.70416,534.2441,733.93536
0.09,0.24,0.0,798.9133,732.7783,595.30066,732.8708
0.12,0.24,0.0,857.939,730.8801,655.7227,731.81836
0.15,0.24,0.0,915.6718,728.67365,715.21783,730.52344
0.18,0.24,0.0,972.4585,726.4646,773.9529,729.26
0.21,0.24,0.0,1028.266,724.15356,832.017,727.99036
0.24,0.24,0.0,1082.4966,721.64056,888.96765,726.4785
0.27,0.24,0.0,1135.3894,718.9929,944.9532,724.9487
0.0,0.27,0.0,617.9907,800.21326,410.33215,797.4048
0.03,0.27,0.0,679.1318,797.97363,472.4875,796.24524
0.06,0.27,0.0,739.389,795.512,534.04034,794.79913
0.09,0.27,0.0,799.00226,793.15265,594.98645,793.4212
0.12,0.27,0.0,858.01996,790.88855,655.3973,792.1776
0.15,0.27,0.0,915.45056,788.10333,714.73175,790.3927
0.18,0.27,0.0,972.0927,785.32263,773.3927,788.668
0.21,0.27,0.0,1027.7788,782.52893,831.3853,787.0151
0.24,0.27,0.0,1081.5935,779.2845,888.07074,784.9411
0.27,0.27,0.0,1134.4906,776.1297,944.00085,782.9051
0.0,0.0,0.0,612.1666,259.16626,419.7273,255.94824
0.03,0.0,0.0,671.1003,258.4027,478.62357,255.64047
0.06,0.0,0.0,729.95233,257.6976,537.6249,255.44395
0.09,0.0,0.0,788.8355,257.05923,596.7492,255.3254
0.12,0.0,0.0,847.5277,256.5454,655.878,255.23587
0.15,0.0,0.0,905.99097,256.17978,714.96313,255.23914
0.18,0.0,0.0,964.02734,255.96129,773.9675,255.29166
0.21,0.0,0.0,1021.5376,255.94014,832.81586,255.40863
0.24,0.0,0.0,1078.2773,256.0957,891.4099,255.61736
0.27,0.0,0.0,1134.216,256.48444,949.60986,255.9975
0.0,0.03,0.0,612.66486,316.4469,418.43387,313.2837
0.03,0.03,0.0,671.9607,315.65405,477.74515,313.05032
0.06,0.03,0.0,731.23175,314.94604,537.15015,312.92987
0.09,0.03,0.0,790.4683,314.2564,596.65155,312.84393
0.12,0.03,0.0,849.5791,313.66055,656.13043,312.811
0.15,0.03,0.0,908.4177,313.15518,715.56635,312.76566
0.18,0.03,0.0,966.9735,312.7585,774.9333,312.74194
0.21,0.03,0.0,1024.9116,312.5159,834.1649,312.73972
0.24,0.03,0.0,1082.1428,312.46234,893.2018,312.85736
0.27,0.03,0.0,1138.4829,312.55457,951.85486,313.04977
0.0,0.06,0.0,613.20996,374.4415,417.1769,371.41586
0.03,0.06,0.0,672.81635,373.6923,476.87692,371.29193
0.06,0.06,0.0,732.47437,372.93008,536.7166,371.18906
0.09,0.06,0.0,792.04816,372.22324,596.5183,371.14124
0.12,0.06,0.0,851.5638,371.58188,656.3593,371.0971
0.15,0.06,0.0,910.8309,370.94168,716.0948,371.032
0.18,0.06,0.0,969.76404,370.41843,775.85974,370.92242
0.21,0.06,0.0,1028.1542,369.981,835.44385,370.87228
0.24,0.06,0.0,1085.7955,369.72363,894.8894,370.89688
0.27,0.06,0.0,1142.537,369.51968,953.92316,370.94833
0.0,0.09,0.0,613.6925,433.15756,415.9764,430.28195
0.03,0.09,0.0,673.68884,432.43497,476.0995,430.237
0.06,0.09,0.0,733.6816,431.62848,536.23706,430.10364
0.09,0.09,0.0,793.6381,430.8982,596.41327,430.07877
0.12,0.09,0.0,853.46075,430.21002,656.5268,430.04688
0.15,0.09,0.0,913.116,429.53168,716.6172,429.98706
0.18,0.09,0.0,972.49756,428.86084,776.7007,429.77304
0.21,0.09,0.0,1031.2858,428.27365,836.69904,429.67923
0.24,0.09,0.0,1089.2028,427.79156,896.479,429.67972
0.27,0.09,0.0,1146.335,427.28278,955.92664,429.57654
0.0,0.12,0.0,614.2698,492.56805,414.8673,489.83026
0.03,0.12,0.0,674.57007,491.86966,475.33655,489.83374
0.06,0.12,0.0,734.89703,491.03564,535.7679,489.69815
0.09,0.12,0.0,795.20526,490.28238,596.27704,489.64377
0.12,0.12,0.0,855.34863,489.58203,656.7252,489.6166
0.15,0.12,0.0,915.35016,488.80234,717.1213,489.51785
0.18,0.12,0.0,975.0502,488.02063,777.56067,489.35492
0.21,0.12,0.0,1034.237,487.2424,837.9196,489.1748
0.24,0.12,0.0,1092.3928,486.58557,897.9671,489.13135
0.27,0.12,0.0,1149.8555,485.79565,957.78204,488.9393
0.0,0.15,0.0,614.82947,552.64716,413.77512,550.0512
0.03,0.15,0.0,675.46106,551.9085,474.54007,550.0262
0.06,0.15,0.0,736.1192,551.11224,535.31506,549.934
0.09,0.15,0.0,796.74084,550.33057,596.12933,549.83636
0.12,0.15,0.0,857.1632,549.5706,656.90497,549.7771
0.15,0.15,0.0,917.5225,548.7413,717.63574,549.67706
0.18,0.15,0.0,977.51636,547.8829,778.3628,549.5234
0.21,0.15,0.0,1036.9733,546.9075,839.06384,549.34924
0.24,0.15,0.0,1095.424,546.0043,899.41614,549.1896
0.27,0.15,0.0,1153.0436,544.9837,959.47345,548.9382
0.0,0.18,0.0,615.3928,613.3865,412.75946,610.83777
0.03,0.18,0.0,676.3482,612.6126,473.74512,610.8762
0.06,0.18,0.0,737.32135,611.83093,534.8495,610.79834
0.09,0.18,0.0,798.23065,611.05884,595.9896,610.7071
0.12,0.18,0.0,859.0308,610.2102,657.0777,610.63513
0.15,0.18,0.0,919.628,609.30914,718.12415,610.5102
0.18,0.18,0.0,979.7897,608.30444,779.1363,610.3609
0.21,0.18,0.0,1039.4609,607.18066,840.11945,610.1362
0.24,0.18,0.0,1098.216,605.9826,900.8097,609.8633
0.27,0.18,0.0,1155.9528,604.66785,961.0591,609.4841
0.0,0.21,0.0,615.9911,674.7158,411.8101,672.1387
0.03,0.21,0.0,677.24817,673.9541,473.02527,672.25366
0.06,0.21,0.0,738.52795,673.1461,534.4351,672.2483
0.09,0.21,0.0,799.7308,672.30756,595.8282,672.18396
0.12,0.21,0.0,860.8048,671.37805,657.2442,672.06323
0.15,0.21,0.0,921.56915,670.37024,718.6079,671.9206
0.18,0.21,0.0,981.93207,669.2077,779.9075,671.71405
0.21,0.21,0.0,1041.7686,667.88214,841.10785,671.44867
0.24,0.21,0.0,1100.6602,666.37036,902.0207,671.0382
0.27,0.21,0.0,1158.5382,664.75586,962.5043,670.50574
0.0,0.24,0.0,616.6019,736.57367,410.94214,733.8602
0.03,0.24,0.0,678.1586,735.84296,472.3949,734.10565
0.06,0.24,0.0,739.6907,735.0024,534.02155,734.1807
0.09,0.24,0.0,801.13837,734.0888,595.6977,734.1434
0.12,0.24,0.0,862.49347,733.0702,657.3977,734.08997
0.15,0.24,0.0,923.3964,731.8563,719.00586,733.8648
0.18,0.24,0.0,983.86554,730.4723,780.5901,733.6008
0.21,0.24,0.0,1043.852,728.8902,842.0233,733.1929
0.24,0.24,0.0,1102.781,727.096,903.06757,732.6382
0.27,0.24,0.0,1160.7738,725.10864,963.7037,731.85406
0.0,0.27,0.0,617.2078,798.8472,410.19742,795.8652
0.03,0.27,0.0,679.038,798.0726,471.82776,796.24255
0.06,0.27,0.0,740.7715,797.13654,533.6848,796.38257
0.09,0.27,0.0,802.44244,796.11786,595.55835,796.4131
0.12,0.27,0.0,864.046,794.9837,657.5053,796.4063
0.15,0.27,0.0,925.01013,793.552,719.35974,796.0778
0.18,0.27,0.0,985.5541,791.9477,781.12866,795.7034
0.21,0.27,0.0,1045.6512,790.09717,842.77924,795.24194
0.24,0.27,0.0,1104.468,787.94086,903.91296,794.40533
0.27,0.27,0.0,1162.6295,785.562,964.6728,793.48413
0.0,0.0,0.0,609.8603,246.95323,408.65933,243.68965
0.03,0.0,0.0,671.6353,246.0172,470.34488,243.21559
0.06,0.0,0.0,733.40906,245.19612,532.24615,242.8674
0.09,0.0,0.0,795.1399,244.45567,594.2745,242.62582
0.12,0.0,0.0,856.7272,243.87283,656.37555,242.47795
0.15,0.0,0.0,918.0195,243.43375,718.41113,242.36703
0.18,0.0,0.0,978.8685,243.22505,780.3765,242.34007
0.21,0.0,0.0,1039.076,243.2546,842.20825,242.48006
0.24,0.0,0.0,1098.428,243.56345,903.69543,242.70493
0.27,0.0,0.0,1156.8049,244.07368,964.81305,243.15303
0.0,0.03,0.0,610.8976,308.98962,409.7083,305.83316
0.03,0.03,0.0,672.4294,308.05746,471.2374,305.44006
0.06,0.03,0.0,733.9762,307.21844,532.9306,305.20306
0.09,0.03,0.0,795.4843,306.45212,594.7046,305.01688
0.12,0.03,0.0,856.8871,305.7562,656.5114,304.8963
0.15,0.03,0.0,918.0538,305.17694,718.3002,304.7782
0.18,0.03,0.0,978.78107,304.76605,780.0371,304.68088
0.21,0.03,0.0,1038.9186,304.5548,841.6422,304.7175
0.24,0.03,0.0,1098.2361,304.5287,902.9792,304.80914
0.27,0.03,0.0,1156.561,304.70996,963.93427,305.03125
0.0,0.06,0.0,611.9593,370.59573,410.88474,367.56308
0.03,0.06,0.0,673.20306,369.71967,472.21457,367.3182
0.06,0.06,0.0,734.4767,368.87027,533.61755,367.1322
0.09,0.06,0.0,795.74115,368.04596,595.1118,367.017
0.12,0.06,0.0,856.9113,367.35016,656.64233,366.85617
0.15,0.06,0.0,917.88403,366.5913,718.12964,366.71927
0.18,0.06,0.0,978.48694,366.0493,779.6009,366.6243
0.21,0.06,0.0,1038.5154,365.62512,840.96106,366.51852
0.24,0.06,0.0,1097.6785,365.3369,902.1262,366.5258
0.27,0.06,0.0,1155.9037,365.19458,962.8762,366.58447
0.0,0.09,0.0,612.9667,431.67346,412.08624,428.81262
0.03,0.09,0.0,673.9487,430.78333,473.2079,428.61432
0.06,0.09,0.0,734.9597,429.9898,534.35126,428.50677
0.09,0.09,0.0,795.9638,429.14963,595.5654,428.37033
0.12,0.09,0.0,856.86865,428.33496,656.74756,428.20947
0.15,0.09,0.0,917.5955,427.5863,717.89764,428.07428
0.18,0.09,0.0,978.03455,426.93686,779.0853,427.93848
0.21,0.09,0.0,1037.8607,426.3359,840.20337,427.84357
0.24,0.09,0.0,1096.8304,425.78177,901.0758,427.71725
0.27,0.09,0.0,1154.9635,425.32303,961.6234,427.69974
0.0,0.12,0.0,614.02515,492.1963,413.44373,489.51163
0.03,0.12,0.0,674.696,491.29016,474.24228,489.2909
0.06,0.12,0.0,735.4314,490.55032,535.0515,489.26035
0.09,0.12,0.0,796.1467,489.70395,595.9548,489.09268
0.12,0.12,0.0,856.75024,488.84476,656.8405,488.91467
0.15,0.12,0.0,917.19293,488.0346,717.6555,488.73068
0.18,0.12,0.0,977.41626,487.30548,778.54364,488.64584
0.21,0.12,0.0,1037.0432,486.56973,839.3991,488.56482
0.24,0.12,0.0,1095.6913,485.77637,899.9328,488.34555
0.27,0.12,0.0,1153.6337,485.08002,960.27905,488.27167
0.0,0.15,0.0,615.0529,552.1007,414.80307,549.5068
0.03,0.15,0.0,675.4431,551.2332,475.24857,549.3937
0.06,0.15,0.0,735.88184,550.5189,535.7728,549.35345
0.09,0.15,0.0,796.31165,549.6873,596.3693,549.209
0.12,0.15,0.0,856.5904,548.79083,656.8982,548.9922
0.15,0.15,0.0,916.7362,547.9445,717.44244,548.8255
0.18,0.15,0.0,976.59045,547.10516,777.9781,548.72595
0.21,0.15,0.0,1035.9789,546.2748,838.53595,548.6619
0.24,0.15,0.0,1094.3657,545.2347,898.76184,548.4022
0.27,0.15,0.0,1151.9635,544.2664,958.73676,548.18585
0.0,0.18,0.0,616.10657,611.41516,416.19135,608.8321
0.03,0.18,0.0,676.15936,610.6194,476.238,608.84644
0.06,0.18,0.0,736.2757,609.8593,536.47217,608.77765
0.09,0.18,0.0,796.3817,608.9942,596.731,608.60254
0.12,0.18,0.0,856.3942,608.1465,656.96515,608.4541
0.15,0.18,0.0,916.16925,607.21686,717.16876,608.3045
0.18,0.18,0.0,975.65186,606.29224,777.3925,608.18536
0.21,0.18,0.0,1034.6305,605.2632,837.56903,608.0772
0.24,0.18,0.0,1092.7705,604.12256,897.5251,607.8076
0.27,0.18,0.0,1149.9905,602.80707,957.0358,607.4378
0.0,0.21,0.0,617.1094,670.1091,417.6357,667.5339
0.03,0.21,0.0,676.88806,669.3759,477.32538,667.6058
0.06,0.21,0.0,736.6655,668.5074,537.20325,667.48737
0.09,0.21,0.0,796.40814,667.6687,597.1082,667.37036
0.12,0.21,0.0,856.1158,666.8396,657.0168,667.32745
0.15,0.21,0.0,915.49646,665.7886,716.9133,667.124
0.18,0.21,0.0,974.57526,664.6839,776.78345,666.9447
0.21,0.21,0.0,1033.1382,663.54156,836.5702,666.8013
0.24,0.21,0.0,1090.925,662.1574,896.1229,666.44824
0.27,0.21,0.0,1147.7594,660.6205,955.26715,665.93146
0.0,0.24,0.0,618.1406,728.1982,419.1559,725.4229
0.03,0.24,0.0,677.5884,727.46124,478.41678,725.5968
0.06,0.24,0.0,737.0093,726.4797,537.95,725.4538
0.09,0.24,0.0,796.43463,725.61743,597.48773,725.44476
0.12,0.24,0.0,855.7536,724.8342,657.0473,725.52014
0.15,0.24,0.0,914.701,723.58264,716.59216,725.1993
0.18,0.24,0.0,973.3089,722.30035,776.0836,724.97437
0.21,0.24,0.0,1031.4773,721.02277,835.4836,724.7638
0.24,0.24,0.0,1088.7534,719.3538,894.5828,724.22687
0.27,0.24,0.0,1145.1881,717.5741,953.344,723.64557
0.0,0.27,0.0,619.1765,785.5004,420.75684,782.4731
0.03,0.27,0.0,678.2662,784.6668,479.6513,782.6621
0.06,0.27,0.0,737.3193,783.57056,538.7538,782.5277
0.09,0.27,0.0,796.2996,782.66626,597.8808,782.5789
0.12,0.27,0.0,855.2777,781.96893,657.07465,782.8824
0.15,0.27,0.0,913.715,780.4892,716.2189,782.3824
0.18,0.27,0.0,971.85315,779.01434,775.3127,782.06165
0.21,0.27,0.0,1029.6263,777.65155,834.3392,781.9165
0.24,0.27,0.0,1086.3171,775.5094,892.8927,781.0606
0.27,0.27,0.0,1142.38,773.56805,951.2527,780.39325
0.0,0.0,0.0,477.0379,360.0972,284.12613,355.8762
0.03,0.0,0.0,534.41815,357.94775,339.7693,354.1612
0.06,0.0,0.0,592.58374,355.8195,396.52194,352.562
0.09,0.0,0.0,651.5019,353.67838,454.29675,350.9799
0.12,0.0,0.0,711.2464,351.5058,512.9983,349.44925
0.15,0.0,0.0,771.73535,349.35608,572.4738,347.9656
0.18,0.0,0.0,832.9288,347.2493,632.76984,346.45923
0.21,0.0,0.0,894.6996,345.16302,693.8063,344.927
0.24,0.0,0.0,956.92676,343.19577,755.5794,343.39124
0.27,0.0,0.0,1019.4074,341.37363,818.11993,341.88132
0.0,0.03,0.0,478.09888,418.93054,284.30542,414.64645
0.03,0.03,0.0,535.5525,417.21384,340.04688,413.47626
0.06,0.03,0.0,593.76666,415.44513,396.9129,412.31656
0.09,0.03,0.0,652.73956,413.68045,454.76846,411.20584
0.12,0.03,0.0,712.5284,411.93637,513.5172,410.12097
0.15,0.03,0.0,773.02325,410.1536,573.0304,409.0169
0.18,0.03,0.0,834.30505,408.38422,633.3692,407.929
0.21,0.03,0.0,896.1744,406.645,694.4059,406.77573
0.24,0.03,0.0,958.5203,404.94595,756.22974,405.64615
0.27,0.03,0.0,1021.15497,403.33347,818.7995,404.45923
0.0,0.06,0.0,479.22058,477.85135,284.6356,473.55548
0.03,0.06,0.0,536.6932,476.51624,340.43417,472.8675
0.06,0.06,0.0,594.92566,475.15802,397.3597,472.1963
0.09,0.06,0.0,653.9628,473.7891,455.26572,471.50546
0.12,0.06,0.0,713.7809,472.4155,514.0873,470.83118
0.15,0.06,0.0,774.3343,471.0379,573.6234,470.1176
0.18,0.06,0.0,835.64777,469.63983,633.91235,469.39966
0.21,0.06,0.0,897.5556,468.2142,694.96545,468.67093
0.24,0.06,0.0,959.9961,466.8413,756.8246,467.89227
0.27,0.06,0.0,1022.6674,465.4657,819.4112,467.11102
0.0,0.09,0.0,480.30136,536.8139,285.07782,532.5046
0.03,0.09,0.0,537.8856,535.8513,341.0003,532.2905
0.06,0.09,0.0,596.0838,534.9109,397.8261,532.06964
0.09,0.09,0.0,655.1402,533.91205,455.77206,531.80725
0.12,0.09,0.0,715.016,532.9377,514.62006,531.49927
0.15,0.09,0.0,775.557,531.9339,574.1843,531.181
0.18,0.09,0.0,836.8886,530.9141,634.4572,530.86475
0.21,0.09,0.0,898.86835,529.9168,695.5404,530.5276
0.24,0.09,0.0,961.2811,528.83154,757.35205,530.1817
0.27,0.09,0.0,1023.9863,527.68256,819.97974,529.84
0.0,0.12,0.0,481.51685,595.7954,285.76962,591.3798
0.03,0.12,0.0,539.1146,595.21954,341.7045,591.68854
0.06,0.12,0.0,597.2624,594.69556,398.3692,591.9623
0.09,0.12,0.0,656.3771,594.0767,456.29077,592.1103
0.12,0.12,0.0,716.2733,593.4487,515.18567,592.17914
0.15,0.12,0.0,776.8457,592.83386,574.7093,592.26074
0.18,0.12,0.0,838.1404,592.2237,634.9958,592.34485
0.21,0.12,0.0,900.11176,591.57495,696.0432,592.41425
0.24,0.12,0.0,962.4417,590.73956,757.94214,592.45337
0.27,0.12,0.0,1025.0917,589.8706,820.52704,592.50116
0.0,0.15,0.0,482.77853,654.70593,286.66812,650.1265
0.03,0.15,0.0,540.30066,654.5631,342.42188,650.94434
0.06,0.15,0.0,598.4756,654.4645,399.02234,651.7518
0.09,0.15,0.0,657.5761,654.242,456.89603,652.3495
0.12,0.15,0.0,717.48224,653.9925,515.729,652.828
0.15,0.15,0.0,778.0725,653.74493,575.2673,653.3286
0.18,0.15,0.0,839.32306,653.4726,635.5516,653.8044
0.21,0.15,0.0,901.1926,653.1182,696.5724,654.31946
0.24,0.15,0.0,963.4678,652.5725,758.4758,654.6807
0.27,0.15,0.0,1025.973,651.9228,820.9708,655.06995
0.0,0.18,0.0,484.11874,713.5172,287.74188,708.62476
0.03,0.18,0.0,541.50006,713.8226,343.24265,710.02563
0.06,0.18,0.0,599.7475,714.10156,399.91287,711.27747
0.09,0.18,0.0,658.83936,714.2972,457.64868,712.36945
0.12,0.18,0.0,718.6727,714.4403,516.307,713.36426
0.15,0.18,0.0,779.1938,714.5211,575.78955,714.2841
0.18,0.18,0.0,840.38214,714.5562,636.09125,715.17377
0.21,0.18,0.0,902.14734,714.48615,697.084,716.05896
0.24,0.18,0.0,964.27454,714.1904,758.8705,716.8449
0.27,0.18,0.0,1026.5659,713.68,821.347,717.4956
0.0,0.21,0.0,485.51422,772.07623,288.96646,766.817
0.03,0.21,0.0,542.82916,772.844,344.2783,768.74805
0.06,0.21,0.0,601.1074,773.5244,400.89713,770.4518
0.09,0.21,0.0,660.0901,774.0782,458.49777,772.05927
0.12,0.21,0.0,719.7874,774.6698,516.9257,773.6153
0.15,0.21,0.0,780.2704,775.0124,576.3677,774.9446
0.18,0.21,0.0,841.335,775.33124,636.57886,776.22736
0.21,0.21,0.0,902.8984,775.51074,697.54175,777.5296
0.24,0.21,0.0,964.833,775.41376,759.2279,778.6332
0.27,0.21,0.0,1026.9034,775.0408,821.5381,779.5843
0.0,0.24,0.0,486.97467,830.2522,290.38995,824.4981
0.03,0.24,0.0,544.2167,831.5152,345.56244,827.01935
0.06,0.24,0.0,602.42145,832.5018,402.10022,829.196
0.09,0.24,0.0,661.2821,833.5057,459.46335,831.3511
0.12,0.24,0.0,720.8223,834.53284,517.62366,833.4799
0.15,0.24,0.0,781.212,835.1079,576.99475,835.18274
0.18,0.24,0.0,842.10065,835.60895,637.10895,836.8581
0.21,0.24,0.0,903.46783,836.07465,697.87885,838.56396
0.24,0.24,0.0,965.13245,836.0617,759.4657,839.8894
0.27,0.24,0.0,1026.9198,835.7947,821.5954,841.1531
0.0,0.27,0.0,488.57382,887.8883,292.0212,881.5994
0.03,0.27,0.0,545.71674,889.539,347.08554,884.61346
0.06,0.27,0.0,603.8111,890.8406,403.4563,887.2542
0.09,0.27,0.0,662.49225,892.25604,460.57108,889.92944
0.12,0.27,0.0,721.80646,893.7905,518.4434,892.6906
0.15,0.27,0.0,782.0046,894.5304,577.6935,894.7721
0.18,0.27,0.0,842.6874,895.24396,637.615,896.8357
0.21,0.27,0.0,903.7584,895.9512,698.16766,898.96484
0.24,0.27,0.0,965.12384,895.8954,759.5409,900.45685
0.27,0.27,0.0,1026.5643,895.81244,821.42505,902.0204
