0.0,0.0,0.0,479.35977,162.0218,291.02228,159.48418
0.03,0.0,0.0,536.385,158.53154,345.88354,156.10704
0.06,0.0,0.0,594.21265,155.1646,401.82083,152.93463
0.09,0.0,0.0,652.7627,151.88834,458.83057,149.87526
0.12,0.0,0.0,712.0546,148.7046,516.8166,146.96507
0.15,0.0,0.0,771.9271,145.66179,575.6486,144.22453
0.18,0.0,0.0,832.37244,142.77228,635.34174,141.55818
0.21,0.0,0.0,893.1981,140.07043,695.7156,139.01353
0.24,0.0,0.0,954.32855,137.64194,756.77637,136.56812
0.27,0.0,0.0,1015.5636,135.49106,818.43207,134.33215
0.0,0.03,0.0,480.12204,219.84633,290.32138,216.77509
0.03,0.03,0.0,537.3391,216.78394,345.4139,213.96768
0.06,0.03,0.0,595.3092,213.80074,401.59134,211.28485
0.09,0.03,0.0,653.99426,210.88417,458.79337,208.77515
0.12,0.03,0.0,713.40607,208.05005,516.9356,206.37164
0.15,0.03,0.0,773.4794,205.2535,575.92883,204.03314
0.18,0.03,0.0,834.0794,202.57259,635.7583,201.75095
0.21,0.03,0.0,895.16833,200.04346,696.258,199.52591
0.24,0.03,0.0,956.581,197.73027,757.4895,197.41411
0.27,0.03,0.0,1018.1112,195.6456,819.3688,195.36206
0.0,0.06,0.0,481.01428,278.1061,289.9074,274.60144
0.03,0.06,0.0,538.34845,275.5105,345.1456,272.31998
0.06,0.06,0.0,596.39545,272.90808,401.49805,270.168
0.09,0.06,0.0,655.2101,270.36322,458.87415,268.15408
0.12,0.06,0.0,714.7203,267.83597,517.17017,266.17896
0.15,0.06,0.0,774.8864,265.3245,576.2376,264.3094
0.18,0.06,0.0,835.67053,262.86624,636.13904,262.40027
0.21,0.06,0.0,896.9691,260.5544,696.7374,260.54324
0.24,0.06,0.0,958.59106,258.4142,758.0921,258.72488
0.27,0.06,0.0,1020.3448,256.44583,820.1025,256.96036
0.0,0.09,0.0,481.94614,336.6535,289.63675,332.75595
0.03,0.09,0.0,539.4484,334.4875,345.1554,331.0442
0.06,0.09,0.0,597.5295,332.2552,401.55048,329.34796
0.09,0.09,0.0,656.3856,330.06903,459.0329,327.7829
0.12,0.09,0.0,715.9816,327.89957,517.5051,326.3418
0.15,0.09,0.0,776.2395,325.72284,576.64276,324.83902
0.18,0.09,0.0,837.1188,323.5446,636.5024,323.27747
0.21,0.09,0.0,898.5605,321.4583,697.1971,321.80527
0.24,0.09,0.0,960.366,319.51328,758.63116,320.37662
0.27,0.09,0.0,1022.34357,317.6655,820.73816,318.90515
0.0,0.12,0.0,483.03827,395.37692,289.6157,391.20404
0.03,0.12,0.0,540.6086,393.62924,345.3117,389.96182
0.06,0.12,0.0,598.65125,391.7802,401.69147,388.76663
0.09,0.12,0.0,657.58295,389.92004,459.33368,387.62952
0.12,0.12,0.0,717.23627,388.1181,517.87714,386.57742
0.15,0.12,0.0,777.5145,386.26657,577.0464,385.5019
0.18,0.12,0.0,838.484,384.40027,636.9477,384.3775
0.21,0.12,0.0,900.03516,382.57413,697.5972,383.23886
0.24,0.12,0.0,961.9516,380.90002,759.08624,382.16232
0.27,0.12,0.0,1024.1265,379.23123,821.2397,381.03177
0.0,0.15,0.0,484.1693,454.2086,289.85626,449.74133
0.03,0.15,0.0,541.75104,452.77225,345.50717,449.0254
0.06,0.15,0.0,599.8142,451.32062,401.9951,448.2715
0.09,0.15,0.0,658.743,449.8467,459.6622,447.59808
0.12,0.15,0.0,718.4256,448.39005,518.2585,446.8961
0.15,0.15,0.0,778.75134,446.91315,577.46765,446.20358
0.18,0.15,0.0,839.7711,445.39618,637.37054,445.49335
0.21,0.15,0.0,901.35913,443.8822,698.0102,444.74756
0.24,0.15,0.0,963.3798,442.45453,759.5211,444.01453
0.27,0.15,0.0,1025.6151,441.04678,821.7129,443.2669
0.0,0.18,0.0,485.32373,513.06494,290.1843,508.39752
0.03,0.18,0.0,542.81647,511.99548,345.73184,508.13507
0.06,0.18,0.0,601.0362,510.88882,402.42224,507.84888
0.09,0.18,0.0,659.9806,509.79752,460.12985,507.54178
0.12,0.18,0.0,719.6139,508.6906,518.6422,507.24554
0.15,0.18,0.0,779.9246,507.5434,577.8513,506.91034
0.18,0.18,0.0,840.98834,506.44537,637.7797,506.568
0.21,0.18,0.0,902.6327,505.26154,698.4515,506.24985
0.24,0.18,0.0,964.67816,504.08282,759.8986,505.8824
0.27,0.18,0.0,1026.909,502.953,822.13806,505.4934
0.0,0.21,0.0,486.43042,571.92737,290.64044,567.04175
0.03,0.21,0.0,543.9215,571.2249,346.13562,567.2466
0.06,0.21,0.0,602.21344,570.4497,402.92896,567.3961
0.09,0.21,0.0,661.17474,569.69946,460.58554,567.48096
0.12,0.21,0.0,720.7637,568.962,518.97015,567.56366
0.15,0.21,0.0,781.13336,568.2592,578.23566,567.60486
0.18,0.21,0.0,842.1813,567.4613,638.2038,567.6527
0.21,0.21,0.0,903.7973,566.65576,698.84607,567.7368
0.24,0.21,0.0,965.81866,565.7971,760.3098,567.7227
0.27,0.21,0.0,1028.0206,564.82104,822.53265,567.79395
0.0,0.24,0.0,487.51733,630.813,291.20593,625.586
0.03,0.24,0.0,545.02985,630.47687,346.6837,626.2989
0.06,0.24,0.0,603.3959,630.05835,403.53207,626.8522
0.09,0.24,0.0,662.3354,629.67615,461.04813,627.3997
0.12,0.24,0.0,721.8954,629.3882,519.25836,627.9159
0.15,0.24,0.0,782.3079,628.923,578.5935,628.3162
0.18,0.24,0.0,843.2999,628.5123,638.5835,628.74207
0.21,0.24,0.0,904.8725,628.07416,699.23126,629.25446
0.24,0.24,0.0,966.8034,627.4203,760.70544,629.64044
0.27,0.24,0.0,1028.9277,626.66095,822.8747,630.03253
0.0,0.27,0.0,488.66995,689.62463,291.93637,683.9469
0.03,0.27,0.0,546.2293,689.6607,347.40765,685.16223
0.06,0.27,0.0,604.5987,689.58307,404.17883,686.1349
0.09,0.27,0.0,663.53143,689.59283,461.61304,687.1468
0.12,0.27,0.0,723.00415,689.6999,519.6723,688.2177
0.15,0.27,0.0,783.3915,689.54504,579.0062,688.9448
0.18,0.27,0.0,844.33673,689.42426,638.9766,689.79675
0.21,0.27,0.0,905.8014,689.2966,699.5464,690.708
0.24,0.27,0.0,967.56793,688.7489,761.069,691.3544
0.27,0.27,0.0,1029.5717,688.2546,823.1323,692.1243
0.0,0.0,0.0,472.63303,347.5566,269.1273,343.3584
0.03,0.0,0.0,535.1636,348.06622,331.75732,344.40512
0.06,0.0,0.0,597.0262,348.62646,394.15692,345.56314
0.09,0.0,0.0,658.09894,349.18365,456.13345,346.85303
0.12,0.0,0.0,718.4313,349.74338,517.5416,348.203
0.15,0.0,0.0,777.95795,350.34656,578.30145,349.57373
0.18,0.0,0.0,836.7207,350.95178,638.21594,350.94272
0.21,0.0,0.0,894.58057,351.6315,697.43524,352.29837
0.24,0.0,0.0,951.4957,352.40982,755.9164,353.64087
0.27,0.0,0.0,1007.2728,353.2889,813.655,355.00952
0.0,0.03,0.0,472.9277,409.96332,268.28064,405.44864
0.03,0.03,0.0,535.5614,410.12698,331.0593,406.28506
0.06,0.03,0.0,597.387,410.29706,393.5717,407.20264
0.09,0.03,0.0,658.4569,410.4876,455.60687,408.16278
0.12,0.03,0.0,718.8006,410.67578,517.068,409.17563
0.15,0.03,0.0,778.38153,410.87234,577.82556,410.17902
0.18,0.03,0.0,837.1665,411.10104,637.7911,411.17233
0.21,0.03,0.0,895.1316,411.3432,697.05524,412.1444
0.24,0.03,0.0,952.1042,411.64447,755.49426,413.10867
0.27,0.03,0.0,1008.0029,412.04794,813.30096,414.0779
0.0,0.06,0.0,473.24026,472.4272,267.65747,467.6847
0.03,0.06,0.0,535.8689,472.21973,330.46033,468.28867
0.06,0.06,0.0,597.7773,472.03046,393.03214,468.87473
0.09,0.06,0.0,658.8351,471.83783,455.10513,469.52307
0.12,0.06,0.0,719.16547,471.63596,516.6196,470.17264
0.15,0.06,0.0,778.75464,471.46426,577.3716,470.78143
0.18,0.06,0.0,837.6051,471.2782,637.3538,471.4064
0.21,0.06,0.0,895.589,471.0905,696.5964,471.97787
0.24,0.06,0.0,952.627,470.9758,755.1034,472.59772
0.27,0.06,0.0,1008.5005,470.8652,812.8897,473.1743
0.0,0.09,0.0,473.57718,535.01776,267.20508,529.94525
0.03,0.09,0.0,536.2174,534.3982,330.04214,530.35443
0.06,0.09,0.0,598.1208,533.76587,392.56265,530.65
0.09,0.09,0.0,659.2315,533.17737,454.6822,530.8976
0.12,0.09,0.0,719.4963,532.6067,516.14014,531.16077
0.15,0.09,0.0,779.0675,532.03705,576.9212,531.3818
0.18,0.09,0.0,838.0046,531.4758,636.9303,531.61426
0.21,0.09,0.0,896.0367,530.93274,696.2025,531.8486
0.24,0.09,0.0,952.9646,530.36664,754.6271,532.0603
0.27,0.09,0.0,1008.921,529.76953,812.47736,532.2796
0.0,0.12,0.0,473.95288,597.52734,266.92758,592.1769
0.03,0.12,0.0,536.52795,596.4987,329.72476,592.3055
0.06,0.12,0.0,598.4906,595.54297,392.18835,592.3507
0.09,0.12,0.0,659.5858,594.56494,454.2682,592.2855
0.12,0.12,0.0,719.8191,593.57556,515.7133,592.12585
0.15,0.12,0.0,779.3978,592.6153,576.4149,591.99225
0.18,0.12,0.0,838.3272,591.7139,636.47144,591.869
0.21,0.12,0.0,896.3742,590.77075,695.8155,591.71515
0.24,0.12,0.0,953.1383,589.6935,754.1712,591.55237
0.27,0.12,0.0,1009.0982,588.6259,812.0273,591.3831
0.0,0.15,0.0,474.35822,659.9312,266.95673,654.18854
0.03,0.15,0.0,536.91266,658.6093,329.55066,654.12885
0.06,0.15,0.0,598.8121,657.3402,391.91226,653.9446
0.09,0.15,0.0,659.911,655.95526,453.89682,653.56525
0.12,0.15,0.0,720.1523,654.5743,515.28174,653.0774
0.15,0.15,0.0,779.71185,653.2172,575.9708,652.586
0.18,0.15,0.0,838.56116,651.89197,636.0316,652.07495
0.21,0.15,0.0,896.5806,650.5183,695.3266,651.6108
0.24,0.15,0.0,953.25977,648.95905,753.7438,651.0086
0.27,0.15,0.0,1009.0644,647.3818,811.4966,650.44543
0.0,0.18,0.0,474.87082,722.20544,267.17834,715.9266
0.03,0.18,0.0,537.3248,720.6489,329.5319,715.7078
0.06,0.18,0.0,599.1496,718.99695,391.77744,715.29205
0.09,0.18,0.0,660.17,717.22675,453.60287,714.6305
0.12,0.18,0.0,720.4416,715.4876,514.9044,713.88055
0.15,0.18,0.0,779.94586,713.6945,575.54315,713.05707
0.18,0.18,0.0,838.68884,711.9134,635.5329,712.20416
0.21,0.18,0.0,896.55255,710.09875,694.8246,711.3521
0.24,0.18,0.0,953.2631,708.0379,753.2511,710.37244
0.27,0.18,0.0,1008.7984,705.923,810.8611,709.3387
0.0,0.21,0.0,475.47183,784.20905,267.64594,777.2592
0.03,0.21,0.0,537.8102,782.3942,329.76776,776.9461
0.06,0.21,0.0,599.4856,780.3196,391.80148,776.2487
0.09,0.21,0.0,660.44006,778.21606,453.46414,775.3735
0.12,0.21,0.0,720.7151,776.1615,514.63965,774.45465
0.15,0.21,0.0,780.0977,773.92316,575.17145,773.2803
0.18,0.21,0.0,838.66034,771.63586,635.06433,772.04767
0.21,0.21,0.0,896.4408,769.3127,694.2828,770.82355
0.24,0.21,0.0,952.97107,766.8053,752.66956,769.4527
0.27,0.21,0.0,1008.3999,764.16144,810.17725,767.97394
0.0,0.24,0.0,476.2494,845.7324,268.43652,838.0031
0.03,0.24,0.0,538.37134,843.64105,330.2959,837.5579
0.06,0.24,0.0,599.8513,841.189,392.04092,836.6723
0.09,0.24,0.0,660.732,838.808,453.4673,835.6567
0.12,0.24,0.0,720.9483,836.4679,514.4664,834.56915
0.15,0.24,0.0,780.13104,833.6841,574.8415,833.0285
0.18,0.24,0.0,838.5145,830.9213,634.59406,831.47833
0.21,0.24,0.0,896.1501,828.17957,693.74567,829.9654
0.24,0.24,0.0,952.4507,825.1009,751.9289,828.1265
0.27,0.24,0.0,1007.7079,821.8844,809.3482,826.17957
0.0,0.27,0.0,477.14023,906.60846,269.52652,898.04504
0.03,0.27,0.0,539.0435,904.20215,331.07184,897.44574
0.06,0.27,0.0,600.2816,901.4041,392.52707,896.33105
0.09,0.27,0.0,660.9549,898.6987,453.67728,895.1941
0.12,0.27,0.0,721.10834,896.13104,514.46686,894.0408
0.15,0.27,0.0,780.0384,892.8589,574.5858,892.1668
0.18,0.27,0.0,838.2185,889.59564,634.1474,890.29095
0.21,0.27,0.0,895.7191,886.4499,693.15314,888.5025
0.24,0.27,0.0,951.6376,882.67053,751.0707,886.0967
0.27,0.27,0.0,1006.75226,879.0089,808.3944,883.78955
0.0,0.0,0.0,477.54172,359.20947,283.25824,355.2072
0.03,0.0,0.0,536.9425,358.47778,341.72818,354.93976
0.06,0.0,0.0,596.347,357.75665,400.59314,354.84534
0.09,0.0,0.0,655.7216,357.0312,459.7807,354.77594
0.12,0.0,0.0,715.09937,356.37076,519.15845,354.83145
0.15,0.0,0.0,774.3832,355.66843,578.52686,354.89658
0.18,0.0,0.0,833.561,355.0412,637.91956,354.97693
0.21,0.0,0.0,892.5821,354.46106,697.25433,355.0735
0.24,0.0,0.0,951.23706,353.99,756.542,355.09207
0.27,0.0,0.0,1009.44495,353.61823,815.797,355.20624
0.0,0.03,0.0,477.2765,417.62006,281.04153,413.25708
0.03,0.03,0.0,537.0443,416.8723,339.90982,413.17566
0.06,0.03,0.0,596.76385,416.1649,399.1801,413.14633
0.09,0.03,0.0,656.4789,415.4725,458.74588,413.16187
0.12,0.03,0.0,716.1532,414.7606,518.4482,413.24402
0.15,0.03,0.0,775.8133,414.03455,578.17615,413.32935
0.18,0.03,0.0,835.33545,413.34097,637.8656,413.3909
0.21,0.03,0.0,894.7248,412.6732,697.499,413.45398
0.24,0.03,0.0,953.76807,412.0718,757.16547,413.50793
0.27,0.03,0.0,1012.34894,411.55542,816.735,413.55594
0.0,0.06,0.0,477.01334,476.69055,278.97775,472.07965
0.03,0.06,0.0,537.1239,475.94598,338.18954,472.13852
0.06,0.06,0.0,597.2133,475.23837,397.80252,472.1778
0.09,0.06,0.0,657.2247,474.50467,457.70584,472.2347
0.12,0.06,0.0,717.219,473.75876,517.77966,472.31836
0.15,0.06,0.0,777.18463,473.04163,577.7822,472.38638
0.18,0.06,0.0,837.08154,472.27826,637.79517,472.4271
0.21,0.06,0.0,896.8021,471.569,697.76294,472.47833
0.24,0.06,0.0,956.2215,470.8945,757.71747,472.52615
0.27,0.06,0.0,1015.098,470.18253,817.661,472.532
0.0,0.09,0.0,476.7442,536.3868,277.01318,531.4941
0.03,0.09,0.0,537.19073,535.66705,336.57355,531.7174
0.06,0.09,0.0,597.597,534.87976,396.46094,531.78094
0.09,0.09,0.0,657.96,534.12866,456.6743,531.8898
0.12,0.09,0.0,718.27325,533.4117,517.05133,532.00006
0.15,0.09,0.0,778.5612,532.67834,577.4077,532.05475
0.18,0.09,0.0,838.7843,531.8895,637.73615,532.057
0.21,0.09,0.0,898.88574,531.1004,698.024,532.0798
0.24,0.09,0.0,958.48535,530.3354,758.2795,532.14777
0.27,0.09,0.0,1017.70856,529.47003,818.5495,532.1315
0.0,0.12,0.0,476.55133,596.73566,275.2751,591.5199
0.03,0.12,0.0,537.3383,596.08167,335.09088,591.8812
0.06,0.12,0.0,598.00415,595.2401,395.16992,592.05023
0.09,0.12,0.0,658.70984,594.48456,455.6799,592.21063
0.12,0.12,0.0,719.35565,593.7397,516.3709,592.31055
0.15,0.12,0.0,779.9349,592.97003,577.01465,592.381
0.18,0.12,0.0,840.50305,592.1461,637.66376,592.36896
0.21,0.12,0.0,900.84814,591.2898,698.2997,592.35767
0.24,0.12,0.0,960.6892,590.3999,758.8435,592.4092
0.27,0.12,0.0,1020.17114,589.37,819.41187,592.37256
0.0,0.15,0.0,476.399,657.71063,273.73654,652.0317
0.03,0.15,0.0,537.4253,657.0252,333.66367,652.5205
0.06,0.15,0.0,598.3891,656.2476,393.98248,652.85474
0.09,0.15,0.0,659.4423,655.48254,454.70123,653.07434
0.12,0.15,0.0,720.41986,654.6825,515.6832,653.1829
0.15,0.15,0.0,781.28033,653.8767,576.65594,653.2649
0.18,0.15,0.0,842.11487,652.995,637.58954,653.2928
0.21,0.15,0.0,902.74133,652.01733,698.557,653.27203
0.24,0.15,0.0,962.7867,650.97186,759.40216,653.26685
0.27,0.15,0.0,1022.42065,649.7549,820.21655,653.18146
0.0,0.18,0.0,476.29926,719.1791,272.39627,712.87787
0.03,0.18,0.0,537.5368,718.55835,332.39523,713.5828
0.06,0.18,0.0,598.8253,717.8263,392.91446,714.0809
0.09,0.18,0.0,660.1801,717.0499,453.87003,714.43286
0.12,0.18,0.0,721.42725,716.26196,514.9969,714.62665
0.15,0.18,0.0,782.5868,715.3086,576.23773,714.7805
0.18,0.18,0.0,843.57886,714.3307,637.50757,714.7924
0.21,0.18,0.0,904.4385,713.2569,698.7493,714.7492
0.24,0.18,0.0,964.7073,711.9535,759.9022,714.6824
0.27,0.18,0.0,1024.4077,710.521,820.92804,714.4962
0.0,0.21,0.0,476.29276,780.9871,271.32837,773.9442
0.03,0.21,0.0,537.75287,780.47217,331.3627,774.90704
0.06,0.21,0.0,599.3058,779.78424,392.07425,775.59796
0.09,0.21,0.0,660.89166,778.9641,453.1719,776.0549
0.12,0.21,0.0,722.3982,778.1378,514.4361,776.421
0.15,0.21,0.0,783.8028,777.1233,575.9105,776.57446
0.18,0.21,0.0,845.01447,775.99585,637.44794,776.6439
0.21,0.21,0.0,905.97473,774.743,698.93365,776.60516
0.24,0.21,0.0,966.386,773.2611,760.3221,776.4294
0.27,0.21,0.0,1026.1685,771.56744,821.5343,776.1431
0.0,0.24,0.0,476.45953,842.98584,270.45264,835.10815
0.03,0.24,0.0,538.0738,842.57153,330.61002,836.35046
0.06,0.24,0.0,599.83685,841.89777,391.4728,837.20245
0.09,0.24,0.0,661.57996,841.1357,452.60544,837.869
0.12,0.24,0.0,723.3351,840.249,513.9834,838.3912
0.15,0.24,0.0,784.86646,839.09546,575.6268,838.59296
0.18,0.24,0.0,846.2311,837.8287,637.3365,838.6603
0.21,0.24,0.0,907.3317,836.37805,699.0393,838.6442
0.24,0.24,0.0,967.8063,834.69855,760.608,838.38074
0.27,0.24,0.0,1027.6414,832.66986,821.9953,837.91534
0.0,0.27,0.0,476.75735,904.9848,269.9464,896.144
0.03,0.27,0.0,538.5096,904.65076,330.1555,897.6666
0.06,0.27,0.0,600.41473,903.9821,391.06537,898.70984
0.09,0.27,0.0,662.2757,903.23785,452.25803,899.5761
0.12,0.27,0.0,724.18787,902.45404,513.6138,900.3645
0.15,0.27,0.0,785.8343,901.10596,575.4352,900.576
0.18,0.27,0.0,847.2824,899.65265,637.2488,900.6862
0.21,0.27,0.0,908.4758,898.0536,699.08057,900.68524
0.24,0.27,0.0,968.8331,895.9205,760.7196,900.19293
0.27,0.27,0.0,1028.7933,893.68085,822.2415,899.64777
0.0,0.0,0.0,468.53165,351.86148,265.50836,347.80023
0.03,0.0,0.0,530.78485,350.977,326.63782,347.41528
0.06,0.0,0.0,593.1003,350.11932,388.31924,347.1647
0.09,0.0,0.0,655.3825,349.33368,450.31644,347.00702
0.12,0.0,0.0,717.68616,348.5277,512.6433,346.96698
0.15,0.0,0.0,779.9569,347.72586,575.00757,346.98953
0.18,0.0,0.0,842.1232,347.02158,637.3896,347.01694
0.21,0.0,0.0,904.05725,346.38678,699.76025,347.00052
0.24,0.0,0.0,965.65326,345.9049,762.1599,347.04434
0.27,0.0,0.0,1026.654,345.56927,824.4067,347.16855
0.0,0.03,0.0,470.24448,414.0321,267.10092,409.65933
0.03,0.03,0.0,532.2262,413.18085,328.026,409.46075
0.06,0.03,0.0,594.2301,412.35382,389.52148,409.31558
0.09,0.03,0.0,656.24023,411.5682,451.31772,409.27112
0.12,0.03,0.0,718.22235,410.7433,513.3221,409.2821
0.15,0.03,0.0,780.23114,409.92383,575.38965,409.28674
0.18,0.03,0.0,842.1123,409.16855,637.4525,409.31317
0.21,0.03,0.0,903.8753,408.4776,699.4956,409.355
0.24,0.03,0.0,965.2119,407.85168,761.5479,409.37286
0.27,0.03,0.0,1026.0345,407.30527,823.57605,409.43024
0.0,0.06,0.0,471.99078,475.63004,268.89648,471.00842
0.03,0.06,0.0,533.6809,474.8167,329.57465,470.97604
0.06,0.06,0.0,595.3958,473.99915,390.77814,470.94275
0.09,0.06,0.0,657.0675,473.19708,452.31467,470.93707
0.12,0.06,0.0,718.7711,472.35873,514.02386,470.96747
0.15,0.06,0.0,780.4299,471.55795,575.8106,470.98642
0.18,0.06,0.0,842.07684,470.78543,637.5141,470.99817
0.21,0.06,0.0,903.55365,470.03284,699.2265,471.04648
0.24,0.06,0.0,964.6651,469.3117,760.9515,471.07126
0.27,0.06,0.0,1025.2103,468.5994,822.668,471.08377
0.0,0.09,0.0,473.684,536.6537,270.78275,531.7672
0.03,0.09,0.0,535.1184,535.7899,331.23325,531.836
0.06,0.09,0.0,596.48956,535.02405,392.08453,531.94946
0.09,0.09,0.0,657.913,534.20245,453.29858,531.9996
0.12,0.09,0.0,719.2659,533.3392,514.7405,531.9813
0.15,0.09,0.0,780.6461,532.5499,576.1545,532.00385
0.18,0.09,0.0,841.97943,531.8168,637.54126,532.04474
0.21,0.09,0.0,903.15076,531.03845,698.9764,532.1093
0.24,0.09,0.0,963.9037,530.1654,760.34735,532.07574
0.27,0.09,0.0,1024.237,529.3579,821.74036,532.1258
0.0,0.12,0.0,475.42526,597.0523,272.9206,591.8468
0.03,0.12,0.0,536.54193,596.1663,333.0396,591.98865
0.06,0.12,0.0,597.5994,595.483,393.45462,592.33044
0.09,0.12,0.0,658.6988,594.6314,454.3269,592.4109
0.12,0.12,0.0,719.77,593.73425,515.4481,592.34955
0.15,0.12,0.0,780.80975,592.93024,576.518,592.345
0.18,0.12,0.0,841.8441,592.2124,637.60004,592.4646
0.21,0.12,0.0,902.7163,591.4161,698.70166,592.5399
0.24,0.12,0.0,963.03577,590.3622,759.7307,592.4396
0.27,0.12,0.0,1023.0188,589.44434,820.7921,592.5165
0.0,0.15,0.0,477.24326,656.7343,275.25458,651.10095
0.03,0.15,0.0,537.95374,655.9426,334.8997,651.4672
0.06,0.15,0.0,598.6618,655.3074,394.92377,651.9284
0.09,0.15,0.0,659.4947,654.45355,455.4262,652.06573
0.12,0.15,0.0,720.24243,653.5451,516.1595,652.04126
0.15,0.15,0.0,780.943,652.7098,576.8619,652.09875
0.18,0.15,0.0,841.60474,651.90027,637.63245,652.1844
0.21,0.15,0.0,902.1394,651.096,698.4061,652.3124
0.24,0.15,0.0,962.0606,649.9462,759.1262,652.1712
0.27,0.15,0.0,1021.60944,648.802,819.7769,652.1762
0.0,0.18,0.0,479.06882,715.6733,277.75626,709.5247
0.03,0.18,0.0,539.3614,715.0886,336.84464,710.1853
0.06,0.18,0.0,599.77277,714.38556,396.53146,710.66504
0.09,0.18,0.0,660.23566,713.5225,456.61316,710.87036
0.12,0.18,0.0,720.6869,712.6787,516.87317,711.0496
0.15,0.18,0.0,781.04266,711.78046,577.2584,711.115
0.18,0.18,0.0,841.3063,710.9158,637.6504,711.19836
0.21,0.18,0.0,901.3368,709.9475,698.0754,711.3048
0.24,0.18,0.0,960.9478,708.72534,758.4513,711.22046
0.27,0.18,0.0,1020.002,707.3533,818.6923,711.04944
0.0,0.21,0.0,480.94653,773.8402,280.3727,767.03937
0.03,0.21,0.0,540.84656,773.3534,339.00247,767.94867
0.06,0.21,0.0,600.8973,772.58954,398.275,768.4566
0.09,0.21,0.0,660.9638,771.7608,457.90012,768.81726
0.12,0.21,0.0,721.0299,771.02747,517.6624,769.214
0.15,0.21,0.0,781.00684,769.9985,577.66156,769.31195
0.18,0.21,0.0,840.8223,768.99774,637.6846,769.3569
0.21,0.21,0.0,900.4575,767.93646,697.73065,769.49194
0.24,0.21,0.0,959.6234,766.5541,757.7162,769.36145
0.27,0.21,0.0,1018.1997,764.9789,817.5538,769.1174
0.0,0.24,0.0,482.92203,831.08746,283.18613,823.5665
0.03,0.24,0.0,542.38293,830.6625,341.3465,824.649
0.06,0.24,0.0,602.03845,829.83746,400.1765,825.2067
0.09,0.24,0.0,661.6836,829.09827,459.23633,825.8163
0.12,0.24,0.0,721.3699,828.4813,518.5516,826.44904
0.15,0.24,0.0,780.88153,827.3017,578.1029,826.48047
0.18,0.24,0.0,840.2768,826.11346,637.734,826.5644
0.21,0.24,0.0,899.4388,825.0087,697.3375,826.7593
0.24,0.24,0.0,958.0371,823.3582,756.85986,826.4493
0.27,0.24,0.0,1016.15485,821.6235,816.25824,826.12244
0.0,0.27,0.0,484.94177,887.2417,286.2105,878.94
0.03,0.27,0.0,544.00964,886.80994,343.88785,880.08984
0.06,0.27,0.0,603.21594,885.92413,402.2035,880.774
0.09,0.27,0.0,662.38666,885.26825,460.74692,881.5645
0.12,0.27,0.0,721.60187,884.83606,519.50323,882.54834
0.15,0.27,0.0,780.6591,883.4425,578.6099,882.5263
0.18,0.27,0.0,839.5681,882.15894,637.742,882.6189
0.21,0.27,0.0,898.2454,880.99567,696.9017,882.9052
0.24,0.27,0.0,956.25446,878.97327,755.93805,882.3344
0.27,0.27,0.0,1013.9216,877.1456,814.8544,882.03546
0.0,0.0,0.0,342.7694,262.68002,156.60437,258.73944
0.03,0.0,0.0,398.76483,259.6179,209.46857,255.92348
0.06,0.0,0.0,455.72,256.62802,263.66443,253.2
0.09,0.0,0.0,513.59344,253.7714,319.2011,250.5841
0.12,0.0,0.0,572.37976,250.93161,375.98956,248.11134
0.15,0.0,0.0,631.9216,248.16393,433.89532,245.78923
0.18,0.0,0.0,692.2023,245.40343,492.81473,243.56009
0.21,0.0,0.0,753.1955,242.69089,552.5637,241.37614
0.24,0.0,0.0,814.7905,240.05696,613.19867,239.25081
0.27,0.0,0.0,876.98456,237.5056,674.66705,237.17827
0.0,0.03,0.0,343.38028,321.0129,155.87332,316.40982
0.03,0.03,0.0,399.53125,318.44778,208.8767,314.14075
0.06,0.03,0.0,456.6761,315.98505,263.28418,312.0147
0.09,0.03,0.0,514.69836,313.5524,319.01617,310.00378
0.12,0.03,0.0,573.5362,311.16034,375.9881,308.08115
0.15,0.03,0.0,633.15576,308.74414,434.0361,306.24765
0.18,0.03,0.0,693.4768,306.36905,493.04056,304.48355
0.21,0.03,0.0,754.53595,303.97336,552.8958,302.79694
0.24,0.03,0.0,816.28894,301.6263,613.61835,301.10742
0.27,0.03,0.0,878.65106,299.36896,675.13153,299.4254
0.0,0.06,0.0,344.1745,379.64276,155.48239,374.36557
0.03,0.06,0.0,400.46008,377.5565,208.59732,372.7226
0.06,0.06,0.0,457.669,375.51974,263.15707,371.18307
0.09,0.06,0.0,515.7954,373.50632,319.00095,369.70975
0.12,0.06,0.0,574.7371,371.53735,376.10913,368.33078
0.15,0.06,0.0,634.3521,369.52655,434.24704,366.9733
0.18,0.06,0.0,694.7414,367.5169,493.33292,365.67166
0.21,0.06,0.0,755.846,365.493,553.2993,364.43753
0.24,0.06,0.0,817.68805,363.46402,614.01544,363.15543
0.27,0.06,0.0,880.143,361.48355,675.5409,361.88934
0.0,0.09,0.0,345.0365,438.4287,155.27928,432.49954
0.03,0.09,0.0,401.53082,436.8056,208.61345,431.52814
0.06,0.09,0.0,458.726,435.18283,263.11057,430.5201
0.09,0.09,0.0,516.9016,433.56055,319.0849,429.57455
0.12,0.09,0.0,575.9228,431.98376,376.3572,428.6654
0.15,0.09,0.0,635.5819,430.387,434.5728,427.80927
0.18,0.09,0.0,695.9201,428.73218,493.66788,426.93958
0.21,0.09,0.0,757.0984,427.08478,553.6352,426.0997
0.24,0.09,0.0,818.98846,425.42224,614.4507,425.26627
0.27,0.09,0.0,881.5215,423.7733,675.93207,424.37686
0.0,0.12,0.0,346.08963,497.30188,155.4674,490.8331
0.03,0.12,0.0,402.65433,496.13623,208.90208,490.43463
0.06,0.12,0.0,459.7978,494.92413,263.2958,490.00378
0.09,0.12,0.0,518.05383,493.6761,319.34802,489.58057
0.12,0.12,0.0,577.143,492.46707,376.73,489.15198
0.15,0.12,0.0,636.79285,491.26788,434.95944,488.6992
0.18,0.12,0.0,697.1429,489.99402,494.04718,488.2647
0.21,0.12,0.0,758.3089,488.7173,553.97943,487.8116
0.24,0.12,0.0,820.2666,487.4506,614.9177,487.33502
0.27,0.12,0.0,882.84326,486.16837,676.3344,486.86084
0.0,0.15,0.0,347.28174,556.2226,155.99124,549.1209
0.03,0.15,0.0,403.75656,555.4599,209.34398,549.33405
0.06,0.15,0.0,460.9291,554.70605,263.70004,549.4847
0.09,0.15,0.0,519.20483,553.86743,319.80923,549.55396
0.12,0.15,0.0,578.3209,552.9821,377.15073,549.60156
0.15,0.15,0.0,637.9988,552.1171,435.3834,549.6136
0.18,0.15,0.0,698.36566,551.2516,494.4747,549.5805
0.21,0.15,0.0,759.50336,550.4147,554.3954,549.55725
0.24,0.15,0.0,821.48413,549.4946,615.23486,549.45447
0.27,0.15,0.0,884.086,548.6045,676.7358,549.42
0.0,0.18,0.0,348.58325,615.0727,156.81636,607.3271
0.03,0.18,0.0,404.8817,614.8248,209.87256,608.14905
0.06,0.18,0.0,462.19104,614.45807,264.4502,608.85315
0.09,0.18,0.0,520.45605,614.0091,320.4587,609.4723
0.12,0.18,0.0,579.437,613.518,377.6052,610.0079
0.15,0.18,0.0,639.1478,613.05286,435.80542,610.4676
0.18,0.18,0.0,699.5443,612.5767,494.90906,610.89343
0.21,0.18,0.0,760.7291,612.11865,554.80286,611.2965
0.24,0.18,0.0,822.6691,611.5944,615.6125,611.6349
0.27,0.18,0.0,885.19885,611.013,677.18146,611.9444
0.0,0.21,0.0,349.94162,673.8347,157.82088,665.34985
0.03,0.21,0.0,406.13577,674.05804,210.7762,666.7877
0.06,0.21,0.0,463.4933,674.1025,265.38397,668.05585
0.09,0.21,0.0,521.7151,674.0505,321.25983,669.21704
0.12,0.21,0.0,580.54663,674.07416,378.1321,670.2913
0.15,0.21,0.0,640.3191,673.9557,436.3124,671.2256
0.18,0.21,0.0,700.73267,673.83997,495.3665,672.0962
0.21,0.21,0.0,761.9155,673.77386,555.21826,672.95886
0.24,0.21,0.0,823.7814,673.6063,615.99475,673.7118
0.27,0.21,0.0,886.25037,673.2923,677.5805,674.4499
0.0,0.24,0.0,351.43567,732.38336,159.05942,723.1048
0.03,0.24,0.0,407.57712,733.0833,211.98685,725.151
0.06,0.24,0.0,464.933,733.55176,266.57898,726.9285
0.09,0.24,0.0,522.9625,734.0193,322.19034,728.68414
0.12,0.24,0.0,581.6949,734.5156,378.80536,730.4067
0.15,0.24,0.0,641.4559,734.7603,436.9191,731.79083
0.18,0.24,0.0,701.89795,735.00116,495.9341,733.1338
0.21,0.24,0.0,762.94727,735.3521,555.6368,734.50604
0.24,0.24,0.0,824.78656,735.4069,616.4252,735.6463
0.27,0.24,0.0,887.13135,735.3815,677.9329,736.7856
0.0,0.27,0.0,353.06003,790.5902,160.61565,780.437
0.03,0.27,0.0,409.16232,791.7595,213.50299,783.03174
0.06,0.27,0.0,466.42844,792.64307,268.01178,785.38794
0.09,0.27,0.0,524.3437,793.60876,323.39825,787.7176
0.12,0.27,0.0,582.8592,794.6747,379.64877,790.1184
0.15,0.27,0.0,642.64355,795.23004,437.68423,791.97437
0.18,0.27,0.0,703.00287,795.84644,496.54175,793.80817
0.21,0.27,0.0,763.94977,796.57965,556.1037,795.7465
0.24,0.27,0.0,825.64355,796.7697,616.8436,797.2117
0.27,0.27,0.0,887.81976,797.05585,678.22394,798.82404
0.0,0.0,0.0,328.9733,246.22403,133.31596,242.39774
0.03,0.0,0.0,391.2573,246.84021,194.14561,243.14816
0.06,0.0,0.0,453.19037,247.61766,255.28668,244.13783
0.09,0.0,0.0,514.67456,248.53914,316.50952,245.37093
0.12,0.0,0.0,575.5501,249.60974,377.6488,246.81226
0.15,0.0,0.0,635.76025,250.7198,438.45358,248.42819
0.18,0.0,0.0,695.2391,251.9039,498.78705,250.17635
0.21,0.0,0.0,753.9911,253.12238,558.58057,252.00513
0.24,0.0,0.0,811.95825,254.38358,617.67145,253.89035
0.27,0.0,0.0,869.06134,255.75519,676.12146,255.824
0.0,0.03,0.0,328.6984,307.71646,131.61635,303.0946
0.03,0.03,0.0,391.1938,308.1315,192.68263,303.8127
0.06,0.03,0.0,453.31195,308.69244,254.03265,304.6997
0.09,0.03,0.0,514.90576,309.36627,315.4605,305.8017
0.12,0.03,0.0,575.86523,310.12924,376.78226,307.0517
0.15,0.03,0.0,636.1188,310.90247,437.72433,308.44397
0.18,0.03,0.0,695.6463,311.68484,498.19647,309.95844
0.21,0.03,0.0,754.4606,312.51514,558.0827,311.48734
0.24,0.03,0.0,812.4946,313.3599,617.2518,313.05945
0.27,0.03,0.0,869.74756,314.2841,675.7262,314.61063
0.0,0.06,0.0,328.6317,369.52896,130.2219,364.13892
0.03,0.06,0.0,391.25125,369.73242,191.48021,364.8076
0.06,0.06,0.0,453.49292,370.01627,253.00186,365.62317
0.09,0.06,0.0,515.18933,370.39413,314.5946,366.55267
0.12,0.06,0.0,576.2114,370.81113,376.02783,367.60675
0.15,0.06,0.0,636.47614,371.23178,437.1244,368.70822
0.18,0.06,0.0,696.04364,371.65262,497.68393,369.8868
0.21,0.06,0.0,754.9034,372.1006,557.5886,371.1376
0.24,0.06,0.0,812.9597,372.5532,616.80634,372.3497
0.27,0.06,0.0,870.27985,373.0429,675.3049,373.55005
0.0,0.09,0.0,328.6843,431.53552,129.19923,425.4547
0.03,0.09,0.0,391.43478,431.49686,190.587,426.0556
0.06,0.09,0.0,453.74268,431.47165,252.17473,426.69308
0.09,0.09,0.0,515.51465,431.4855,313.89948,427.43137
0.12,0.09,0.0,576.53766,431.56976,375.4355,428.2582
0.15,0.09,0.0,636.81213,431.63358,436.5727,429.10162
0.18,0.09,0.0,696.42847,431.67654,497.23483,429.9311
0.21,0.09,0.0,755.3089,431.72662,557.20624,430.8077
0.24,0.09,0.0,813.35474,431.8039,616.356,431.68753
0.27,0.09,0.0,870.7683,431.9158,674.86536,432.50354
0.0,0.12,0.0,328.9212,493.7003,128.52658,486.8835
0.03,0.12,0.0,391.74207,493.32135,189.98349,487.4078
0.06,0.12,0.0,454.0596,492.99606,251.59451,487.89548
0.09,0.12,0.0,515.83765,492.65506,313.3753,488.4786
0.12,0.12,0.0,576.85016,492.32767,374.91812,488.98535
0.15,0.12,0.0,637.1409,492.0277,436.1009,489.49173
0.18,0.12,0.0,696.77563,491.71783,496.78427,490.00806
0.21,0.12,0.0,755.70435,491.43933,556.76025,490.50342
0.24,0.12,0.0,813.7077,491.13885,615.91095,491.0069
0.27,0.12,0.0,871.1382,490.85626,674.4256,491.46497
0.0,0.15,0.0,329.29434,555.8314,128.26358,548.35547
0.03,0.15,0.0,392.0885,555.20966,189.62337,548.7729
0.06,0.15,0.0,454.37357,554.5567,251.15704,549.2041
0.09,0.15,0.0,516.16473,553.8619,312.9309,549.48975
0.12,0.15,0.0,577.1682,553.14044,374.51266,549.7191
0.15,0.15,0.0,637.46344,552.4409,435.6619,549.91907
0.18,0.15,0.0,697.09924,551.7891,496.3153,550.0707
0.21,0.15,0.0,756.04645,551.16296,556.3049,550.2433
0.24,0.15,0.0,814.08685,550.4929,615.459,550.34045
0.27,0.15,0.0,871.4683,549.8347,673.9784,550.4447
0.0,0.18,0.0,329.84583,617.901,128.27087,609.678
0.03,0.18,0.0,392.45032,617.05853,189.5355,610.0748
0.06,0.18,0.0,454.75684,616.0891,251.03307,610.31415
0.09,0.18,0.0,516.4628,615.03235,312.6959,610.4286
0.12,0.18,0.0,577.48926,613.9931,374.15182,610.3764
0.15,0.18,0.0,637.7964,612.91376,435.2545,610.3024
0.18,0.18,0.0,697.41705,611.8904,495.84937,610.1404
0.21,0.18,0.0,756.3219,610.8806,555.81415,609.9375
0.24,0.18,0.0,814.4046,609.86273,615.03564,609.6957
0.27,0.18,0.0,871.6976,608.7895,673.4985,609.4218
0.0,0.21,0.0,330.48282,679.8525,128.65683,670.77527
0.03,0.21,0.0,393.00552,678.7769,189.71283,671.1239
0.06,0.21,0.0,455.1868,677.49146,251.16547,671.21
0.09,0.21,0.0,516.8163,676.13165,312.65076,671.1293
0.12,0.21,0.0,577.8235,674.7855,373.94394,670.93567
0.15,0.21,0.0,638.10364,673.34296,434.95047,670.54236
0.18,0.21,0.0,697.6565,671.9432,495.4333,670.0715
0.21,0.21,0.0,756.6031,670.57745,555.3695,669.5724
0.24,0.21,0.0,814.6572,669.1316,614.5786,668.9936
0.27,0.21,0.0,871.8859,667.66846,673.0438,668.3857
0.0,0.24,0.0,331.33673,741.5494,129.35953,731.5326
0.03,0.24,0.0,393.70374,740.25964,190.25354,731.8749
0.06,0.24,0.0,455.72614,738.6635,251.50385,731.7667
0.09,0.24,0.0,517.2427,737.0916,312.7226,731.57886
0.12,0.24,0.0,578.21924,735.5095,373.87463,731.2987
0.15,0.24,0.0,638.3936,733.66266,434.6975,730.6211
0.18,0.24,0.0,697.93854,731.88794,495.1168,729.8713
0.21,0.24,0.0,756.8357,730.2012,554.9748,729.12494
0.24,0.24,0.0,814.7995,728.29047,614.1051,728.1642
0.27,0.24,0.0,871.94464,726.36975,672.54474,727.2112
0.0,0.27,0.0,332.44257,802.78467,130.4854,791.8355
0.03,0.27,0.0,394.5719,801.3057,191.1401,792.00793
0.06,0.27,0.0,456.39197,799.4518,252.14684,791.817
0.09,0.27,0.0,517.76056,797.63135,313.11673,791.56146
0.12,0.27,0.0,578.65186,795.9286,373.97696,791.23737
0.15,0.27,0.0,638.71405,793.71643,434.6431,790.28094
0.18,0.27,0.0,698.1754,791.55237,494.88416,789.31146
0.21,0.27,0.0,757.0567,789.53546,554.6235,788.40173
0.24,0.27,0.0,814.74677,787.06476,613.6492,786.9911
0.27,0.27,0.0,871.8511,784.7295,672.077,785.76196
0.0,0.0,0.0,340.6447,262.57605,153.34383,258.72913
0.03,0.0,0.0,399.114,261.41187,209.60332,257.7606
0.06,0.0,0.0,457.91367,260.40692,266.66333,256.9722
0.09,0.0,0.0,516.89185,259.52502,324.46185,256.35028
0.12,0.0,0.0,576.0357,258.76056,382.7751,255.94447
0.15,0.0,0.0,635.1682,258.06985,441.53696,255.69934
0.18,0.0,0.0,694.27356,257.40555,500.4864,255.58018
0.21,0.0,0.0,753.3284,256.795,559.5556,255.5573
0.24,0.0,0.0,812.2476,256.25616,618.65515,255.56198
0.27,0.0,0.0,870.97864,255.84445,677.7915,255.63943
0.0,0.03,0.0,339.21414,319.7346,149.77704,315.15988
0.03,0.03,0.0,398.16675,318.70032,206.48312,314.4714
0.06,0.03,0.0,457.39697,317.8262,264.04782,313.87997
0.09,0.03,0.0,516.8165,317.00522,322.26776,313.48395
0.12,0.03,0.0,576.3122,316.28455,381.04523,313.2313
0.15,0.03,0.0,635.7959,315.57968,440.2187,313.11954
0.18,0.03,0.0,695.2512,314.8964,499.56726,313.0754
0.21,0.03,0.0,754.6811,314.22955,559.0143,313.0721
0.24,0.03,0.0,813.9871,313.62915,618.48865,313.13034
0.27,0.03,0.0,873.16046,313.0663,677.987,313.20087
0.0,0.06,0.0,337.97006,377.718,146.4861,372.47412
0.03,0.06,0.0,397.28842,376.82144,203.54845,372.0522
0.06,0.06,0.0,456.94363,376.02234,261.50595,371.67795
0.09,0.06,0.0,516.7395,375.27106,320.18146,371.474
0.12,0.06,0.0,576.6102,374.55014,379.40173,371.34958
0.15,0.06,0.0,636.43726,373.8491,438.95963,371.3066
0.18,0.06,0.0,696.2382,373.13666,498.6847,371.30255
0.21,0.06,0.0,755.96936,372.4271,558.5177,371.3458
0.24,0.06,0.0,815.66943,371.74573,618.3566,371.455
0.27,0.06,0.0,875.2069,371.09604,678.13477,371.4514
0.0,0.09,0.0,336.7622,436.49365,143.3915,430.54114
0.03,0.09,0.0,396.52884,435.72906,200.93175,430.41675
0.06,0.09,0.0,456.53506,434.88745,259.16483,430.24976
0.09,0.09,0.0,516.7058,434.16214,318.22287,430.16943
0.12,0.09,0.0,576.91846,433.50827,377.85513,430.2011
0.15,0.09,0.0,637.0626,432.79535,437.76935,430.2477
0.18,0.09,0.0,697.2018,432.0192,497.87006,430.23495
0.21,0.09,0.0,757.30865,431.2701,558.03143,430.26758
0.24,0.09,0.0,817.31067,430.6037,618.1979,430.3979
0.27,0.09,0.0,877.22437,429.8452,678.28955,430.39554
0.0,0.12,0.0,335.71588,495.9969,140.6377,489.39508
0.03,0.12,0.0,395.87686,495.332,198.47615,489.51395
0.06,0.12,0.0,456.14755,494.47873,256.95242,489.50372
0.09,0.12,0.0,516.6811,493.76953,316.3766,489.5754
0.12,0.12,0.0,577.23883,493.10443,376.3868,489.72278
0.15,0.12,0.0,637.70294,492.36795,436.6169,489.80637
0.18,0.12,0.0,698.14685,491.5667,497.0456,489.82562
0.21,0.12,0.0,758.60223,490.75488,557.52954,489.83133
0.24,0.12,0.0,818.915,490.12738,618.0118,489.95288
0.27,0.12,0.0,879.1818,489.30353,678.42993,489.95847
0.0,0.15,0.0,334.8186,556.143,138.18307,548.80066
0.03,0.15,0.0,395.20746,555.51215,196.2272,549.1657
0.06,0.15,0.0,455.81427,554.7469,254.95566,549.45465
0.09,0.15,0.0,516.66876,554.0397,314.66574,549.66486
0.12,0.15,0.0,577.53455,553.3111,374.972,549.8797
0.15,0.15,0.0,638.3379,552.5557,435.49808,550.03107
0.18,0.15,0.0,699.09485,551.7548,496.22253,550.0738
0.21,0.15,0.0,759.8778,550.9903,556.9928,550.0753
0.24,0.15,0.0,820.5127,550.2768,617.81195,550.1579
0.27,0.15,0.0,881.07635,549.4209,678.5715,550.14935
0.0,0.18,0.0,334.03537,616.86194,136.05348,608.70996
0.03,0.18,0.0,394.58774,616.3158,194.15068,609.3494
0.06,0.18,0.0,455.54202,615.66284,253.18823,609.88354
0.09,0.18,0.0,516.6497,614.98035,313.15082,610.3153
0.12,0.18,0.0,577.8245,614.21356,373.6008,610.6209
0.15,0.18,0.0,638.9567,613.45593,434.38568,610.8179
0.18,0.18,0.0,700.05066,612.6529,495.39258,610.9446
0.21,0.18,0.0,761.152,611.8578,556.5109,610.96436
0.24,0.18,0.0,822.12384,611.0668,617.6095,611.01794
0.27,0.18,0.0,882.9026,610.2069,678.71216,611.0387
0.0,0.21,0.0,333.3506,678.0469,134.18373,669.027
0.03,0.21,0.0,394.09958,677.65924,192.38148,669.9852
0.06,0.21,0.0,455.32816,677.1063,251.72325,670.7619
0.09,0.21,0.0,516.69183,676.44305,311.76242,671.381
0.12,0.21,0.0,578.10284,675.6921,372.3286,671.8366
0.15,0.21,0.0,639.5746,674.9405,433.35065,672.1445
0.18,0.21,0.0,700.99365,674.15454,494.63205,672.34247
0.21,0.21,0.0,762.4031,673.3292,556.0129,672.4251
0.24,0.21,0.0,823.658,672.4395,617.4261,672.5018
0.27,0.21,0.0,884.7007,671.4894,678.82733,672.4941
0.0,0.24,0.0,332.82983,739.6589,132.60823,729.60205
0.03,0.24,0.0,393.7941,739.42566,190.94525,730.87976
0.06,0.24,0.0,455.2169,739.02716,250.45831,731.971
0.09,0.24,0.0,516.7907,738.4549,310.57098,732.83307
0.12,0.24,0.0,578.4605,737.7808,371.2026,733.4815
0.15,0.24,0.0,640.2007,737.0051,432.44757,733.91626
0.18,0.24,0.0,701.91754,736.1798,493.9145,734.2469
0.21,0.24,0.0,763.5977,735.3393,555.53613,734.4524
0.24,0.24,0.0,825.0692,734.3343,617.2453,734.50635
0.27,0.24,0.0,886.3155,733.2247,678.9006,734.5254
0.0,0.27,0.0,332.54617,801.5176,131.402,790.28815
0.03,0.27,0.0,393.65836,801.4223,189.89017,791.9487
0.06,0.27,0.0,455.2766,801.13666,249.50267,793.28094
0.09,0.27,0.0,517.01404,800.70917,309.65738,794.41986
0.12,0.27,0.0,578.8338,800.2047,370.25946,795.3971
0.15,0.27,0.0,640.82733,799.42334,431.67017,795.9704
0.18,0.27,0.0,702.7755,798.552,493.32568,796.425
0.21,0.27,0.0,764.6891,797.63995,555.09094,796.7796
0.24,0.27,0.0,826.31525,796.4537,617.04645,796.8128
0.27,0.27,0.0,887.7777,795.17993,678.9834,796.833
0.0,0.0,0.0,325.21313,250.82323,130.2888,247.15479
0.03,0.0,0.0,386.32062,249.41473,188.82599,245.86163
0.06,0.0,0.0,447.8619,248.15503,248.33298,244.80255
0.09,0.0,0.0,509.68274,247.1031,308.69818,243.9673
0.12,0.0,0.0,571.69275,246.13193,369.71875,243.35692
0.15,0.0,0.0,633.7736,245.27089,431.23544,242.94221
0.18,0.0,0.0,695.8522,244.47162,493.0894,242.70209
0.21,0.0,0.0,757.8881,243.77614,555.0976,242.55225
0.24,0.0,0.0,819.80865,243.15475,617.19025,242.5156
0.27,0.0,0.0,881.5231,242.71939,679.3201,242.5749
0.0,0.03,0.0,327.11063,312.63693,131.61362,308.08862
0.03,0.03,0.0,388.12625,311.36407,190.08226,307.1458
0.06,0.03,0.0,449.5037,310.33044,249.51692,306.39114
0.09,0.03,0.0,511.1422,309.36697,309.7861,305.82672
0.12,0.03,0.0,572.9007,308.4604,370.68866,305.43552
0.15,0.03,0.0,634.7274,307.6433,432.0897,305.15744
0.18,0.03,0.0,696.5579,306.84888,493.70428,305.0307
0.21,0.03,0.0,758.3581,306.0792,555.50073,305.00974
0.24,0.03,0.0,820.0424,305.41525,617.3281,304.9983
0.27,0.03,0.0,881.58374,304.84467,679.2164,305.05316
0.0,0.06,0.0,329.21454,374.12045,133.24487,368.7852
0.03,0.06,0.0,390.03607,373.06503,191.63333,368.19403
0.06,0.06,0.0,451.25797,372.0926,250.9511,367.71295
0.09,0.06,0.0,512.67053,371.2273,311.07312,367.36978
0.12,0.06,0.0,574.1381,370.41296,371.83838,367.16016
0.15,0.06,0.0,635.6814,369.57935,433.02457,367.02222
0.18,0.06,0.0,697.20435,368.7779,494.421,366.97128
0.21,0.06,0.0,758.71124,368.0109,555.9861,366.98376
0.24,0.06,0.0,820.1608,367.29077,617.49615,367.0412
0.27,0.06,0.0,881.49493,366.60916,679.0209,367.05264
0.0,0.09,0.0,331.42206,435.1702,135.216,429.146
0.03,0.09,0.0,392.10013,434.21097,193.50584,428.8571
0.06,0.09,0.0,453.02832,433.38275,252.54814,428.6296
0.09,0.09,0.0,514.20233,432.5518,312.51962,428.5037
0.12,0.09,0.0,575.4294,431.70087,373.09363,428.40384
0.15,0.09,0.0,636.6171,430.89093,434.04382,428.32965
0.18,0.09,0.0,697.8338,430.12885,495.16217,428.36816
0.21,0.09,0.0,759.08,429.37616,556.43665,428.40936
0.24,0.09,0.0,820.18555,428.56238,617.6722,428.4208
0.27,0.09,0.0,881.2836,427.8685,678.87305,428.48047
0.0,0.12,0.0,333.80194,495.69675,137.51935,489.0158
0.03,0.12,0.0,394.2788,494.80508,195.66306,488.9961
0.06,0.12,0.0,454.78867,494.09253,254.38858,489.08652
0.09,0.12,0.0,515.7113,493.24866,314.1088,489.09335
0.12,0.12,0.0,576.6677,492.3703,374.4795,489.03876
0.15,0.12,0.0,637.54095,491.58463,435.11856,489.04266
0.18,0.12,0.0,698.44226,490.854,495.9463,489.1451
0.21,0.12,0.0,759.3743,490.1315,556.8709,489.20297
0.24,0.12,0.0,820.20886,489.30475,617.83075,489.17108
0.27,0.12,0.0,881.0076,488.57413,678.69525,489.25156
0.0,0.15,0.0,336.30484,555.57513,140.15971,548.32587
0.03,0.15,0.0,396.371,554.84674,197.96516,548.5506
0.06,0.15,0.0,456.62045,554.189,256.42184,548.9125
0.09,0.15,0.0,517.25256,553.37665,315.87317,549.02576
0.12,0.15,0.0,577.86725,552.4823,375.88947,549.0845
0.15,0.15,0.0,638.4522,551.684,436.22998,549.168
0.18,0.15,0.0,699.01886,550.94214,496.72446,549.2846
0.21,0.15,0.0,759.63416,550.2699,557.2982,549.3967
0.24,0.15,0.0,820.16907,549.4209,617.926,549.3382
0.27,0.15,0.0,880.61786,548.68024,678.52924,549.403
0.0,0.18,0.0,338.90622,614.83026,143.16083,606.9133
0.03,0.18,0.0,398.5189,614.2662,200.45244,607.50073
0.06,0.18,0.0,458.5233,613.6104,258.671,607.9646
0.09,0.18,0.0,518.74304,612.7908,317.77014,608.2482
0.12,0.18,0.0,579.03546,612.0172,377.35394,608.5076
0.15,0.18,0.0,639.3161,611.21545,437.34927,608.6412
0.18,0.18,0.0,699.5978,610.48096,497.50333,608.8008
0.21,0.18,0.0,759.9023,609.78577,557.75214,608.9187
0.24,0.18,0.0,820.12024,608.97894,618.0456,608.92944
0.27,0.18,0.0,880.20386,608.13416,678.34424,608.9486
0.0,0.21,0.0,341.53702,673.34326,146.30379,664.7694
0.03,0.21,0.0,400.78134,672.95435,203.18314,665.65607
0.06,0.21,0.0,460.43988,672.2886,261.16663,666.25775
0.09,0.21,0.0,520.317,671.5731,319.81848,666.7224
0.12,0.21,0.0,580.20154,670.9273,378.89612,667.2101
0.15,0.21,0.0,640.1549,670.1109,438.50003,667.404
0.18,0.21,0.0,700.1514,669.33356,498.30933,667.5699
0.21,0.21,0.0,760.1018,668.66583,558.2147,667.78766
0.24,0.21,0.0,819.98047,667.83325,618.1766,667.83514
0.27,0.21,0.0,879.69446,666.9238,678.1611,667.85974
0.0,0.24,0.0,344.28494,731.106,149.68134,721.79254
0.03,0.24,0.0,403.12665,730.8488,206.23076,722.92285
0.06,0.24,0.0,462.43918,730.21185,263.82272,723.64935
0.09,0.24,0.0,521.8452,729.6743,321.94186,724.42487
0.12,0.24,0.0,581.361,729.1765,380.52682,725.12616
0.15,0.24,0.0,641.00323,728.29956,439.7669,725.39954
0.18,0.24,0.0,700.6395,727.51025,499.17206,725.65326
0.21,0.24,0.0,760.26685,726.87836,558.6758,725.99817
0.24,0.24,0.0,819.7594,725.9109,618.32196,725.9895
0.27,0.24,0.0,879.06885,724.9204,677.9251,726.0372
0.0,0.27,0.0,347.16943,788.0035,153.28479,777.85034
0.03,0.27,0.0,405.61572,787.8206,209.49486,779.18964
0.06,0.27,0.0,464.5142,787.21686,266.67203,780.0932
0.09,0.27,0.0,523.4845,786.80536,324.29147,781.0744
0.12,0.27,0.0,582.565,786.59894,382.30524,782.1952
0.15,0.27,0.0,641.8197,785.65454,441.12872,782.4608
0.18,0.27,0.0,701.0996,784.83594,500.10632,782.86536
0.21,0.27,0.0,760.3528,784.2807,559.1927,783.3571
0.24,0.27,0.0,819.3842,783.0218,618.43726,783.22296
0.27,0.27,0.0,878.2857,782.05396,677.7062,783.3837
0.0,0.0,0.0,472.62326,140.24112,275.15967,137.80627
0.03,0.0,0.0,534.3091,141.65103,336.56403,139.26395
0.06,0.0,0.0,595.3562,143.2645,397.85153,141.02551
0.09,0.0,0.0,655.78424,144.98938,458.823,142.99638
0.12,0.0,0.0,715.46436,146.87666,519.3572,145.21669
0.15,0.0,0.0,774.28436,148.91441,579.349,147.5981
0.18,0.0,0.0,832.29126,151.07481,638.69586,150.1
0.21,0.0,0.0,889.2965,153.37732,697.2996,152.69492
0.24,0.0,0.0,945.32837,155.84874,755.20636,155.38753
0.27,0.0,0.0,1000.23047,158.52129,812.25244,158.18318
0.0,0.03,0.0,472.52502,201.07314,273.45978,198.02974
0.03,0.03,0.0,534.4082,202.2415,335.1636,199.39915
0.06,0.03,0.0,595.6465,203.56772,396.71216,201.04758
0.09,0.03,0.0,656.18414,205.02187,457.9173,202.86757
0.12,0.03,0.0,715.9747,206.50375,518.6568,204.87738
0.15,0.03,0.0,774.97906,208.10765,578.7723,206.97917
0.18,0.03,0.0,833.13116,209.7982,638.28265,209.15039
0.21,0.03,0.0,890.34894,211.60558,697.02606,211.3959
0.24,0.03,0.0,946.5409,213.5478,755.00934,213.6732
0.27,0.03,0.0,1001.65765,215.6539,812.23596,216.05165
0.0,0.06,0.0,472.5775,262.45297,272.0123,258.91327
0.03,0.06,0.0,534.5896,263.3947,333.98096,260.15836
0.06,0.06,0.0,595.95886,264.40308,395.7353,261.6385
0.09,0.06,0.0,656.57635,265.4757,457.1243,263.25735
0.12,0.06,0.0,716.46094,266.61166,518.03357,265.02164
0.15,0.06,0.0,775.53705,267.76465,578.28674,266.81277
0.18,0.06,0.0,833.84216,268.99384,637.84985,268.6181
0.21,0.06,0.0,891.2247,270.2847,696.68274,270.5116
0.24,0.06,0.0,947.56165,271.76108,754.7621,272.39105
0.27,0.06,0.0,1002.82086,273.29865,812.0622,274.31448
0.0,0.09,0.0,472.74847,324.16434,270.82767,320.19824
0.03,0.09,0.0,534.8618,324.86584,333.0006,321.32785
0.06,0.09,0.0,596.28973,325.51166,394.95566,322.522
0.09,0.09,0.0,656.9829,326.2307,456.5126,323.93192
0.12,0.09,0.0,716.8662,326.97977,517.50586,325.41138
0.15,0.09,0.0,775.97833,327.72656,577.8018,326.89893
0.18,0.09,0.0,834.43616,328.4819,637.4199,328.35382
0.21,0.09,0.0,891.9711,329.33685,696.3204,329.82053
0.24,0.09,0.0,948.36615,330.29575,754.3756,331.34305
0.27,0.09,0.0,1003.8436,331.32104,811.80695,332.8031
0.0,0.12,0.0,472.99326,386.14178,269.89966,381.81458
0.03,0.12,0.0,535.15546,386.4939,332.25912,382.7547
0.06,0.12,0.0,596.6602,386.75998,394.2972,383.70026
0.09,0.12,0.0,657.3316,387.10535,455.96768,384.78452
0.12,0.12,0.0,717.25446,387.49017,516.9871,385.9509
0.15,0.12,0.0,776.4014,387.81558,577.33496,387.094
0.18,0.12,0.0,834.9347,388.1748,637.0077,388.19757
0.21,0.12,0.0,892.5665,388.5634,695.9547,389.29373
0.24,0.12,0.0,948.99615,389.1051,753.9785,390.43228
0.27,0.12,0.0,1004.62897,389.60468,811.4788,391.50156
0.0,0.15,0.0,473.28647,448.2216,269.20468,443.5945
0.03,0.15,0.0,535.50165,448.174,331.5814,444.30167
0.06,0.15,0.0,597.035,448.1131,393.7473,445.00067
0.09,0.15,0.0,657.7011,448.08875,455.4661,445.769
0.12,0.15,0.0,717.5694,448.0507,516.51965,446.55392
0.15,0.15,0.0,776.7743,448.00183,576.8991,447.34863
0.18,0.15,0.0,835.3083,447.99524,636.53534,448.07285
0.21,0.15,0.0,893.0585,447.94904,695.50464,448.79092
0.24,0.15,0.0,949.5433,448.003,753.56616,449.53076
0.27,0.15,0.0,1005.1599,448.07782,811.0589,450.25717
0.0,0.18,0.0,473.59235,510.31015,268.72446,505.48566
0.03,0.18,0.0,535.82983,509.8621,331.0829,505.89273
0.06,0.18,0.0,597.35266,509.48096,393.25836,506.32156
0.09,0.18,0.0,658.02026,509.0366,454.9866,506.76303
0.12,0.18,0.0,717.95465,508.6047,516.0604,507.16754
0.15,0.18,0.0,777.1198,508.23553,576.4331,507.5529
0.18,0.18,0.0,835.63855,507.83484,636.08905,507.92358
0.21,0.18,0.0,893.3806,507.43143,695.0214,508.31738
0.24,0.18,0.0,950.0131,507.0474,753.1791,508.68002
0.27,0.18,0.0,1005.50165,506.61203,810.5887,509.02258
0.0,0.21,0.0,473.95636,572.46594,268.36862,567.28845
0.03,0.21,0.0,536.1849,571.64215,330.72363,567.5219
0.06,0.21,0.0,597.6433,570.8167,392.87445,567.65533
0.09,0.21,0.0,658.3319,569.97253,454.51584,567.7316
0.12,0.21,0.0,718.31976,569.2415,515.63605,567.75745
0.15,0.21,0.0,777.4771,568.4252,575.97046,567.7607
0.18,0.21,0.0,835.9403,567.6435,635.61084,567.75745
0.21,0.21,0.0,893.70074,566.85693,694.56665,567.7826
0.24,0.21,0.0,950.28204,566.04065,752.7309,567.76874
0.27,0.21,0.0,1005.81964,565.1783,810.11993,567.7999
0.0,0.24,0.0,474.3036,634.61664,268.1936,629.05743
0.03,0.24,0.0,536.5146,633.44415,330.48395,629.0792
0.06,0.24,0.0,597.9248,632.17773,392.518,628.87164
0.09,0.24,0.0,658.63403,631.0,454.136,628.66595
0.12,0.24,0.0,718.7046,629.8734,515.2021,628.39276
0.15,0.24,0.0,777.81586,628.65326,575.51245,628.0062
0.18,0.24,0.0,836.1744,627.49817,635.13727,627.6455
0.21,0.24,0.0,893.90967,626.31146,694.1091,627.3316
0.24,0.24,0.0,950.40607,625.0002,752.2283,626.9222
0.27,0.24,0.0,1005.85876,623.61444,809.6346,626.52563
0.0,0.27,0.0,474.78394,696.6431,268.29913,690.5824
0.03,0.27,0.0,536.88104,695.1051,330.43265,690.3728
0.06,0.27,0.0,598.2258,693.4676,392.3166,689.90265
0.09,0.27,0.0,658.9081,691.9315,453.81,689.3976
0.12,0.27,0.0,719.0458,690.51434,514.82513,688.94446
0.15,0.27,0.0,778.04346,688.8075,575.0596,688.1458
0.18,0.27,0.0,836.3767,687.1963,634.6552,687.4337
0.21,0.27,0.0,894.0938,685.62354,693.69727,686.8014
0.24,0.27,0.0,950.30225,683.7391,751.66516,685.9296
0.27,0.27,0.0,1005.7673,681.935,809.11066,685.14966
0.0,0.0,0.0,477.2829,161.5685,288.46332,159.19014
0.03,0.0,0.0,535.93677,160.59483,345.94934,158.31557
0.06,0.0,0.0,594.69543,159.78157,403.90378,157.67673
0.09,0.0,0.0,653.4709,159.0724,462.2361,157.20055
0.12,0.0,0.0,712.24164,158.52069,520.8337,156.9551
0.15,0.0,0.0,770.88293,158.09984,579.5567,156.86234
0.18,0.0,0.0,829.3384,157.88425,638.34644,156.94676
0.21,0.0,0.0,887.46515,157.80634,697.1178,157.04774
0.24,0.0,0.0,945.22766,157.96265,755.7868,157.32866
0.27,0.0,0.0,1002.4223,158.32167,814.31384,157.77917
0.0,0.03,0.0,476.72318,217.70729,285.55515,214.8028
0.03,0.03,0.0,535.84766,216.80899,343.56216,214.08682
0.06,0.03,0.0,595.0468,216.02724,402.08987,213.62885
0.09,0.03,0.0,654.25226,215.35628,460.91275,213.34396
0.12,0.03,0.0,713.4382,214.7825,519.926,213.21214
0.15,0.03,0.0,772.49506,214.27666,579.1048,213.184
0.18,0.03,0.0,831.42,213.88379,638.3192,213.21707
0.21,0.03,0.0,890.0435,213.639,697.4782,213.38339
0.24,0.03,0.0,948.265,213.59944,756.5977,213.53336
0.27,0.03,0.0,1005.97797,213.75513,815.58276,213.83255
0.0,0.06,0.0,476.27435,274.8308,282.8772,271.4097
0.03,0.06,0.0,535.80536,274.02948,341.37286,270.94772
0.06,0.06,0.0,595.41656,273.27094,400.3199,270.63467
0.09,0.06,0.0,654.9954,272.58145,459.61172,270.4689
0.12,0.06,0.0,714.5813,271.97427,519.12506,270.4365
0.15,0.06,0.0,774.0429,271.39658,578.65735,270.44128
0.18,0.06,0.0,833.3779,270.87457,638.27057,270.50684
0.21,0.06,0.0,892.45593,270.4572,697.8222,270.59195
0.24,0.06,0.0,951.15247,270.2448,757.3188,270.74097
0.27,0.06,0.0,1009.3231,270.16663,816.70087,270.9398
0.0,0.09,0.0,475.87567,332.80518,280.36087,328.93665
0.03,0.09,0.0,535.84503,332.1278,339.347,328.72574
0.06,0.09,0.0,595.8,331.29752,398.70273,328.4783
0.09,0.09,0.0,655.75085,330.62735,458.43436,328.4133
0.12,0.09,0.0,715.667,330.0039,518.32983,328.49277
0.15,0.09,0.0,775.5056,329.3971,578.2782,328.6019
0.18,0.09,0.0,835.2671,328.70914,638.1882,328.58792
0.21,0.09,0.0,894.78595,328.18558,698.1139,328.62234
0.24,0.09,0.0,953.88184,327.84003,757.9767,328.8045
0.27,0.09,0.0,1012.5265,327.5347,817.775,328.85107
0.0,0.12,0.0,475.5287,391.58972,278.0124,387.39447
0.03,0.12,0.0,535.92035,390.94727,337.47818,387.35345
0.06,0.12,0.0,596.2187,390.1332,397.18338,387.148
0.09,0.12,0.0,656.52594,389.4247,457.32727,387.169
0.12,0.12,0.0,716.7595,388.81818,517.60583,387.3272
0.15,0.12,0.0,776.9438,388.1535,577.90076,387.39932
0.18,0.12,0.0,837.0836,387.41153,638.1534,387.4034
0.21,0.12,0.0,897.03,386.71042,698.41187,387.3955
0.24,0.12,0.0,956.4898,386.2928,758.5797,387.57413
0.27,0.12,0.0,1015.5612,385.76114,818.7705,387.55646
0.0,0.15,0.0,475.3225,451.13904,275.89255,446.6317
0.03,0.15,0.0,536.02313,450.43362,335.65616,446.6365
0.06,0.15,0.0,596.6619,449.61526,395.7435,446.56088
0.09,0.15,0.0,657.2748,448.9725,456.2604,446.65332
0.12,0.15,0.0,717.82916,448.27252,516.91437,446.81088
0.15,0.15,0.0,778.3616,447.56378,577.51465,446.8799
0.18,0.15,0.0,838.80554,446.78415,638.0957,446.9133
0.21,0.15,0.0,899.1675,446.0314,698.6548,446.86853
0.24,0.15,0.0,959.0018,445.44388,759.19336,446.99017
0.27,0.15,0.0,1018.37506,444.80896,819.66724,447.0076
0.0,0.18,0.0,475.0333,511.35632,273.87314,506.528
0.03,0.18,0.0,536.07947,510.5663,333.88446,506.6293
0.06,0.18,0.0,597.058,509.80902,394.39343,506.71414
0.09,0.18,0.0,657.9987,509.10925,455.22293,506.83478
0.12,0.18,0.0,718.897,508.38156,516.1529,506.9141
0.15,0.18,0.0,779.7493,507.6342,577.11646,506.97897
0.18,0.18,0.0,840.54956,506.87323,638.0211,506.99954
0.21,0.18,0.0,901.2309,506.0465,698.8918,507.0052
0.24,0.18,0.0,961.4158,505.32874,759.7349,507.0484
0.27,0.18,0.0,1021.0694,504.5478,820.56757,507.08197
0.0,0.21,0.0,474.8087,572.1356,271.98425,567.0194
0.03,0.21,0.0,536.1503,571.36896,332.24475,567.2399
0.06,0.21,0.0,597.49927,570.6163,393.10165,567.4661
0.09,0.21,0.0,658.7577,569.8749,454.25427,567.6107
0.12,0.21,0.0,719.987,569.08386,515.4144,567.66736
0.15,0.21,0.0,781.16974,568.3619,576.7114,567.7271
0.18,0.21,0.0,842.2673,567.5583,637.951,567.761
0.21,0.21,0.0,903.2544,566.72406,699.16406,567.75385
0.24,0.21,0.0,963.70154,565.83344,760.3114,567.80426
0.27,0.21,0.0,1023.59906,564.89606,821.4926,567.8161
0.0,0.24,0.0,474.59048,633.59045,270.26355,628.049
0.03,0.24,0.0,536.2368,632.86743,330.7481,628.4704
0.06,0.24,0.0,597.9092,632.1221,391.90503,628.7836
0.09,0.24,0.0,659.51154,631.34546,453.22342,628.9795
0.12,0.24,0.0,721.0766,630.5314,514.68256,629.0485
0.15,0.24,0.0,782.5413,629.72156,576.2766,629.12085
0.18,0.24,0.0,843.9118,628.89307,637.84753,629.1858
0.21,0.24,0.0,905.1591,627.9802,699.4202,629.15344
0.24,0.24,0.0,965.85175,626.93536,760.8941,629.1763
0.27,0.24,0.0,1025.9814,625.7969,822.2775,629.1227
0.0,0.27,0.0,474.42,695.6131,268.74405,689.4928
0.03,0.27,0.0,536.3434,694.943,329.46744,690.11206
0.06,0.27,0.0,598.33594,694.1815,390.79034,690.56824
0.09,0.27,0.0,660.2377,693.40497,452.28085,690.8545
0.12,0.27,0.0,722.1466,692.57446,513.9464,691.03503
0.15,0.27,0.0,783.8794,691.7107,575.8962,691.11884
0.18,0.27,0.0,845.4913,690.7322,637.77875,691.1597
0.21,0.27,0.0,907.0006,689.68713,699.6407,691.1665
0.24,0.27,0.0,967.746,688.47345,761.3783,691.0873
0.27,0.27,0.0,1028.1696,687.1088,823.0854,690.9597
0.0,0.0,0.0,468.43683,145.13823,271.42545,142.78012
0.03,0.0,0.0,529.8486,143.90953,331.4505,141.57074
0.06,0.0,0.0,591.3762,142.84628,392.05124,140.6276
0.09,0.0,0.0,653.01996,141.97147,453.12622,139.97623
0.12,0.0,0.0,714.6823,141.26463,514.54535,139.52034
0.15,0.0,0.0,776.1939,140.75204,576.1796,139.27391
0.18,0.0,0.0,837.5174,140.4289,637.8637,139.21118
0.21,0.0,0.0,898.5078,140.2941,699.5609,139.29724
0.24,0.0,0.0,959.02527,140.48473,761.1764,139.56061
0.27,0.0,0.0,1018.9669,140.9667,822.6763,140.01007
0.0,0.03,0.0,469.811,206.87637,272.10678,203.89119
0.03,0.03,0.0,531.06256,205.73497,332.08508,202.97523
0.06,0.03,0.0,592.4703,204.74945,392.6768,202.28413
0.09,0.03,0.0,653.93066,203.92273,453.66434,201.80563
0.12,0.03,0.0,715.3617,203.21118,514.94916,201.52988
0.15,0.03,0.0,776.7515,202.58464,576.4032,201.37242
0.18,0.03,0.0,837.9416,202.11256,637.9334,201.32726
0.21,0.03,0.0,898.88727,201.81174,699.4458,201.40166
0.24,0.03,0.0,959.36383,201.78339,760.8592,201.60786
0.27,0.03,0.0,1019.27203,201.95103,822.2818,201.90767
0.0,0.06,0.0,471.2707,268.46198,273.06796,264.94962
0.03,0.06,0.0,532.38214,267.46964,332.9834,264.3124
0.06,0.06,0.0,593.58545,266.59418,393.4947,263.84103
0.09,0.06,0.0,654.7929,265.75168,454.32776,263.55573
0.12,0.06,0.0,716.0412,265.0029,515.4824,263.3827
0.15,0.06,0.0,777.1982,264.2969,576.7093,263.2933
0.18,0.06,0.0,838.22485,263.7087,637.997,263.28033
0.21,0.06,0.0,899.01245,263.2684,699.2643,263.34018
0.24,0.06,0.0,959.4153,263.00348,760.50977,263.47006
0.27,0.06,0.0,1019.27026,262.93256,821.6411,263.6423
0.0,0.09,0.0,472.8233,329.79416,274.25488,325.86557
0.03,0.09,0.0,533.7493,328.8887,334.1444,325.40466
0.06,0.09,0.0,594.73004,328.06528,394.4385,325.12436
0.09,0.09,0.0,655.65106,327.18893,455.1158,324.97272
0.12,0.09,0.0,716.6163,326.40088,516.0842,324.8895
0.15,0.09,0.0,777.5262,325.70764,577.0365,324.8303
0.18,0.09,0.0,838.3862,325.0458,638.0479,324.85828
0.21,0.09,0.0,899.0226,324.47562,699.0409,324.9223
0.24,0.09,0.0,959.2261,324.01117,760.0367,324.97388
0.27,0.09,0.0,1018.9613,323.71957,820.9188,325.11154
0.0,0.12,0.0,474.48077,390.70886,275.71005,386.42245
0.03,0.12,0.0,535.174,389.83163,335.47614,386.1581
0.06,0.12,0.0,595.8224,389.0884,395.53055,386.00983
0.09,0.12,0.0,656.5156,388.24878,456.0,385.95325
0.12,0.12,0.0,717.1638,387.43002,516.68866,385.84662
0.15,0.12,0.0,777.7952,386.64096,577.4248,385.87827
0.18,0.12,0.0,838.4157,385.94553,638.0958,385.93878
0.21,0.12,0.0,898.86914,385.28772,698.81616,386.01938
0.24,0.12,0.0,958.8158,384.67047,759.4696,386.0079
0.27,0.12,0.0,1018.43616,384.2422,820.1255,386.0691
0.0,0.15,0.0,476.20154,451.04517,277.4472,446.50238
0.03,0.15,0.0,536.5931,450.20236,336.91928,446.40436
0.06,0.15,0.0,596.93787,449.48038,396.72803,446.40372
0.09,0.15,0.0,657.33307,448.65836,456.96225,446.3607
0.12,0.15,0.0,717.6713,447.81387,517.39246,446.33466
0.15,0.15,0.0,778.0246,447.05725,577.7677,446.35175
0.18,0.15,0.0,838.35345,446.29684,638.1591,446.4203
0.21,0.15,0.0,898.5543,445.62775,698.53485,446.49036
0.24,0.15,0.0,958.3163,444.8743,758.8793,446.46136
0.27,0.15,0.0,1017.65265,444.29318,819.2407,446.48135
0.0,0.18,0.0,477.89575,510.83264,279.26303,506.06433
0.03,0.18,0.0,537.93396,510.04724,338.376,506.12857
0.06,0.18,0.0,598.0376,509.27905,398.02094,506.18387
0.09,0.18,0.0,658.11414,508.44464,457.9786,506.14835
0.12,0.18,0.0,718.1645,507.64868,518.0132,506.16467
0.15,0.18,0.0,778.19867,506.84445,578.11273,506.18085
0.18,0.18,0.0,838.24335,506.12375,638.2142,506.2273
0.21,0.18,0.0,898.1682,505.39627,698.24725,506.3123
0.24,0.18,0.0,957.67377,504.58862,758.33014,506.3331
0.27,0.18,0.0,1016.6953,503.83176,818.3361,506.32544
0.0,0.21,0.0,479.57916,570.0601,281.2251,565.01855
0.03,0.21,0.0,539.3224,569.2919,340.00476,565.2471
0.06,0.21,0.0,599.13007,568.4135,399.37656,565.2895
0.09,0.21,0.0,658.92035,567.57184,458.95642,565.32886
0.12,0.21,0.0,718.63367,566.8777,518.6745,565.4117
0.15,0.21,0.0,778.399,566.0678,578.44684,565.38513
0.18,0.21,0.0,838.09125,565.2875,638.22614,565.4103
0.21,0.21,0.0,897.69495,564.5821,697.9763,565.50195
0.24,0.21,0.0,956.91315,563.7206,757.73566,565.51215
0.27,0.21,0.0,1015.59875,562.829,817.44165,565.5263
0.0,0.24,0.0,481.2635,628.6713,283.26373,623.33545
0.03,0.24,0.0,540.6938,627.9472,341.73422,623.6377
0.06,0.24,0.0,600.23047,627.005,400.79657,623.7208
0.09,0.24,0.0,659.6582,626.2093,459.99283,623.8691
0.12,0.24,0.0,719.13214,625.593,519.31604,624.0851
0.15,0.24,0.0,778.5286,624.6834,578.7918,623.99
0.18,0.24,0.0,837.90295,623.88995,638.2338,624.0086
0.21,0.24,0.0,897.17554,623.14233,697.7047,624.16406
0.24,0.24,0.0,955.97546,622.1317,757.1197,624.0949
0.27,0.24,0.0,1014.3499,621.11176,816.51245,624.089
0.0,0.27,0.0,482.9482,686.664,285.4935,680.8621
0.03,0.27,0.0,542.07043,685.9133,343.58514,681.27374
0.06,0.27,0.0,601.2635,684.92773,402.283,681.39844
0.09,0.27,0.0,660.40546,684.1968,461.05188,681.63776
0.12,0.27,0.0,719.5861,683.7041,519.95886,682.0721
0.15,0.27,0.0,778.6243,682.66705,579.1234,681.946
0.18,0.27,0.0,837.6399,681.7887,638.25104,681.9367
0.21,0.27,0.0,896.5689,681.04126,697.40247,682.1954
0.24,0.27,0.0,954.8942,679.7806,756.45544,681.96204
0.27,0.27,0.0,1012.9518,678.707,815.5295,681.9857
0.0,0.0,0.0,617.089,257.47104,423.27222,255.12276
0.03,0.0,0.0,675.4665,254.88063,480.33167,253.00119
0.06,0.0,0.0,734.5172,252.34895,538.15796,250.95695
0.09,0.0,0.0,794.1717,249.79596,596.80743,248.95734
0.12,0.0,0.0,854.4142,247.38972,656.2006,247.03369
0.15,0.0,0.0,915.06146,245.13023,716.3609,245.12788
0.18,0.0,0.0,975.9962,243.00943,777.1681,243.27316
0.21,0.0,0.0,1037.016,241.12935,838.5814,241.48376
0.24,0.0,0.0,1097.8871,239.46588,900.4772,239.8527
0.27,0.0,0.0,1158.4941,238.09157,962.71906,238.39815
0.0,0.03,0.0,618.25665,316.26013,423.41513,313.72763
0.03,0.03,0.0,676.7103,314.0177,480.5415,312.06738
0.06,0.03,0.0,735.79553,311.76175,538.484,310.45865
0.09,0.03,0.0,795.5723,309.5319,597.20483,308.88046
0.12,0.03,0.0,855.90674,307.38553,656.6863,307.31146
0.15,0.03,0.0,916.7334,305.30106,716.8713,305.75027
0.18,0.03,0.0,977.84924,303.3731,777.7652,304.1809
0.21,0.03,0.0,1039.0952,301.58057,839.29395,302.68588
0.24,0.03,0.0,1100.2004,300.0088,901.36066,301.27997
0.27,0.03,0.0,1161.0612,298.61874,963.79114,300.0152
0.0,0.06,0.0,619.4217,375.2165,423.65027,372.5539
0.03,0.06,0.0,677.89294,373.30396,480.85492,371.32324
0.06,0.06,0.0,737.052,371.3925,538.8657,370.14935
0.09,0.06,0.0,796.8671,369.48712,597.63257,368.95325
0.12,0.06,0.0,857.3267,367.59955,657.1292,367.77338
0.15,0.06,0.0,918.2529,365.7758,717.3299,366.55792
0.18,0.06,0.0,979.5423,364.02783,778.2768,365.33475
0.21,0.06,0.0,1040.9336,362.42834,839.8578,364.14432
0.24,0.06,0.0,1102.2355,360.89392,902.0708,363.0315
0.27,0.06,0.0,1163.2308,359.61816,964.63715,361.97098
0.0,0.09,0.0,620.5476,434.2001,423.86008,431.48184
0.03,0.09,0.0,679.0812,432.66324,481.23996,430.67334
0.06,0.09,0.0,738.2328,431.06778,539.20715,429.85336
0.09,0.09,0.0,798.1218,429.488,598.02484,429.064
0.12,0.09,0.0,858.63336,427.9454,657.5536,428.25986
0.15,0.09,0.0,919.63995,426.42078,717.76306,427.4233
0.18,0.09,0.0,981.044,424.90393,778.7224,426.54526
0.21,0.09,0.0,1042.5535,423.47256,840.39386,425.6905
0.24,0.09,0.0,1103.8623,422.1321,902.65826,424.87485
0.27,0.09,0.0,1165.0566,420.83533,965.30554,424.09525
0.0,0.12,0.0,621.70776,493.2079,424.22842,490.50375
0.03,0.12,0.0,680.27515,492.0162,481.66998,490.0885
0.06,0.12,0.0,739.3887,490.79596,539.5943,489.6199
0.09,0.12,0.0,799.3435,489.55252,598.43134,489.18124
0.12,0.12,0.0,859.8765,488.36536,657.99115,488.71295
0.15,0.12,0.0,920.938,487.13837,718.17377,488.26727
0.18,0.12,0.0,982.39026,485.9111,779.1473,487.8008
0.21,0.12,0.0,1043.9614,484.67252,840.8601,487.33096
0.24,0.12,0.0,1105.3228,483.43307,903.1522,486.84067
0.27,0.12,0.0,1166.5466,482.23273,965.8273,486.36877
0.0,0.15,0.0,622.89276,552.2008,424.70218,549.49304
0.03,0.15,0.0,681.42896,551.3781,482.0332,549.44806
0.06,0.15,0.0,740.5789,550.56573,539.98517,549.4143
0.09,0.15,0.0,800.53973,549.7028,598.8454,549.3235
0.12,0.15,0.0,861.0934,548.7972,658.3952,549.21564
0.15,0.15,0.0,922.1183,547.8839,718.625,549.124
0.18,0.15,0.0,983.53876,546.94025,779.5839,549.0595
0.21,0.15,0.0,1045.0946,545.9105,841.2572,548.9767
0.24,0.15,0.0,1106.4663,544.8338,903.56354,548.7963
0.27,0.15,0.0,1167.6376,543.6592,966.19116,548.61884
0.0,0.18,0.0,624.04425,611.2757,425.18332,608.44794
0.03,0.18,0.0,682.5455,610.80426,482.3941,608.8271
0.06,0.18,0.0,741.759,610.35657,540.4042,609.1621
0.09,0.18,0.0,801.6612,609.7735,599.2991,609.4464
0.12,0.18,0.0,862.20123,609.24896,658.80176,609.73785
0.15,0.18,0.0,923.17535,608.5906,719.032,610.0137
0.18,0.18,0.0,984.5333,607.90344,779.9836,610.29706
0.21,0.18,0.0,1045.9984,607.08966,841.63135,610.5703
0.24,0.18,0.0,1107.3413,606.1229,903.82654,610.7307
0.27,0.18,0.0,1168.3293,605.0225,966.40564,610.7809
0.0,0.21,0.0,625.1628,670.3288,425.69455,667.3403
0.03,0.21,0.0,683.66705,670.2315,482.84213,668.15076
0.06,0.21,0.0,742.9207,670.03436,540.9165,668.82623
0.09,0.21,0.0,802.8021,669.81866,599.73206,669.4947
0.12,0.21,0.0,863.2391,669.61346,659.1583,670.20905
0.15,0.21,0.0,924.1228,669.2112,719.4238,670.81836
0.18,0.21,0.0,985.32294,668.67615,780.3344,671.4404
0.21,0.21,0.0,1046.6526,668.06586,841.8825,672.0643
0.24,0.21,0.0,1107.8654,667.19495,904.01526,672.47986
0.27,0.21,0.0,1168.7379,666.175,966.4772,672.77966
0.0,0.24,0.0,626.24677,729.3319,426.30682,726.0534
0.03,0.24,0.0,684.7608,729.5516,483.36313,727.31244
0.06,0.24,0.0,744.0301,729.6083,541.4415,728.32745
0.09,0.24,0.0,803.8078,729.71375,600.1876,729.435
0.12,0.24,0.0,864.1217,729.79297,659.4939,730.5941
0.15,0.24,0.0,924.8852,729.56036,719.70996,731.51276
0.18,0.24,0.0,985.89545,729.23663,780.6065,732.4364
0.21,0.24,0.0,1047.118,728.7769,842.04224,733.3435
0.24,0.24,0.0,1108.0583,727.95294,904.0118,733.99634
0.27,0.24,0.0,1168.7086,726.9416,966.26654,734.5039
0.0,0.27,0.0,627.3371,788.06335,427.00174,784.4333
0.03,0.27,0.0,685.8701,788.5772,484.03287,786.09906
0.06,0.27,0.0,745.0534,788.8508,542.06903,787.52893
0.09,0.27,0.0,804.7118,789.2313,600.65173,789.031
0.12,0.27,0.0,864.84296,789.68823,659.8311,790.7223
0.15,0.27,0.0,925.44727,789.54224,720.018,791.8583
0.18,0.27,0.0,986.27045,789.3149,780.75415,793.0393
0.21,0.27,0.0,1047.1815,789.0382,842.0277,794.3119
0.24,0.27,0.0,1107.8826,788.16785,903.81085,795.0271
0.27,0.27,0.0,1168.2968,787.2253,965.83954,795.7457
0.0,0.0,0.0,617.2661,240.59288,414.41016,238.01457
0.03,0.0,0.0,678.6839,241.8716,476.72614,239.80939
0.06,0.0,0.0,739.29504,243.18996,538.43195,241.73055
0.09,0.0,0.0,799.062,244.55545,599.4513,243.67668
0.12,0.0,0.0,857.93915,246.04826,659.769,245.71771
0.15,0.0,0.0,915.7934,247.6667,719.3048,247.80698
0.18,0.0,0.0,972.575,249.41046,778.0289,249.91403
0.21,0.0,0.0,1028.1361,251.29668,835.9563,252.0913
0.24,0.0,0.0,1082.4196,253.33972,892.90546,254.33072
0.27,0.0,0.0,1135.2446,255.5411,948.865,256.66367
0.0,0.03,0.0,617.62225,302.59244,413.63065,299.8675
0.03,0.03,0.0,679.13715,303.46957,476.07507,301.383
0.06,0.03,0.0,739.806,304.36044,537.9016,302.9733
0.09,0.03,0.0,799.63904,305.3278,598.9854,304.64108
0.12,0.03,0.0,858.60986,306.32812,659.3753,306.3062
0.15,0.03,0.0,916.61017,307.411,718.95557,307.97
0.18,0.03,0.0,973.5511,308.63647,777.7609,309.6474
0.21,0.03,0.0,1029.2834,309.9436,835.7663,311.36
0.24,0.03,0.0,1083.7256,311.42416,892.83057,313.13327
0.27,0.03,0.0,1136.7423,312.972,948.9629,314.97745
0.0,0.06,0.0,618.0251,364.81494,412.96915,361.98145
0.03,0.06,0.0,679.50354,365.30634,475.51965,363.1952
0.06,0.06,0.0,740.24347,365.7698,537.4087,364.47507
0.09,0.06,0.0,800.12036,366.28372,598.5809,365.7318
0.12,0.06,0.0,859.18054,366.86194,658.9352,367.06238
0.15,0.06,0.0,917.28516,367.45166,718.55054,368.31888
0.18,0.06,0.0,974.3514,368.15067,777.4348,369.56366
0.21,0.06,0.0,1030.2266,368.90002,835.4834,370.8354
0.24,0.06,0.0,1084.7633,369.81262,892.6945,372.18588
0.27,0.06,0.0,1137.8866,370.7409,948.8765,373.48904
0.0,0.09,0.0,618.40247,427.0827,412.40256,424.21985
0.03,0.09,0.0,679.8554,427.19205,475.01016,425.11517
0.06,0.09,0.0,740.6509,427.24393,536.9526,425.99664
0.09,0.09,0.0,800.6003,427.36368,598.16095,426.9367
0.12,0.09,0.0,859.6294,427.49365,658.4976,427.83536
0.15,0.09,0.0,917.806,427.65475,718.0921,428.7229
0.18,0.09,0.0,975.0236,427.85303,777.0477,429.5462
0.21,0.09,0.0,1030.9974,428.10806,835.1938,430.41888
0.24,0.09,0.0,1085.4987,428.44128,892.3268,431.291
0.27,0.09,0.0,1138.7578,428.78027,948.6714,432.19662
0.0,0.12,0.0,618.7876,489.3858,411.90234,486.5702
0.03,0.12,0.0,680.21484,489.0981,474.54877,487.07635
0.06,0.12,0.0,741.0859,488.76282,536.53986,487.5921
0.09,0.12,0.0,801.02423,488.4716,597.726,488.0921
0.12,0.12,0.0,860.0138,488.18344,658.03235,488.58514
0.15,0.12,0.0,918.16626,487.92252,717.62366,489.09235
0.18,0.12,0.0,975.5178,487.62848,776.6095,489.57495
0.21,0.12,0.0,1031.5809,487.41702,834.84143,490.0274
0.24,0.12,0.0,1085.9875,487.15326,891.9311,490.49677
0.27,0.12,0.0,1139.3907,486.9174,948.3447,490.96906
0.0,0.15,0.0,619.1301,551.72205,411.46423,548.88403
0.03,0.15,0.0,680.60394,551.01855,474.069,549.0277
0.06,0.15,0.0,741.46625,550.3018,536.07855,549.1731
0.09,0.15,0.0,801.36865,549.6261,597.2848,549.285
0.12,0.15,0.0,860.3513,548.9341,657.60834,549.36383
0.15,0.15,0.0,918.537,548.22687,717.20624,549.4891
0.18,0.15,0.0,975.7792,547.47736,776.18317,549.57794
0.21,0.15,0.0,1031.8752,546.74854,834.4125,549.6922
0.24,0.15,0.0,1086.3446,545.9497,891.51624,549.7062
0.27,0.15,0.0,1139.5913,545.1133,947.82825,549.7504
0.0,0.18,0.0,619.43146,614.0609,411.10162,611.15436
0.03,0.18,0.0,680.9851,612.96814,473.68292,610.9727
0.06,0.18,0.0,741.7302,611.8785,535.6255,610.7469
0.09,0.18,0.0,801.6226,610.7787,596.7623,610.4415
0.12,0.18,0.0,860.6838,609.6541,657.1607,610.16174
0.15,0.18,0.0,918.7609,608.4886,716.7379,609.8588
0.18,0.18,0.0,975.9565,607.31116,775.6695,609.5982
0.21,0.18,0.0,1031.9564,606.02893,833.8765,609.3094
0.24,0.18,0.0,1086.4758,604.65564,891.02277,608.9064
0.27,0.18,0.0,1139.5221,603.23157,947.17993,608.4409
0.0,0.21,0.0,619.78375,676.41125,410.83328,673.3042
0.03,0.21,0.0,681.36334,674.9432,473.31076,672.814
0.06,0.21,0.0,742.0161,673.3902,535.1814,672.19977
0.09,0.21,0.0,801.8356,671.8243,596.2939,671.52795
0.12,0.21,0.0,860.95404,670.3132,656.70764,670.9098
0.15,0.21,0.0,918.9181,668.6396,716.2824,670.1958
0.18,0.21,0.0,975.9008,666.90643,775.1398,669.4899
0.21,0.21,0.0,1031.8177,665.14594,833.28094,668.8009
0.24,0.21,0.0,1086.2408,663.2175,890.38727,667.9744
0.27,0.21,0.0,1139.202,661.1593,946.4483,667.027
0.0,0.24,0.0,620.17847,738.66125,410.68558,735.24915
0.03,0.24,0.0,681.64777,736.77496,473.05862,734.4945
0.06,0.24,0.0,742.19965,734.7164,534.7707,733.4821
0.09,0.24,0.0,802.0274,732.7692,595.8463,732.4973
0.12,0.24,0.0,861.1176,730.8096,656.3092,731.5544
0.15,0.24,0.0,918.8675,728.5617,715.75867,730.3894
0.18,0.24,0.0,975.67206,726.31683,774.54376,729.2722
0.21,0.24,0.0,1031.4808,724.0154,832.63403,728.123
0.24,0.24,0.0,1085.679,721.4605,889.56055,726.7711
0.27,0.24,0.0,1138.5471,718.8116,945.52936,725.3586
0.0,0.27,0.0,620.55164,800.5875,410.73825,796.7999
0.03,0.27,0.0,681.9307,798.24866,472.9042,795.7457
0.06,0.27,0.0,742.3088,795.68427,534.4753,794.39716
0.09,0.27,0.0,802.02185,793.29065,595.4288,793.08405
0.12,0.27,0.0,861.12494,790.96594,655.8685,791.9477
0.15,0.27,0.0,918.60925,788.1619,715.20544,790.2913
0.18,0.27,0.0,975.23456,785.295,773.8611,788.6811
0.21,0.27,0.0,1030.998,782.5141,831.9118,787.1747
0.24,0.27,0.0,1084.7588,779.23145,888.54144,785.19165
0.27,0.27,0.0,1137.6566,776.0627,944.4683,783.3172
0.0,0.0,0.0,614.9298,257.50055,421.33878,255.04402
0.03,0.0,0.0,674.1132,256.83466,480.27536,254.89397
0.06,0.0,0.0,733.1962,256.2272,539.3133,254.87007
0.09,0.0,0.0,792.172,255.68199,598.43085,254.86742
0.12,0.0,0.0,851.0204,255.25552,657.5956,254.98529
0.15,0.0,0.0,909.52014,254.98254,716.6785,255.1478
0.18,0.0,0.0,967.5964,254.8668,775.68677,255.37947
0.21,0.0,0.0,1025.0999,254.88412,834.5594,255.6359
0.24,0.0,0.0,1081.8883,255.13176,893.1585,256.03848
0.27,0.0,0.0,1137.8107,255.53333,951.38055,256.56186
0.0,0.03,0.0,615.45886,315.0435,419.88983,312.4149
0.03,0.03,0.0,675.0084,314.34967,479.23984,312.37128
0.06,0.03,0.0,734.44885,313.6836,538.6921,312.39374
0.09,0.03,0.0,793.80853,313.0898,598.1893,312.4608
0.12,0.03,0.0,853.0337,312.56232,657.68335,312.58337
0.15,0.03,0.0,911.9997,312.1254,717.115,312.67752
0.18,0.03,0.0,970.5263,311.79932,776.5237,312.81345
0.21,0.03,0.0,1028.4454,311.6403,835.7675,312.9777
0.24,0.03,0.0,1085.6908,311.61984,894.7871,313.26837
0.27,0.03,0.0,1142.0219,311.77292,953.45496,313.63153
0.0,0.06,0.0,616.02124,373.31927,418.516,370.5821
0.03,0.06,0.0,675.8547,372.61465,478.2565,370.6262
0.06,0.06,0.0,735.6585,371.9336,538.084,370.67368
0.09,0.06,0.0,795.37634,371.25357,597.9176,370.75974
0.12,0.06,0.0,854.97046,370.63644,657.75793,370.86627
0.15,0.06,0.0,914.3344,370.09402,717.51587,370.9594
0.18,0.06,0.0,973.27344,369.60342,777.26324,371.00525
0.21,0.06,0.0,1031.653,369.21527,836.90015,371.11752
0.24,0.06,0.0,1089.2805,368.982,896.3022,371.28824
0.27,0.06,0.0,1145.9913,368.84723,955.3641,371.51212
0.0,0.09,0.0,616.5336,432.25565,417.17236,429.46402
0.03,0.09,0.0,676.69745,431.5941,477.3255,429.5755
0.06,0.09,0.0,736.85254,430.80435,537.5072,429.59348
0.09,0.09,0.0,796.95654,430.10455,597.67914,429.68695
0.12,0.09,0.0,856.85944,429.47012,657.7766,429.8144
0.15,0.09,0.0,916.55566,428.81366,717.88904,429.87875
0.18,0.09,0.0,975.9406,428.17545,777.98145,429.8741
0.21,0.09,0.0,1034.7175,427.5858,837.9792,429.92804
0.24,0.09,0.0,1092.6272,427.1796,897.7117,430.07803
0.27,0.09,0.0,1149.7205,426.70245,957.17584,430.15335
0.0,0.12,0.0,617.0695,491.8323,415.9134,489.0638
0.03,0.12,0.0,677.57806,491.21497,476.42612,489.21558
0.06,0.12,0.0,738.0387,490.38486,536.89886,489.1937
0.09,0.12,0.0,798.47516,489.62128,597.42267,489.24915
0.12,0.12,0.0,858.6711,488.97064,657.8384,489.3883
0.15,0.12,0.0,918.736,488.23434,718.2391,489.45062
0.18,0.12,0.0,978.4744,487.4649,778.67053,489.40387
0.21,0.12,0.0,1037.6025,486.68973,839.01447,489.40402
0.24,0.12,0.0,1095.7416,486.06866,899.0577,489.50446
0.27,0.12,0.0,1153.1917,485.31006,958.8728,489.47394
0.0,0.15,0.0,617.59125,552.12164,414.72626,549.2938
0.03,0.15,0.0,678.4291,551.3889,475.52267,549.4165
0.06,0.15,0.0,739.20886,550.5633,536.26746,549.42365
0.09,0.15,0.0,799.9806,549.83374,597.117,549.4818
0.12,0.15,0.0,860.5099,549.10223,657.88916,549.5593
0.15,0.15,0.0,920.85876,548.30023,718.5968,549.6053
0.18,0.15,0.0,980.8612,547.4337,779.3565,549.58746
0.21,0.15,0.0,1040.2949,546.4754,840.04083,549.55493
0.24,0.15,0.0,1098.6937,545.57446,900.3698,549.56104
0.27,0.15,0.0,1156.3151,544.56116,960.43475,549.4787
0.0,0.18,0.0,618.12573,613.0515,413.57056,610.10565
0.03,0.18,0.0,679.294,612.2683,474.58453,610.24927
0.06,0.18,0.0,740.41675,611.4853,535.6836,610.3263
0.09,0.18,0.0,801.4431,610.7297,596.8478,610.38165
0.12,0.18,0.0,862.278,609.86194,657.9469,610.4079
0.15,0.18,0.0,922.9063,608.9635,718.96454,610.42505
0.18,0.18,0.0,983.1064,607.9595,780.0138,610.41266
0.21,0.18,0.0,1042.7312,606.82776,840.976,610.3325
0.24,0.18,0.0,1101.4281,605.61664,901.6392,610.2211
0.27,0.18,0.0,1159.1688,604.29596,961.8501,609.9978
0.0,0.21,0.0,618.668,674.61804,412.46997,671.4543
0.03,0.21,0.0,680.153,673.8067,473.71,671.66327
0.06,0.21,0.0,741.5412,673.00385,535.1312,671.78217
0.09,0.21,0.0,802.8504,672.1339,596.55585,671.83075
0.12,0.21,0.0,864.0131,671.1728,657.98145,671.8403
0.15,0.21,0.0,924.814,670.1294,719.3196,671.8101
0.18,0.21,0.0,985.17413,668.9379,780.63074,671.7606
0.21,0.21,0.0,1044.9897,667.6035,841.8499,671.6302
0.24,0.21,0.0,1103.8453,666.1365,902.73267,671.35846
0.27,0.21,0.0,1161.694,664.47736,963.1719,670.99615
0.0,0.24,0.0,619.19995,736.69934,411.49356,733.23846
0.03,0.24,0.0,680.9912,735.9223,472.96304,733.5645
0.06,0.24,0.0,742.635,735.02264,534.60815,733.74664
0.09,0.24,0.0,804.1964,734.0536,596.31903,733.79913
0.12,0.24,0.0,865.65674,732.97455,658.0015,733.85736
0.15,0.24,0.0,926.5488,731.7195,719.62244,733.7492
0.18,0.24,0.0,987.0291,730.3256,781.19,733.61194
0.21,0.24,0.0,1047.0052,728.73914,842.645,733.3771
0.24,0.24,0.0,1105.908,726.9268,903.66125,732.9271
0.27,0.24,0.0,1163.8923,724.95056,964.2519,732.3245
0.0,0.27,0.0,619.739,799.1812,410.62277,795.2672
0.03,0.27,0.0,681.7949,798.32086,472.2892,795.73065
0.06,0.27,0.0,743.6709,797.3229,534.1741,795.977
0.09,0.27,0.0,805.4437,796.2177,596.06506,796.085
0.12,0.27,0.0,867.09076,795.0437,658.00214,796.18066
0.15,0.27,0.0,928.0647,793.57465,719.8509,796.0028
0.18,0.27,0.0,988.65686,791.8957,781.62305,795.7405
0.21,0.27,0.0,1048.7618,790.06464,843.2799,795.41003
0.24,0.27,0.0,1107.6289,787.86523,904.3502,794.7235
0.27,0.27,0.0,1165.6799,785.4701,965.10266,793.8994
0.0,0.0,0.0,612.60706,245.2914,410.26965,242.76562
0.03,0.0,0.0,674.66156,244.44304,472.01596,242.42488
0.06,0.0,0.0,736.6627,243.70908,533.94275,242.26912
0.09,0.0,0.0,798.56836,243.06836,595.9953,242.18141
0.12,0.0,0.0,860.30707,242.57051,658.096,242.19522
0.15,0.0,0.0,921.70807,242.22823,720.1541,242.29799
0.18,0.0,0.0,982.60547,242.09952,782.1095,242.44579
0.21,0.0,0.0,1042.8544,242.18346,843.9713,242.75194
0.24,0.0,0.0,1102.2476,242.54083,905.48444,243.18034
0.27,0.0,0.0,1160.6493,243.12013,966.5535,243.80377
0.0,0.03,0.0,613.65643,307.61047,411.1813,304.93268
0.03,0.03,0.0,675.46173,306.79736,472.75006,304.72015
0.06,0.03,0.0,737.226,306.01526,534.4568,304.66727
0.09,0.03,0.0,798.88983,305.29968,596.2603,304.6368
0.12,0.03,0.0,860.43066,304.6586,658.0467,304.6524
0.15,0.03,0.0,921.6403,304.1788,719.8844,304.70493
0.18,0.03,0.0,982.43866,303.82596,781.60095,304.77383
0.21,0.03,0.0,1042.6082,303.67926,843.22015,304.96973
0.24,0.03,0.0,1101.954,303.70248,904.5964,305.2345
0.27,0.03,0.0,1160.3119,303.8931,965.53,305.63974
0.0,0.06,0.0,614.74554,369.51584,412.20752,366.72128
0.03,0.06,0.0,676.22266,368.70947,473.5724,366.6397
0.06,0.06,0.0,737.70496,367.877,535.042,366.60077
0.09,0.06,0.0,799.1134,367.11032,596.53754,366.61237
0.12,0.06,0.0,860.4013,366.44876,658.04645,366.62906
0.15,0.06,0.0,921.4531,365.78543,719.52045,366.65988
0.18,0.06,0.0,982.0906,365.22186,781.0139,366.70734
0.21,0.06,0.0,1042.103,364.8831,842.38025,366.76215
0.24,0.06,0.0,1101.3041,364.62375,903.5394,366.93118
0.27,0.06,0.0,1159.554,364.53183,964.27545,367.18213
0.0,0.09,0.0,615.77875,430.79944,413.29034,427.98743
0.03,0.09,0.0,676.9716,429.9794,474.40366,427.9285
0.06,0.09,0.0,738.13837,429.20407,535.5846,427.9639
0.09,0.09,0.0,799.2829,428.40485,596.7935,427.972
0.12,0.09,0.0,860.2908,427.59946,658.00354,427.9964
0.15,0.09,0.0,921.0801,426.8894,719.1494,427.9802
0.18,0.09,0.0,981.54755,426.26486,780.3413,428.03125
0.21,0.09,0.0,1041.4115,425.72665,841.4671,428.06647
0.24,0.09,0.0,1100.3365,425.2163,902.30347,428.10287
0.27,0.09,0.0,1158.4637,424.77747,962.8883,428.27805
0.0,0.12,0.0,616.8271,491.51407,414.44913,488.71347
0.03,0.12,0.0,677.687,490.6333,475.31723,488.6443
0.06,0.12,0.0,738.57294,489.92947,536.16376,488.71216
0.09,0.12,0.0,799.43243,489.0811,597.08685,488.7146
0.12,0.12,0.0,860.08417,488.25253,657.9418,488.63657
0.15,0.12,0.0,920.631,487.47495,718.7644,488.66144
0.18,0.12,0.0,980.8295,486.77194,779.6589,488.7269
0.21,0.12,0.0,1040.4674,486.0869,840.5216,488.79718
0.24,0.12,0.0,1099.0962,485.28357,901.0359,488.72705
0.27,0.12,0.0,1157.0515,484.62668,961.3555,488.79337
0.0,0.15,0.0,617.8346,551.55945,415.70502,548.7486
0.03,0.15,0.0,678.39746,550.71735,476.22,548.7554
0.06,0.15,0.0,738.96704,550.05176,536.71814,548.8541
0.09,0.15,0.0,799.49756,549.18365,597.34827,548.8443
0.12,0.15,0.0,859.8682,548.32196,657.8877,548.739
0.15,0.15,0.0,920.04865,547.4631,718.4185,548.73755
0.18,0.15,0.0,979.95306,546.638,778.9665,548.7971
0.21,0.15,0.0,1039.319,545.82556,839.5044,548.8778
0.24,0.15,0.0,1097.6342,544.80914,899.7147,548.7232
0.27,0.15,0.0,1155.258,543.8653,959.69025,548.6888
0.0,0.18,0.0,618.81366,611.05084,416.99323,608.1475
0.03,0.18,0.0,679.0717,610.28827,477.07907,608.25616
0.06,0.18,0.0,739.3544,609.4923,537.3161,608.32745
0.09,0.18,0.0,799.5211,608.6117,597.58704,608.24866
0.12,0.18,0.0,859.5854,607.7603,657.8291,608.2377
0.15,0.18,0.0,919.4216,606.8248,718.0429,608.22876
0.18,0.18,0.0,978.9334,605.8818,778.2619,608.2488
0.21,0.18,0.0,1037.916,604.8854,838.42975,608.2634
0.24,0.18,0.0,1095.9935,603.72504,898.3408,608.12933
0.27,0.18,0.0,1153.1912,602.4469,957.8815,607.9306
0.0,0.21,0.0,619.8055,669.951,418.32053,666.8684
0.03,0.21,0.0,679.7586,669.1974,478.00723,667.071
0.06,0.21,0.0,739.65204,668.2732,537.9142,667.0675
0.09,0.21,0.0,799.5214,667.3905,597.83594,667.01624
0.12,0.21,0.0,859.2771,666.55133,657.7405,667.10516
0.15,0.21,0.0,918.6879,665.4611,717.63495,667.00586
0.18,0.21,0.0,977.7428,664.3556,777.5028,666.9813
0.21,0.21,0.0,1036.3197,663.2129,837.3083,666.96606
0.24,0.21,0.0,1094.0629,661.8188,896.82745,666.7631
0.27,0.21,0.0,1150.8766,660.3018,955.9685,666.42413
0.0,0.24,0.0,620.7585,728.1698,419.67493,724.8254
0.03,0.24,0.0,680.40393,727.38983,479.0183,725.11237
0.06,0.24,0.0,739.94946,726.32776,538.5649,725.0232
0.09,0.24,0.0,799.43555,725.4391,598.0896,725.08295
0.12,0.24,0.0,858.83215,724.5972,657.65247,725.3213
0.15,0.24,0.0,917.77563,723.323,717.2055,725.089
0.18,0.24,0.0,976.39557,722.02325,776.70996,724.97095
0.21,0.24,0.0,1034.5837,720.7918,836.12146,724.9648
0.24,0.24,0.0,1091.8198,719.05884,895.20087,724.55304
0.27,0.24,0.0,1148.2324,717.28143,953.9147,724.0803
0.0,0.27,0.0,621.73663,785.5821,421.20453,781.9043
0.03,0.27,0.0,681.0179,784.7197,480.10846,782.20306
0.06,0.27,0.0,740.1609,783.5403,539.25183,782.1478
0.09,0.27,0.0,799.2513,782.5625,598.39825,782.27264
0.12,0.27,0.0,858.2639,781.82245,657.58765,782.684
0.15,0.27,0.0,916.731,780.2556,716.73114,782.32965
0.18,0.27,0.0,974.8706,778.8072,775.85284,782.0962
0.21,0.27,0.0,1032.6376,777.42847,834.8534,782.10205
0.24,0.27,0.0,1089.3088,775.31995,893.386,781.3328
0.27,0.27,0.0,1145.3434,773.32306,951.6998,780.81354
0.0,0.0,0.0,479.13712,358.8669,285.29422,354.85544
0.03,0.0,0.0,536.9013,356.80594,341.01196,353.263
0.06,0.0,0.0,595.38086,354.71396,397.82645,351.78482
0.09,0.0,0.0,654.5499,352.63232,455.62308,350.3549
0.12,0.0,0.0,714.4654,350.57538,514.3563,348.97043
0.15,0.0,0.0,775.1282,348.4684,573.87244,347.6262
0.18,0.0,0.0,836.41846,346.43375,634.1699,346.2572
0.21,0.0,0.0,898.2818,344.41608,695.1979,344.91373
0.24,0.0,0.0,960.5593,342.53412,757.00085,343.5332
0.27,0.0,0.0,1023.01105,340.72537,819.5467,342.17828
0.0,0.03,0.0,480.25867,418.00482,285.35562,413.66327
0.03,0.03,0.0,538.0583,416.30118,341.179,412.59674
0.06,0.03,0.0,596.5479,414.6124,398.0756,411.56583
0.09,0.03,0.0,655.76715,412.90817,455.97546,410.58737
0.12,0.03,0.0,715.73895,411.20245,514.7596,409.6401
0.15,0.03,0.0,776.4244,409.4495,574.29944,408.70276
0.18,0.03,0.0,837.7708,407.69403,634.62744,407.745
0.21,0.03,0.0,899.7305,406.02078,695.6521,406.74258
0.24,0.03,0.0,962.0798,404.35843,757.48895,405.7554
0.27,0.03,0.0,1024.6987,402.792,820.0685,404.77014
0.0,0.06,0.0,481.3641,477.16815,285.57443,472.613
0.03,0.06,0.0,539.1857,475.8594,341.42404,472.05872
0.06,0.06,0.0,597.75366,474.54553,398.3915,471.46835
0.09,0.06,0.0,656.96545,473.20255,456.3221,470.9223
0.12,0.06,0.0,716.9448,471.8275,515.15845,470.3638
0.15,0.06,0.0,777.64,470.47986,574.7125,469.80377
0.18,0.06,0.0,839.05054,469.1004,635.03326,469.20837
0.21,0.06,0.0,901.0636,467.70108,696.0652,468.62332
0.24,0.06,0.0,963.4986,466.36963,757.9433,468.02615
0.27,0.06,0.0,1026.146,465.03705,820.52893,467.41016
0.0,0.09,0.0,482.4405,536.384,285.89743,531.6132
0.03,0.09,0.0,540.38007,535.4142,341.88596,531.49146
0.06,0.09,0.0,598.8626,534.4707,398.7335,531.4159
0.09,0.09,0.0,658.14923,533.49316,456.69168,531.24365
0.12,0.09,0.0,718.1713,532.4991,515.59033,531.0685
0.15,0.09,0.0,778.8604,531.5272,575.1592,530.8787
0.18,0.09,0.0,840.3004,530.50806,635.4202,530.66364
0.21,0.09,0.0,902.329,529.5277,696.5281,530.4854
0.24,0.09,0.0,964.7843,528.4754,758.3215,530.31445
0.27,0.09,0.0,1027.4034,527.35095,820.93225,530.0944
0.0,0.12,0.0,483.59607,595.60583,286.42215,590.5522
0.03,0.12,0.0,541.5765,595.0139,342.41617,590.91925
0.06,0.12,0.0,600.00354,594.4598,399.12952,591.29944
0.09,0.12,0.0,659.3094,593.8358,457.10812,591.5476
0.12,0.12,0.0,719.39996,593.1958,516.03357,591.7629
0.15,0.12,0.0,780.1049,592.5734,575.5621,591.95886
0.18,0.12,0.0,841.4899,591.9852,635.83923,592.17365
0.21,0.12,0.0,903.5072,591.31305,696.8881,592.3914
0.24,0.12,0.0,965.8655,590.4889,758.7942,592.567
0.27,0.12,0.0,1028.4805,589.6379,821.34906,592.73785
0.0,0.15,0.0,484.86414,654.74744,287.25662,649.32245
0.03,0.15,0.0,542.72034,654.5923,343.04688,650.23346
0.06,0.15,0.0,601.1629,654.4621,399.67355,651.1283
0.09,0.15,0.0,660.4963,654.2093,457.59485,651.8025
0.12,0.15,0.0,720.5846,653.90497,516.47046,652.4248
0.15,0.15,0.0,781.27686,653.6171,575.9767,653.0225
0.18,0.15,0.0,842.6257,653.36084,636.2557,653.6523
0.21,0.15,0.0,904.54474,652.98724,697.26025,654.27
0.24,0.15,0.0,966.80444,652.39105,759.147,654.76227
0.27,0.15,0.0,1029.2705,651.73047,821.6668,655.31085
0.0,0.18,0.0,486.1418,713.8247,288.20386,707.8981
0.03,0.18,0.0,543.85156,714.0921,343.7377,709.3705
0.06,0.18,0.0,602.3649,714.3281,400.4036,710.71704
0.09,0.18,0.0,661.68365,714.4293,458.24478,711.8666
0.12,0.18,0.0,721.67096,714.5381,516.9298,712.9708
0.15,0.18,0.0,782.3527,714.57056,576.40546,714.0046
0.18,0.18,0.0,843.6168,714.5775,636.65045,715.00244
0.21,0.18,0.0,905.4257,714.4835,697.66296,716.0177
0.24,0.18,0.0,967.5482,714.1155,759.47345,716.90924
0.27,0.18,0.0,1029.8116,713.5812,821.91187,717.7158
0.0,0.21,0.0,487.4622,772.62616,289.3095,766.1108
0.03,0.21,0.0,545.0555,773.3755,344.65018,768.1496
0.06,0.21,0.0,603.64014,773.9411,401.32318,769.9516
0.09,0.21,0.0,662.8431,774.3984,459.00775,771.6217
0.12,0.21,0.0,722.73456,774.92,517.4355,773.25116
0.15,0.21,0.0,783.35345,775.24054,576.8538,774.69574
0.18,0.21,0.0,844.49115,775.4625,637.0809,776.072
0.21,0.21,0.0,906.1051,775.5966,698.024,777.49414
0.24,0.21,0.0,968.04926,775.45294,759.7007,778.70557
0.27,0.21,0.0,1030.0929,775.048,822.00543,779.7811
0.0,0.24,0.0,488.88586,831.0759,290.66165,823.86926
0.03,0.24,0.0,546.4131,832.23895,345.84006,826.46234
0.06,0.24,0.0,604.9078,833.1232,402.44296,828.71765
0.09,0.24,0.0,663.9923,834.01013,459.82578,830.9169
0.12,0.24,0.0,723.69965,834.9538,518.02277,833.142
0.15,0.24,0.0,784.2007,835.47534,577.385,834.9439
0.18,0.24,0.0,845.17755,835.892,637.48364,836.7309
0.21,0.24,0.0,906.6007,836.29895,698.25116,838.54895
0.24,0.24,0.0,968.264,836.227,759.8155,840.0061
0.27,0.24,0.0,1030.0453,835.92175,821.9406,841.3275
0.0,0.27,0.0,490.38248,888.99115,292.20374,881.0364
0.03,0.27,0.0,547.8403,890.4984,347.27985,884.11475
0.06,0.27,0.0,606.21826,891.7031,403.70853,886.8061
0.09,0.27,0.0,665.13763,892.98126,460.84525,889.5423
0.12,0.27,0.0,724.599,894.4043,518.73065,892.3968
0.15,0.27,0.0,784.94525,895.0611,577.9826,894.5494
0.18,0.27,0.0,845.71246,895.7012,637.90936,896.72345
0.21,0.27,0.0,906.83594,896.3409,698.41077,898.95056
0.24,0.27,0.0,968.20685,896.22864,759.8072,900.52356
0.27,0.27,0.0,1029.6914,896.11523,821.69916,902.1965
