0.0,0.0,0.0,699.1955,253.0277,699.1955,253.0277
0.03,0.0,0.0,729.6383,252.56093,729.6383,252.56093
0.06,0.0,0.0,759.6947,252.42058,759.6947,252.42058
0.09,0.0,0.0,788.9667,252.88766,788.9667,252.88766
0.12,0.0,0.0,817.3758,253.73799,817.3758,253.73799
0.15,0.0,0.0,844.858,255.03384,844.858,255.03384
0.18,0.0,0.0,871.19635,256.7284,871.19635,256.7284
0.21,0.0,0.0,896.4361,258.70694,896.4361,258.70694
0.24,0.0,0.0,920.44867,260.96762,920.44867,260.96762
0.27,0.0,0.0,943.2172,263.21667,943.2172,263.21667
0.0,0.03,0.0,701.8408,280.3837,701.8408,280.3837
0.03,0.03,0.0,732.8331,279.7262,732.8331,279.7262
0.06,0.03,0.0,763.28754,279.48068,763.28754,279.48068
0.09,0.03,0.0,792.9302,279.72247,792.9302,279.72247
0.12,0.03,0.0,821.7303,280.36475,821.7303,280.36475
0.15,0.03,0.0,849.4998,281.32135,849.4998,281.32135
0.18,0.03,0.0,876.1346,282.6925,876.1346,282.6925
0.21,0.03,0.0,901.5879,284.33664,901.5879,284.33664
0.24,0.03,0.0,925.7271,286.18414,925.7271,286.18414
0.27,0.03,0.0,948.64526,288.2741,948.64526,288.2741
0.0,0.06,0.0,704.4827,309.1639,704.4827,309.1639
0.03,0.06,0.0,735.8427,308.30777,735.8427,308.30777
0.06,0.06,0.0,766.7143,307.8753,766.7143,307.8753
0.09,0.06,0.0,796.78937,307.85278,796.78937,307.85278
0.12,0.06,0.0,825.9397,308.22772,825.9397,308.22772
0.15,0.06,0.0,853.9719,308.90887,853.9719,308.90887
0.18,0.06,0.0,880.8401,309.92172,880.8401,309.92172
0.21,0.06,0.0,906.43396,311.18954,906.43396,311.18954
0.24,0.06,0.0,930.70416,312.67468,930.70416,312.67468
0.27,0.06,0.0,953.72797,314.3538,953.72797,314.3538
0.0,0.09,0.0,707.0666,339.14636,707.0666,339.14636
0.03,0.09,0.0,738.78876,338.1567,738.78876,338.1567
0.06,0.09,0.0,770.0772,337.49698,770.0772,337.49698
0.09,0.09,0.0,800.4538,337.25833,800.4538,337.25833
0.12,0.09,0.0,829.84863,337.2741,829.84863,337.2741
0.15,0.09,0.0,858.1163,337.5762,858.1163,337.5762
0.18,0.09,0.0,885.1691,338.17072,885.1691,338.17072
0.21,0.09,0.0,910.9836,339.04837,910.9836,339.04837
0.24,0.09,0.0,935.3943,340.08652,935.3943,340.08652
0.27,0.09,0.0,958.3302,341.27817,958.3302,341.27817
0.0,0.12,0.0,709.5484,370.23715,709.5484,370.23715
0.03,0.12,0.0,741.6416,369.07697,741.6416,369.07697
0.06,0.12,0.0,773.19183,368.19778,773.19183,368.19778
0.09,0.12,0.0,803.8314,367.59467,803.8314,367.59467
0.12,0.12,0.0,833.48895,367.32703,833.48895,367.32703
0.15,0.12,0.0,861.98346,367.24268,861.98346,367.24268
0.18,0.12,0.0,889.1394,367.37518,889.1394,367.37518
0.21,0.12,0.0,915.0873,367.7506,915.0873,367.7506
0.24,0.12,0.0,939.5441,368.26395,939.5441,368.26395
0.27,0.12,0.0,962.5611,369.0007,962.5611,369.0007
0.0,0.15,0.0,711.8938,402.23148,711.8938,402.23148
0.03,0.15,0.0,744.309,400.8673,744.309,400.8673
0.06,0.15,0.0,776.0998,399.71643,776.0998,399.71643
0.09,0.15,0.0,806.98535,398.82446,806.98535,398.82446
0.12,0.15,0.0,836.7821,398.16742,836.7821,398.16742
0.15,0.15,0.0,865.4296,397.6166,865.4296,397.6166
0.18,0.15,0.0,892.72235,397.32907,892.72235,397.32907
0.21,0.15,0.0,918.7049,397.16904,918.7049,397.16904
0.24,0.15,0.0,943.26886,397.17694,943.26886,397.17694
0.27,0.15,0.0,966.2068,397.30252,966.2068,397.30252
0.0,0.18,0.0,714.2134,434.98682,714.2134,434.98682
0.03,0.18,0.0,746.73425,433.4174,746.73425,433.4174
0.06,0.18,0.0,778.67676,432.0001,778.67676,432.0001
0.09,0.18,0.0,809.71136,430.72394,809.71136,430.72394
0.12,0.18,0.0,839.68506,429.6252,839.68506,429.6252
0.15,0.18,0.0,868.38727,428.61877,868.38727,428.61877
0.18,0.18,0.0,895.8193,427.80026,895.8193,427.80026
0.21,0.18,0.0,921.80505,427.1906,921.80505,427.1906
0.24,0.18,0.0,946.36365,426.61163,946.36365,426.61163
0.27,0.18,0.0,969.39734,426.07532,969.39734,426.07532
0.0,0.21,0.0,716.2135,468.20673,716.2135,468.20673
0.03,0.21,0.0,748.9663,466.39233,748.9663,466.39233
0.06,0.21,0.0,781.0017,464.7189,781.0017,464.7189
0.09,0.21,0.0,812.17535,463.0934,812.17535,463.0934
0.12,0.21,0.0,842.15265,461.54773,842.15265,461.54773
0.15,0.21,0.0,870.9673,460.1259,870.9673,460.1259
0.18,0.21,0.0,898.3393,458.746,898.3393,458.746
0.21,0.21,0.0,924.40204,457.5109,924.40204,457.5109
0.24,0.21,0.0,948.9373,456.35544,948.9373,456.35544
0.27,0.21,0.0,971.9083,455.2917,971.9083,455.2917
0.0,0.24,0.0,718.1925,501.63293,718.1925,501.63293
0.03,0.24,0.0,750.93384,499.63397,750.93384,499.63397
0.06,0.24,0.0,782.987,497.6448,782.987,497.6448
0.09,0.24,0.0,814.1405,495.65158,814.1405,495.65158
0.12,0.24,0.0,844.11884,493.6647,844.11884,493.6647
0.15,0.24,0.0,872.919,491.71808,872.919,491.71808
0.18,0.24,0.0,900.28613,489.86517,900.28613,489.86517
0.21,0.24,0.0,926.3283,488.09903,926.3283,488.09903
0.24,0.24,0.0,950.85583,486.32605,950.85583,486.32605
0.27,0.24,0.0,973.87823,484.65494,973.87823,484.65494
0.0,0.27,0.0,719.8903,534.93933,719.8903,534.93933
0.03,0.27,0.0,752.5674,532.7129,752.5674,532.7129
0.06,0.27,0.0,784.5656,530.40594,784.5656,530.40594
0.09,0.27,0.0,815.62756,528.0323,815.62756,528.0323
0.12,0.27,0.0,845.6148,525.6614,845.6148,525.6614
0.15,0.27,0.0,874.3078,523.2357,874.3078,523.2357
0.18,0.27,0.0,901.6705,520.83563,901.6705,520.83563
0.21,0.27,0.0,927.633,518.38043,927.633,518.38043
0.24,0.27,0.0,952.2108,516.10645,952.2108,516.10645
0.27,0.27,0.0,975.2176,513.8393,975.2176,513.8393
