0.0,0.0,0.0,477.61685,162.35423,290.4832,158.35544
0.03,0.0,0.0,534.2413,158.64058,345.10788,154.71675
0.06,0.0,0.0,591.7034,155.01932,400.8669,151.22868
0.09,0.0,0.0,649.9143,151.51314,457.66763,147.89459
0.12,0.0,0.0,708.9002,148.08752,515.4837,144.74736
0.15,0.0,0.0,768.508,144.83313,574.16925,141.66667
0.18,0.0,0.0,828.67505,141.7258,633.72534,138.68257
0.21,0.0,0.0,889.27,138.83331,694.04236,135.80493
0.24,0.0,0.0,950.1314,136.12984,755.0952,133.0575
0.27,0.0,0.0,1011.09625,133.77628,816.7685,130.48767
0.0,0.03,0.0,478.49432,219.85071,289.90817,215.41698
0.03,0.03,0.0,535.27356,216.57913,344.81046,212.36739
0.06,0.03,0.0,592.9056,213.37125,400.80792,209.41212
0.09,0.03,0.0,651.2801,210.23714,457.81943,206.60626
0.12,0.03,0.0,710.4,207.1364,515.78705,203.90749
0.15,0.03,0.0,770.19403,204.1332,574.6203,201.25784
0.18,0.03,0.0,830.5315,201.26033,634.32263,198.67424
0.21,0.03,0.0,891.38354,198.5282,694.7594,196.14197
0.24,0.03,0.0,952.5123,195.97903,755.9905,193.6983
0.27,0.03,0.0,1013.80206,193.65529,817.915,191.37099
0.0,0.06,0.0,479.536,277.8059,289.60065,273.01752
0.03,0.06,0.0,536.397,274.99057,344.6809,270.51892
0.06,0.06,0.0,594.11127,272.17868,400.85358,268.0803
0.09,0.06,0.0,652.61237,269.40192,458.0379,265.75854
0.12,0.06,0.0,711.8422,266.6519,516.18085,263.54938
0.15,0.06,0.0,771.7171,263.95593,575.0856,261.34164
0.18,0.06,0.0,832.2775,261.31058,634.88116,259.14618
0.21,0.06,0.0,893.29065,258.7631,695.4737,256.98416
0.24,0.06,0.0,954.6438,256.3826,756.8271,254.90657
0.27,0.06,0.0,1016.1943,254.19196,818.88477,252.8338
0.0,0.09,0.0,480.57343,336.032,289.45386,330.95618
0.03,0.09,0.0,537.6416,333.67017,344.7971,329.00995
0.06,0.09,0.0,595.3707,331.23773,401.0036,327.06958
0.09,0.09,0.0,653.9214,328.84384,458.3796,325.25272
0.12,0.09,0.0,713.26117,326.47086,516.6416,323.4774
0.15,0.09,0.0,773.2474,324.08493,575.6536,321.71768
0.18,0.09,0.0,833.8729,321.67902,635.46014,319.9136
0.21,0.09,0.0,895.0465,319.38058,696.0791,318.1507
0.24,0.09,0.0,956.56274,317.26297,757.5423,316.43564
0.27,0.09,0.0,1018.2908,315.1742,819.72485,314.6691
0.0,0.12,0.0,481.80667,394.4605,289.56998,389.25925
0.03,0.12,0.0,538.97534,392.50638,345.09933,387.7941
0.06,0.12,0.0,596.6765,390.4555,401.33484,386.31616
0.09,0.12,0.0,655.2647,388.44522,458.77896,384.92197
0.12,0.12,0.0,714.65564,386.42798,517.19934,383.5979
0.15,0.12,0.0,774.69037,384.40408,576.2352,382.2565
0.18,0.12,0.0,835.39844,382.29675,636.05,380.843
0.21,0.12,0.0,896.67267,380.28226,696.7099,379.4578
0.24,0.12,0.0,958.32007,378.38376,758.2558,378.1601
0.27,0.12,0.0,1020.20715,376.4813,820.48804,376.7725
0.0,0.15,0.0,483.13013,452.96732,289.9051,447.70496
0.03,0.15,0.0,540.26965,451.36963,345.42822,446.724
0.06,0.15,0.0,598.00354,449.7308,401.75168,445.7298
0.09,0.15,0.0,656.6401,448.0882,459.26807,444.7578
0.12,0.15,0.0,716.0387,446.4598,517.71515,443.81342
0.15,0.15,0.0,776.0791,444.7597,576.8319,442.86
0.18,0.15,0.0,836.8581,443.0366,636.67914,441.86588
0.21,0.15,0.0,898.16406,441.3173,697.3412,440.89584
0.24,0.15,0.0,959.90247,439.67734,758.9159,439.95114
0.27,0.15,0.0,1021.8486,437.9731,821.24023,439.0194
0.0,0.18,0.0,484.46408,511.4863,290.35724,506.27267
0.03,0.18,0.0,541.5468,510.27878,345.8029,505.7541
0.06,0.18,0.0,599.3977,509.05612,402.30905,505.21066
0.09,0.18,0.0,658.03143,507.79865,459.85226,504.642
0.12,0.18,0.0,717.37836,506.4788,518.2244,504.07523
0.15,0.18,0.0,777.43506,505.14935,577.36304,503.5327
0.18,0.18,0.0,838.21747,503.807,637.29553,502.96622
0.21,0.18,0.0,899.5676,502.4257,698.0223,502.46274
0.24,0.18,0.0,961.32513,500.98483,759.53735,501.8768
0.27,0.18,0.0,1023.2751,499.58957,821.9697,501.33295
0.0,0.21,0.0,485.85733,569.97723,290.91327,564.8844
0.03,0.21,0.0,542.881,569.155,346.33612,564.8336
0.06,0.21,0.0,600.8005,568.28436,402.9547,564.7293
0.09,0.21,0.0,659.4059,567.3879,460.4707,564.5744
0.12,0.21,0.0,718.7011,566.4758,518.7421,564.45496
0.15,0.21,0.0,778.8057,565.5462,577.9528,564.2715
0.18,0.21,0.0,839.55676,564.52234,637.94556,564.1297
0.21,0.21,0.0,900.88934,563.46985,698.672,564.0242
0.24,0.21,0.0,962.6143,562.3636,760.22943,563.8654
0.27,0.21,0.0,1024.5322,561.14996,822.6715,563.7558
0.0,0.24,0.0,487.19186,628.45953,291.5675,623.44855
0.03,0.24,0.0,544.256,628.0262,346.97583,623.9002
0.06,0.24,0.0,602.2142,627.4922,403.65634,624.2276
0.09,0.24,0.0,660.77124,626.9754,461.06866,624.5361
0.12,0.24,0.0,720.01825,626.473,519.2731,624.90247
0.15,0.24,0.0,780.1466,625.8483,578.56134,625.09283
0.18,0.24,0.0,840.8242,625.20654,638.5888,625.35
0.21,0.24,0.0,902.0751,624.4906,699.3184,625.6815
0.24,0.24,0.0,963.7058,623.5932,760.9412,625.9313
0.27,0.24,0.0,1025.5135,622.57544,823.3282,626.18024
0.0,0.27,0.0,488.5937,686.79767,292.34488,681.90924
0.03,0.27,0.0,545.6829,686.755,347.82852,682.8571
0.06,0.27,0.0,603.6397,686.5542,404.47412,683.62244
0.09,0.27,0.0,662.1933,686.4235,461.82495,684.42
0.12,0.27,0.0,721.32855,686.38324,519.85144,685.31866
0.15,0.27,0.0,781.39355,686.0222,579.191,685.9152
0.18,0.27,0.0,842.01154,685.65955,639.2218,686.5749
0.21,0.27,0.0,903.1418,685.29865,699.9084,687.36475
0.24,0.27,0.0,964.6166,684.5185,761.57745,687.90424
0.27,0.27,0.0,1026.2959,683.7337,823.88477,688.5485
0.0,0.0,0.0,471.2903,346.59988,269.0985,341.3304
0.03,0.0,0.0,533.3798,346.90375,331.55292,342.0763
0.06,0.0,0.0,594.8271,347.2059,393.74792,342.944
0.09,0.0,0.0,655.5727,347.55603,455.5492,343.9213
0.12,0.0,0.0,715.63275,347.90384,516.7921,344.9533
0.15,0.0,0.0,774.917,348.29984,577.4227,346.0866
0.18,0.0,0.0,833.4407,348.70215,637.27496,347.15475
0.21,0.0,0.0,891.0691,349.2108,696.45135,348.24792
0.24,0.0,0.0,947.697,349.74683,754.96155,349.36835
0.27,0.0,0.0,1003.2375,350.3933,812.8085,350.49747
0.0,0.03,0.0,471.7457,408.69498,268.37775,403.2596
0.03,0.03,0.0,533.90875,408.6498,330.98126,403.81265
0.06,0.03,0.0,595.38055,408.62442,393.30847,404.42227
0.09,0.03,0.0,656.1455,408.5902,455.1917,405.07825
0.12,0.03,0.0,716.20154,408.58902,516.51544,405.81775
0.15,0.03,0.0,775.516,408.5904,577.1016,406.5351
0.18,0.03,0.0,834.07465,408.58145,637.02563,407.28442
0.21,0.03,0.0,891.7497,408.62,696.2709,408.02267
0.24,0.03,0.0,948.4585,408.73135,754.79565,408.79044
0.27,0.03,0.0,1004.08624,408.8925,812.701,409.54892
0.0,0.06,0.0,472.26767,470.82507,267.86905,465.3879
0.03,0.06,0.0,534.421,470.4363,330.48718,465.68253
0.06,0.06,0.0,595.9215,470.06662,392.90045,466.00012
0.09,0.06,0.0,656.69806,469.69693,454.83435,466.3826
0.12,0.06,0.0,716.7335,469.29846,516.1972,466.7222
0.15,0.06,0.0,776.05676,468.9085,576.8179,467.11362
0.18,0.06,0.0,834.6626,468.52362,636.77954,467.47125
0.21,0.06,0.0,892.3725,468.15878,696.06696,467.89957
0.24,0.06,0.0,949.1072,467.80087,754.64667,468.28168
0.27,0.06,0.0,1004.7397,467.4402,812.5532,468.69125
0.0,0.09,0.0,472.8237,533.02545,267.51025,527.57733
0.03,0.09,0.0,534.98914,532.2847,330.19812,527.7141
0.06,0.09,0.0,596.4878,531.5108,392.59677,527.71484
0.09,0.09,0.0,657.2729,530.7788,454.56876,527.69696
0.12,0.09,0.0,717.29443,529.9902,515.88855,527.7247
0.15,0.09,0.0,776.567,529.2411,576.5669,527.72455
0.18,0.09,0.0,835.2006,528.4536,636.5911,527.72644
0.21,0.09,0.0,892.9594,527.69025,695.9228,527.7865
0.24,0.09,0.0,949.5729,526.85614,754.43384,527.8353
0.27,0.09,0.0,1005.2615,526.0427,812.4131,527.90173
0.0,0.12,0.0,473.4937,595.13824,267.3033,589.82184
0.03,0.12,0.0,535.5787,594.0275,329.98724,589.63885
0.06,0.12,0.0,597.09784,592.9481,392.3316,589.42053
0.09,0.12,0.0,657.85205,591.80725,454.30524,589.1067
0.12,0.12,0.0,717.78516,590.63934,515.63837,588.7188
0.15,0.12,0.0,777.0624,589.5057,576.31946,588.3782
0.18,0.12,0.0,835.69434,588.35144,636.3762,588.0769
0.21,0.12,0.0,893.4537,587.1872,695.72504,587.7887
0.24,0.12,0.0,949.9318,585.8936,754.2557,587.4439
0.27,0.12,0.0,1005.61584,584.58594,812.24567,587.17053
0.0,0.15,0.0,474.16006,657.07697,267.4153,651.8712
0.03,0.15,0.0,536.21783,655.6746,329.94162,651.5341
0.06,0.15,0.0,597.6675,654.3005,392.2106,651.1008
0.09,0.15,0.0,658.4076,652.7969,454.10596,650.49255
0.12,0.15,0.0,718.32184,651.2454,515.41705,649.7803
0.15,0.15,0.0,777.5342,649.7039,576.0703,649.1068
0.18,0.15,0.0,836.05835,648.1343,636.1663,648.42444
0.21,0.15,0.0,893.77136,646.5532,695.5516,647.81714
0.24,0.15,0.0,950.1938,644.76825,754.07495,647.0822
0.27,0.15,0.0,1005.6816,642.9934,812.0015,646.4154
0.0,0.18,0.0,474.96167,718.843,267.7162,713.72833
0.03,0.18,0.0,536.9025,717.18353,330.04492,713.22797
0.06,0.18,0.0,598.2667,715.41956,392.19943,712.5677
0.09,0.18,0.0,658.88226,713.5716,453.98822,711.7233
0.12,0.18,0.0,718.82324,711.67596,515.26465,710.8064
0.15,0.18,0.0,777.9643,709.7124,575.8949,709.77136
0.18,0.18,0.0,836.35516,707.7285,635.9102,708.77484
0.21,0.18,0.0,893.8799,705.6498,695.3004,707.7794
0.24,0.18,0.0,950.31177,703.4705,753.8775,706.6824
0.27,0.18,0.0,1005.55237,701.082,811.6865,705.5538
0.0,0.21,0.0,475.91818,780.2262,268.30545,775.2283
0.03,0.21,0.0,537.6915,778.31335,330.43808,774.6227
0.06,0.21,0.0,598.87244,776.2103,392.3878,773.7143
0.09,0.21,0.0,659.426,774.0237,453.99878,772.6723
0.12,0.21,0.0,719.3138,771.8174,515.1877,771.5462
0.15,0.21,0.0,778.32434,769.4336,575.7527,770.2438
0.18,0.21,0.0,836.5131,766.93896,635.7143,768.8952
0.21,0.21,0.0,893.8893,764.4368,695.0255,767.54266
0.24,0.21,0.0,950.17004,761.7006,753.5628,766.0603
0.27,0.21,0.0,1005.24426,758.84045,811.3218,764.4792
0.0,0.24,0.0,477.00958,841.0956,269.19302,836.2372
0.03,0.24,0.0,538.58936,838.93756,331.03226,835.53876
0.06,0.24,0.0,599.5496,836.47534,392.74844,834.4257
0.09,0.24,0.0,659.9564,833.9962,454.20282,833.27686
0.12,0.24,0.0,719.73315,831.5231,515.2201,831.99774
0.15,0.24,0.0,778.5445,828.6417,575.6583,830.31964
0.18,0.24,0.0,836.5431,825.6809,635.49713,828.64105
0.21,0.24,0.0,893.7813,822.7229,694.762,826.9965
0.24,0.24,0.0,949.77576,819.4563,753.17896,825.078
0.27,0.24,0.0,1004.6806,816.01166,810.80475,823.1026
0.0,0.27,0.0,478.26132,901.22754,270.36047,896.5563
0.03,0.27,0.0,539.59064,898.79663,331.92307,895.73083
0.06,0.27,0.0,600.282,895.99945,393.39813,894.4381
0.09,0.27,0.0,660.4546,893.24414,454.54288,893.1137
0.12,0.27,0.0,720.12,890.5388,515.4139,891.84436
0.15,0.27,0.0,778.6282,887.1295,575.6187,889.8418
0.18,0.27,0.0,836.43225,883.7595,635.3122,887.8495
0.21,0.27,0.0,893.5044,880.3749,694.4927,885.95264
0.24,0.27,0.0,949.07263,876.45605,752.62665,883.4367
0.27,0.27,0.0,1003.82495,872.53827,810.1844,881.1156
0.0,0.0,0.0,476.23892,358.2257,283.07648,353.02954
0.03,0.0,0.0,535.19275,357.26157,341.38574,352.52817
0.06,0.0,0.0,594.215,356.349,400.11118,352.14117
0.09,0.0,0.0,653.2882,355.40427,459.1157,351.8135
0.12,0.0,0.0,712.3915,354.52747,518.3229,351.56802
0.15,0.0,0.0,771.4454,353.65784,577.5693,351.36127
0.18,0.0,0.0,830.4131,352.78543,636.8835,351.1715
0.21,0.0,0.0,889.1421,351.98788,696.1803,350.9918
0.24,0.0,0.0,947.56757,351.30078,755.5321,350.78836
0.27,0.0,0.0,1005.5193,350.69742,814.8948,350.67978
0.0,0.03,0.0,476.13666,416.31143,281.01788,410.99973
0.03,0.03,0.0,535.44727,415.39807,339.69232,410.62515
0.06,0.03,0.0,594.8101,414.46185,398.82578,410.33035
0.09,0.03,0.0,654.2245,413.5809,458.21762,410.0844
0.12,0.03,0.0,713.6043,412.6756,517.77576,409.91278
0.15,0.03,0.0,772.9862,411.75037,577.36835,409.7125
0.18,0.03,0.0,832.32983,410.8353,637.0115,409.5172
0.21,0.03,0.0,891.4409,409.95633,696.6878,409.32755
0.24,0.03,0.0,950.225,409.14276,756.375,409.13324
0.27,0.03,0.0,1008.57196,408.39398,816.0742,408.97824
0.0,0.06,0.0,476.07184,475.0513,279.06122,469.7232
0.03,0.06,0.0,535.71295,474.19492,338.0844,469.48355
0.06,0.06,0.0,595.4172,473.25018,397.55475,469.2541
0.09,0.06,0.0,655.1281,472.3416,457.34933,469.03543
0.12,0.06,0.0,714.8562,471.4403,517.27264,468.86224
0.15,0.06,0.0,774.5428,470.49127,577.19806,468.6639
0.18,0.06,0.0,834.1924,469.5453,637.1615,468.50867
0.21,0.06,0.0,893.66895,468.59073,697.161,468.32135
0.24,0.06,0.0,952.7789,467.68158,757.1949,468.1614
0.27,0.06,0.0,1011.42035,466.75177,817.2679,467.99597
0.0,0.09,0.0,476.02768,534.42926,277.18564,529.1094
0.03,0.09,0.0,536.0189,533.588,336.59973,529.0091
0.06,0.09,0.0,596.0145,532.6202,396.36832,528.8337
0.09,0.09,0.0,656.0737,531.72534,456.4657,528.70605
0.12,0.09,0.0,716.09766,530.82367,516.7418,528.5561
0.15,0.09,0.0,776.1031,529.88116,577.0004,528.36487
0.18,0.09,0.0,836.0736,528.8709,637.35364,528.166
0.21,0.09,0.0,895.88654,527.8536,697.66956,527.9861
0.24,0.09,0.0,955.2137,526.83124,758.03937,527.88306
0.27,0.09,0.0,1014.1767,525.7301,818.44904,527.69684
0.0,0.12,0.0,476.08878,594.4032,275.56793,589.1112
0.03,0.12,0.0,536.37714,593.5725,335.2504,589.1987
0.06,0.12,0.0,596.64874,592.635,395.20853,589.1203
0.09,0.12,0.0,657.0083,591.71173,455.63007,588.99615
0.12,0.12,0.0,717.3379,590.7999,516.21765,588.8907
0.15,0.12,0.0,777.642,589.8342,576.8431,588.74927
0.18,0.12,0.0,837.9257,588.7789,637.4942,588.55566
0.21,0.12,0.0,897.98584,587.66547,698.2325,588.40466
0.24,0.12,0.0,957.5365,586.5644,758.8716,588.2756
0.27,0.12,0.0,1016.71985,585.271,819.62164,588.077
0.0,0.15,0.0,476.2152,654.8671,274.12042,649.68713
0.03,0.15,0.0,536.74524,654.1036,333.95645,649.90375
0.06,0.15,0.0,597.30646,653.2015,394.17926,650.00964
0.09,0.15,0.0,657.9401,652.3089,454.8559,649.9682
0.12,0.15,0.0,718.57434,651.3451,515.74384,649.91437
0.15,0.15,0.0,779.1466,650.36066,576.6774,649.78284
0.18,0.15,0.0,839.69196,649.2243,637.68195,649.6421
0.21,0.15,0.0,899.9926,648.0359,698.7305,649.4782
0.24,0.15,0.0,959.732,646.71246,759.7293,649.3143
0.27,0.15,0.0,1019.052,645.28,820.73676,649.1158
0.0,0.18,0.0,476.43073,715.8148,272.8643,710.6474
0.03,0.18,0.0,537.1666,715.0962,332.82422,711.1357
0.06,0.18,0.0,598.0122,714.2794,393.3121,711.3686
0.09,0.18,0.0,658.9284,713.3841,454.13705,711.4899
0.12,0.18,0.0,719.80835,712.46405,515.2544,711.5191
0.15,0.18,0.0,780.6475,711.3024,576.51636,711.4669
0.18,0.18,0.0,841.3137,710.11743,637.8638,711.3502
0.21,0.18,0.0,901.81616,708.78314,699.1945,711.1775
0.24,0.18,0.0,961.79553,707.30444,760.5369,711.00006
0.27,0.18,0.0,1021.173,705.606,821.76324,710.6953
0.0,0.21,0.0,476.7679,777.0054,271.90265,771.9593
0.03,0.21,0.0,537.6907,776.4123,331.92026,772.65125
0.06,0.21,0.0,598.7768,775.65015,392.5975,773.1069
0.09,0.21,0.0,659.89166,774.7432,453.6641,773.3934
0.12,0.21,0.0,721.00946,773.7597,514.94495,773.53845
0.15,0.21,0.0,782.0253,772.5821,576.47943,773.5421
0.18,0.21,0.0,842.901,771.2501,638.0576,773.4774
0.21,0.21,0.0,903.4856,769.7747,699.67395,773.3107
0.24,0.21,0.0,963.60876,768.0542,761.2453,773.0543
0.27,0.21,0.0,1023.08435,766.11584,822.7502,772.6855
0.0,0.24,0.0,477.27734,838.34247,271.13535,833.32526
0.03,0.24,0.0,538.3221,837.8805,331.2774,834.3332
0.06,0.24,0.0,599.5736,837.1164,392.1238,835.008
0.09,0.24,0.0,660.85626,836.25775,453.26642,835.4818
0.12,0.24,0.0,722.17926,835.25354,514.6969,835.8666
0.15,0.24,0.0,783.3287,833.9772,576.42334,835.891
0.18,0.24,0.0,844.27844,832.51825,638.2524,835.86163
0.21,0.24,0.0,905.01245,830.86615,700.1161,835.7132
0.24,0.24,0.0,965.1147,828.87,761.8864,835.3786
0.27,0.24,0.0,1024.6029,826.6277,823.53156,834.83716
0.0,0.27,0.0,477.92395,899.5869,270.7112,894.68994
0.03,0.27,0.0,539.0888,899.2172,330.9422,895.9631
0.06,0.27,0.0,600.4537,898.5272,391.86246,896.86096
0.09,0.27,0.0,661.822,897.70013,453.06607,897.5602
0.12,0.27,0.0,723.22437,896.7753,514.55676,898.1835
0.15,0.27,0.0,784.50146,895.28735,576.46594,898.2776
0.18,0.27,0.0,845.49164,893.6345,638.4524,898.2767
0.21,0.27,0.0,906.3057,891.8128,700.4642,898.17584
0.24,0.27,0.0,966.2915,889.4701,762.34595,897.66284
0.27,0.27,0.0,1025.8386,886.9636,824.1364,897.0134
0.0,0.0,0.0,467.1983,350.95056,265.4532,345.7758
0.03,0.0,0.0,529.0089,349.83765,326.38474,345.0903
0.06,0.0,0.0,590.9457,348.7733,387.8775,344.57285
0.09,0.0,0.0,652.92725,347.75974,449.70135,344.10858
0.12,0.0,0.0,714.9532,346.72635,511.85245,343.75845
0.15,0.0,0.0,776.98413,345.70435,574.1052,343.49854
0.18,0.0,0.0,838.91376,344.77625,636.39026,343.2187
0.21,0.0,0.0,900.61115,343.92615,698.7105,342.9552
0.24,0.0,0.0,961.9251,343.196,761.1635,342.7004
0.27,0.0,0.0,1022.68585,342.6196,823.51746,342.5784
0.0,0.03,0.0,469.10583,412.79578,267.18488,407.46664
0.03,0.03,0.0,530.61786,411.75604,327.93243,406.9766
0.06,0.03,0.0,592.2663,410.7109,389.22714,406.5494
0.09,0.03,0.0,653.9536,409.71283,450.8518,406.22623
0.12,0.03,0.0,715.67206,408.6706,512.7222,405.92804
0.15,0.03,0.0,777.4063,407.66354,574.67773,405.66772
0.18,0.03,0.0,839.07983,406.68713,636.6462,405.43045
0.21,0.03,0.0,900.5489,405.76205,698.69916,405.20163
0.24,0.03,0.0,961.6571,404.91785,760.7914,404.9931
0.27,0.03,0.0,1022.2166,404.14285,822.9406,404.82745
0.0,0.06,0.0,471.03976,474.04785,269.03464,468.68842
0.03,0.06,0.0,532.2506,473.06604,329.55923,468.35535
0.06,0.06,0.0,593.58716,472.05515,390.63354,468.073
0.09,0.06,0.0,654.9759,471.0636,451.98206,467.7921
0.12,0.06,0.0,716.39465,470.05438,513.57153,467.51935
0.15,0.06,0.0,777.7843,469.05588,575.22095,467.27435
0.18,0.06,0.0,839.1748,468.03113,636.90594,467.06265
0.21,0.06,0.0,900.3588,467.05615,698.679,466.86334
0.24,0.06,0.0,961.18994,466.0958,760.4645,466.69916
0.27,0.06,0.0,1021.5172,465.15582,822.3207,466.54477
0.0,0.09,0.0,472.98364,534.71497,271.0627,529.40594
0.03,0.09,0.0,533.9189,533.72107,331.3452,529.1586
0.06,0.09,0.0,594.908,532.7969,392.06345,528.99457
0.09,0.09,0.0,655.9958,531.81525,453.11942,528.78033
0.12,0.09,0.0,717.0564,530.7711,514.43524,528.51874
0.15,0.09,0.0,778.15717,529.76483,575.7747,528.29144
0.18,0.09,0.0,839.2619,528.7876,637.1604,528.1529
0.21,0.09,0.0,900.12476,527.77435,698.65674,528.01227
0.24,0.09,0.0,960.5995,526.6583,760.1445,527.8013
0.27,0.09,0.0,1020.6191,525.5985,821.7,527.6952
0.0,0.12,0.0,474.9786,594.70166,273.2592,589.47736
0.03,0.12,0.0,535.5954,593.7058,333.26367,589.3388
0.06,0.12,0.0,596.23126,592.87573,393.55292,589.3803
0.09,0.12,0.0,656.99506,591.89716,454.31595,589.21704
0.12,0.12,0.0,717.7555,590.83856,515.2937,588.9437
0.15,0.12,0.0,778.4906,589.81647,576.35803,588.7356
0.18,0.12,0.0,839.24963,588.86597,637.4744,588.6437
0.21,0.12,0.0,899.7863,587.81384,698.632,588.5692
0.24,0.12,0.0,959.84357,586.54407,759.79553,588.3011
0.27,0.12,0.0,1019.5516,585.3739,821.0327,588.23663
0.0,0.15,0.0,477.02423,653.91876,275.6739,648.7534
0.03,0.15,0.0,537.26953,653.012,335.2233,648.85297
0.06,0.15,0.0,597.563,652.2718,395.1423,649.04205
0.09,0.15,0.0,657.999,651.2939,455.56314,648.9934
0.12,0.15,0.0,718.421,650.2248,516.2224,648.7675
0.15,0.15,0.0,778.79987,649.19727,576.9449,648.61194
0.18,0.15,0.0,839.15576,648.17725,637.74194,648.5342
0.21,0.15,0.0,899.3175,647.1034,698.6046,648.5024
0.24,0.15,0.0,959.0032,645.6874,759.4616,648.2535
0.27,0.15,0.0,1018.2471,644.3395,820.36224,648.1135
0.0,0.18,0.0,479.16916,712.33734,278.24338,707.25854
0.03,0.18,0.0,538.9546,711.6151,337.31174,707.63477
0.06,0.18,0.0,598.9063,710.8207,396.92752,707.90607
0.09,0.18,0.0,658.9833,709.86664,456.91507,707.9507
0.12,0.18,0.0,719.0266,708.9016,517.1497,707.9432
0.15,0.18,0.0,779.0374,707.8108,577.5273,707.8434
0.18,0.18,0.0,838.9912,706.7008,638.0138,707.7609
0.21,0.18,0.0,898.7013,705.5109,698.56024,707.74316
0.24,0.18,0.0,958.0041,704.0733,759.07697,707.55096
0.27,0.18,0.0,1016.7412,702.43,819.5569,707.2707
0.0,0.21,0.0,481.36053,769.91113,280.9784,764.9301
0.03,0.21,0.0,540.71063,769.30725,339.56882,765.56476
0.06,0.21,0.0,600.30304,768.44867,398.7926,765.8754
0.09,0.21,0.0,659.95135,767.55945,458.36557,766.1206
0.12,0.21,0.0,719.5997,766.6888,518.1392,766.3245
0.15,0.21,0.0,779.1885,765.52936,578.1611,766.2729
0.18,0.21,0.0,838.6873,764.2671,638.31024,766.1878
0.21,0.21,0.0,897.9665,762.9913,698.48975,766.179
0.24,0.21,0.0,956.77795,761.4084,758.64655,765.94916
0.27,0.21,0.0,1015.05554,759.5944,818.7273,765.63995
0.0,0.24,0.0,483.5951,826.4799,283.88773,821.64667
0.03,0.24,0.0,542.52893,825.99347,342.02542,822.47754
0.06,0.24,0.0,601.6987,825.1119,400.79465,822.9017
0.09,0.24,0.0,660.88574,824.3057,459.86908,823.3571
0.12,0.24,0.0,720.15857,823.5444,519.2132,823.8369
0.15,0.24,0.0,779.2701,822.19116,578.8342,823.7413
0.18,0.24,0.0,838.30023,820.86847,638.5633,823.7018
0.21,0.24,0.0,897.06854,819.48413,698.3521,823.742
0.24,0.24,0.0,955.3367,817.6694,758.11237,823.4176
0.27,0.24,0.0,1013.09424,815.6796,817.7316,823.0147
0.0,0.27,0.0,485.97968,881.97406,286.97028,877.2933
0.03,0.27,0.0,544.4446,881.46106,344.67325,878.25073
0.06,0.27,0.0,603.11005,880.5603,403.01953,878.7763
0.09,0.27,0.0,661.828,879.8122,461.54437,879.41705
0.12,0.27,0.0,720.5921,879.2418,520.35345,880.2759
0.15,0.27,0.0,779.2129,877.74756,579.57513,880.12286
0.18,0.27,0.0,837.7273,876.2527,638.8581,880.1386
0.21,0.27,0.0,895.99963,874.8958,698.19183,880.3238
0.24,0.27,0.0,953.71246,872.6559,757.441,879.7227
0.27,0.27,0.0,1010.9417,870.6048,816.6687,879.34344
0.0,0.0,0.0,342.46262,262.85468,155.8947,257.68182
0.03,0.0,0.0,397.91302,259.5774,208.61969,254.59468
0.06,0.0,0.0,454.37372,256.41583,262.62622,251.5692
0.09,0.0,0.0,511.81998,253.31291,318.0053,248.72142
0.12,0.0,0.0,570.18243,250.24136,374.64963,246.01491
0.15,0.0,0.0,629.3736,247.2434,432.38077,243.39766
0.18,0.0,0.0,689.35474,244.26039,491.131,240.90645
0.21,0.0,0.0,750.0574,241.33066,550.7412,238.41684
0.24,0.0,0.0,811.4185,238.46452,611.2626,236.00684
0.27,0.0,0.0,873.3679,235.71074,672.61566,233.63567
0.0,0.03,0.0,343.21448,320.83752,155.25137,315.12262
0.03,0.03,0.0,398.82217,318.09137,208.13197,312.64392
0.06,0.03,0.0,455.4589,315.38882,262.38477,310.2258
0.09,0.03,0.0,513.01074,312.76233,317.97772,307.9595
0.12,0.03,0.0,571.48486,310.16818,374.78134,305.7752
0.15,0.03,0.0,630.7302,307.54962,432.65067,303.6606
0.18,0.03,0.0,690.7799,304.93332,491.52704,301.65747
0.21,0.03,0.0,751.5878,302.3418,551.2529,299.64853
0.24,0.03,0.0,813.083,299.78494,611.8612,297.7175
0.27,0.03,0.0,875.15204,297.28983,673.2822,295.7069
0.0,0.06,0.0,344.16776,379.10828,154.92783,372.89865
0.03,0.06,0.0,399.876,376.8562,207.90306,371.04797
0.06,0.06,0.0,456.61237,374.6237,262.3154,369.2528
0.09,0.06,0.0,514.2586,372.4431,318.08047,367.52072
0.12,0.06,0.0,572.7993,370.2462,375.0143,365.82187
0.15,0.06,0.0,632.0836,368.06863,433.03366,364.21933
0.18,0.06,0.0,692.1812,365.79837,491.9591,362.62125
0.21,0.06,0.0,753.031,363.59674,551.7924,361.0866
0.24,0.06,0.0,814.61664,361.34756,612.436,359.57812
0.27,0.06,0.0,876.8164,359.15817,673.9214,358.02286
0.0,0.09,0.0,345.22855,437.50055,154.81152,430.95193
0.03,0.09,0.0,401.0894,435.73547,208.03369,429.7112
0.06,0.09,0.0,457.8203,433.94592,262.4359,428.454
0.09,0.09,0.0,515.55804,432.21307,318.30066,427.24542
0.12,0.09,0.0,574.15234,430.4256,375.39944,426.06146
0.15,0.09,0.0,633.48413,428.6206,433.52072,424.9333
0.18,0.09,0.0,693.5568,426.7594,492.44507,423.77228
0.21,0.09,0.0,754.4653,424.9058,552.3259,422.64542
0.24,0.09,0.0,816.0925,423.07242,613.0615,421.53937
0.27,0.09,0.0,878.3431,421.17203,674.50977,420.4149
0.0,0.12,0.0,346.47095,496.01016,155.05827,489.21832
0.03,0.12,0.0,402.45273,494.69864,208.41566,488.54193
0.06,0.12,0.0,459.10873,493.36868,262.71817,487.84085
0.09,0.12,0.0,516.8829,492.00906,318.69788,487.12613
0.12,0.12,0.0,575.53357,490.60806,375.91513,486.43564
0.15,0.12,0.0,634.8698,489.2116,434.05713,485.71527
0.18,0.12,0.0,694.9538,487.76938,493.04565,485.01465
0.21,0.12,0.0,755.8385,486.28757,552.8659,484.29404
0.24,0.12,0.0,817.53033,484.81595,613.6921,483.59512
0.27,0.12,0.0,879.82916,483.31067,675.15955,482.86978
0.0,0.15,0.0,347.90915,554.46185,155.65054,547.42566
0.03,0.15,0.0,403.81985,553.6225,208.90184,547.3835
0.06,0.15,0.0,460.50064,552.7765,263.2366,547.28424
0.09,0.15,0.0,518.26416,551.8318,319.21713,547.0904
0.12,0.15,0.0,576.9112,550.80707,376.43857,546.83984
0.15,0.15,0.0,636.2931,549.7789,434.59067,546.58264
0.18,0.15,0.0,696.3669,548.75977,493.61185,546.32324
0.21,0.15,0.0,757.22723,547.71875,553.4463,546.04486
0.24,0.15,0.0,818.9011,546.5791,614.29895,545.73505
0.27,0.15,0.0,881.2159,545.42145,675.8131,545.4778
0.0,0.18,0.0,349.47244,612.872,156.50905,605.67017
0.03,0.18,0.0,405.22656,612.54004,209.6382,606.1991
0.06,0.18,0.0,461.9906,612.1011,264.07874,606.67487
0.09,0.18,0.0,519.7623,611.5615,319.99368,607.0116
0.12,0.18,0.0,578.27545,610.9905,377.01633,607.28424
0.15,0.18,0.0,637.6649,610.3734,435.1734,607.50854
0.18,0.18,0.0,697.758,609.7154,494.20633,607.6494
0.21,0.18,0.0,758.6255,609.07513,554.0751,607.8494
0.24,0.18,0.0,820.2469,608.30457,614.86444,607.9652
0.27,0.18,0.0,882.4746,607.4699,676.5337,608.11975
0.0,0.21,0.0,351.1296,671.1004,157.61609,663.7435
0.03,0.21,0.0,406.79953,671.2572,210.57605,664.8889
0.06,0.21,0.0,463.58353,671.26624,265.11835,665.9243
0.09,0.21,0.0,521.26685,671.1605,320.8672,666.809
0.12,0.21,0.0,579.65967,671.0542,377.72177,667.66223
0.15,0.21,0.0,639.03986,670.8207,435.85065,668.3539
0.18,0.21,0.0,699.13727,670.5635,494.8655,668.99896
0.21,0.21,0.0,759.9517,670.31177,554.72546,669.64154
0.24,0.21,0.0,821.5251,669.8694,615.53845,670.2163
0.27,0.21,0.0,883.6658,669.3624,677.17535,670.8008
0.0,0.24,0.0,352.94858,729.11365,158.90463,721.6276
0.03,0.24,0.0,408.5052,729.7832,211.81142,723.37994
0.06,0.24,0.0,465.29846,730.21893,266.33234,724.9261
0.09,0.24,0.0,522.78345,730.60864,321.93756,726.4637
0.12,0.24,0.0,581.06714,730.9963,378.4952,727.8955
0.15,0.24,0.0,640.4375,731.094,436.64862,729.05237
0.18,0.24,0.0,700.5048,731.2205,495.61414,730.2053
0.21,0.24,0.0,761.241,731.3233,555.3821,731.401
0.24,0.24,0.0,822.7147,731.22784,616.2061,732.3798
0.27,0.24,0.0,884.6984,730.98456,677.8211,733.38586
0.0,0.27,0.0,354.90967,786.72095,160.51674,779.09534
0.03,0.27,0.0,410.41965,787.85504,213.39558,781.4555
0.06,0.27,0.0,467.08276,788.7123,267.84775,783.55383
0.09,0.27,0.0,524.4359,789.6143,323.21533,785.7013
0.12,0.27,0.0,582.5227,790.5929,379.5003,787.8641
0.15,0.27,0.0,641.8426,791.0226,437.56512,789.4717
0.18,0.27,0.0,701.81995,791.5173,496.46634,791.1514
0.21,0.27,0.0,762.38336,792.0288,556.0594,792.8763
0.24,0.27,0.0,823.7484,792.0211,616.9156,794.2032
0.27,0.27,0.0,885.54175,792.1325,678.43726,795.70184
0.0,0.0,0.0,328.70572,246.5501,133.62875,241.61324
0.03,0.0,0.0,390.3874,246.86365,194.24304,242.01675
0.06,0.0,0.0,451.7862,247.41606,255.11137,242.67523
0.09,0.0,0.0,512.771,248.07803,316.0893,243.55943
0.12,0.0,0.0,573.284,248.90651,377.00452,244.66762
0.15,0.0,0.0,633.1421,249.76541,437.61963,245.97783
0.18,0.0,0.0,692.33606,250.69261,497.81143,247.41579
0.21,0.0,0.0,750.82275,251.67859,557.43054,248.94583
0.24,0.0,0.0,808.5373,252.71863,616.4369,250.49046
0.27,0.0,0.0,865.3925,253.91042,674.8546,252.11746
0.0,0.03,0.0,328.6073,307.6349,132.01288,302.03384
0.03,0.03,0.0,390.46478,307.82346,192.84982,302.41525
0.06,0.03,0.0,452.06042,308.148,253.97484,302.99588
0.09,0.03,0.0,513.14905,308.5723,315.20334,303.78522
0.12,0.03,0.0,573.73254,309.10165,376.28476,304.75003
0.15,0.03,0.0,633.6541,309.6547,437.0694,305.8309
0.18,0.03,0.0,692.9105,310.23117,497.40793,307.00436
0.21,0.03,0.0,751.4695,310.81097,557.09467,308.22964
0.24,0.03,0.0,809.252,311.4462,616.19,309.50504
0.27,0.03,0.0,866.2449,312.17715,674.6421,310.79855
0.0,0.06,0.0,328.69675,369.05814,130.72282,362.89444
0.03,0.06,0.0,390.69238,369.07825,191.73524,363.24707
0.06,0.06,0.0,452.3822,369.15152,253.06935,363.72177
0.09,0.06,0.0,513.5851,369.29013,314.44717,364.3559
0.12,0.06,0.0,574.20013,369.51282,375.72772,365.09912
0.15,0.06,0.0,634.1633,369.69986,436.60947,365.92346
0.18,0.06,0.0,693.4611,369.89777,497.0377,366.8
0.21,0.06,0.0,752.0521,370.13397,556.80865,367.7248
0.24,0.06,0.0,809.9158,370.3928,615.91907,368.67087
0.27,0.06,0.0,866.95276,370.6869,674.385,369.60776
0.0,0.09,0.0,328.9509,430.68576,129.7304,424.05823
0.03,0.09,0.0,391.05658,430.46295,190.94049,424.35547
0.06,0.09,0.0,452.84503,430.2667,252.34312,424.67554
0.09,0.09,0.0,514.0934,430.1155,313.8787,425.12177
0.12,0.09,0.0,574.7054,429.99246,375.24567,425.62186
0.15,0.09,0.0,634.65845,429.84598,436.24084,426.17178
0.18,0.09,0.0,694.0228,429.6622,496.71835,426.72638
0.21,0.09,0.0,752.6227,429.55783,556.54724,427.30777
0.24,0.09,0.0,810.4245,429.44208,615.6649,427.92914
0.27,0.09,0.0,867.5843,429.32144,674.1907,428.54285
0.0,0.12,0.0,329.4422,492.3963,129.17358,485.38843
0.03,0.12,0.0,391.58643,491.91235,190.4405,485.59747
0.06,0.12,0.0,453.3684,491.44855,251.84932,485.768
0.09,0.12,0.0,514.62506,490.95135,313.48465,486.0214
0.12,0.12,0.0,575.228,490.4653,374.8802,486.27698
0.15,0.12,0.0,635.18225,489.98138,435.89145,486.48355
0.18,0.12,0.0,694.539,489.47525,496.42294,486.7313
0.21,0.12,0.0,753.2134,488.996,556.32227,486.97528
0.24,0.12,0.0,810.9671,488.50235,615.41675,487.23633
0.27,0.12,0.0,868.1399,487.9961,674.00244,487.53192
0.0,0.15,0.0,330.07388,554.0964,128.92088,546.76996
0.03,0.15,0.0,392.193,553.3719,190.17152,546.9074
0.06,0.15,0.0,453.9521,552.61945,251.52989,546.9922
0.09,0.15,0.0,515.19965,551.7968,313.15402,547.01227
0.12,0.15,0.0,575.78217,550.95355,374.56982,546.9694
0.15,0.15,0.0,635.722,550.1185,435.59723,546.87695
0.18,0.15,0.0,695.06036,549.27893,496.13217,546.8123
0.21,0.15,0.0,753.72015,548.44055,556.03015,546.7431
0.24,0.15,0.0,811.46466,547.5518,615.19507,546.6149
0.27,0.15,0.0,868.59106,546.69556,673.7587,546.5523
0.0,0.18,0.0,330.88205,615.6868,129.03288,608.0581
0.03,0.18,0.0,392.86288,614.74585,190.11168,608.133
0.06,0.18,0.0,454.56638,613.6976,251.52156,608.1102
0.09,0.18,0.0,515.7607,612.5774,313.0445,607.96674
0.12,0.18,0.0,576.3487,611.39435,374.35864,607.652
0.15,0.18,0.0,636.27765,610.2171,435.3439,607.3082
0.18,0.18,0.0,695.5463,609.0468,495.8313,606.9073
0.21,0.18,0.0,754.1878,607.837,555.7502,606.5321
0.24,0.18,0.0,811.98444,606.61163,614.99634,606.10693
0.27,0.18,0.0,868.96765,605.3117,673.54425,605.6797
0.0,0.21,0.0,331.8841,677.0923,129.4547,669.21326
0.03,0.21,0.0,393.7208,675.95276,190.4386,669.2507
0.06,0.21,0.0,455.2713,674.6043,251.70734,669.0698
0.09,0.21,0.0,516.3805,673.2128,313.06476,668.7456
0.12,0.21,0.0,576.96796,671.7508,374.28357,668.2943
0.15,0.21,0.0,636.8224,670.21136,435.17935,667.6986
0.18,0.21,0.0,696.05255,668.6603,495.63358,667.0156
0.21,0.21,0.0,754.62115,667.12885,555.5348,666.3223
0.24,0.21,0.0,812.38354,665.4814,614.77655,665.56934
0.27,0.21,0.0,869.33124,663.8075,673.3469,664.8341
0.0,0.24,0.0,333.07947,738.1727,130.27135,730.0678
0.03,0.24,0.0,394.75854,736.8551,191.0154,730.0728
0.06,0.24,0.0,456.15555,735.2576,252.13394,729.76355
0.09,0.24,0.0,517.095,733.6251,313.27942,729.3389
0.12,0.24,0.0,577.58734,731.941,374.31332,728.83734
0.15,0.24,0.0,637.35504,730.0135,435.14258,727.90356
0.18,0.24,0.0,696.5185,728.10394,495.48987,726.9843
0.21,0.24,0.0,755.0564,726.2371,555.3648,726.05756
0.24,0.24,0.0,812.6999,724.17114,614.55334,724.97705
0.27,0.24,0.0,869.5154,722.0678,673.123,723.9117
0.0,0.27,0.0,334.5143,798.7997,131.37143,790.4343
0.03,0.27,0.0,395.963,797.27136,191.9412,790.4131
0.06,0.27,0.0,457.10324,795.44434,252.84256,789.9963
0.09,0.27,0.0,517.922,793.58716,313.78574,789.50995
0.12,0.27,0.0,578.30096,791.8124,374.58963,788.9883
0.15,0.27,0.0,637.9176,789.4854,435.21704,787.8492
0.18,0.27,0.0,696.9658,787.2188,495.47745,786.6795
0.21,0.27,0.0,755.45056,785.041,555.2743,785.5903
0.24,0.27,0.0,812.8478,782.42175,614.327,784.098
0.27,0.27,0.0,869.59827,779.9218,672.908,782.7681
0.0,0.0,0.0,340.4487,262.79498,153.54044,257.71024
0.03,0.0,0.0,398.3489,261.45993,209.60657,256.49158
0.06,0.0,0.0,456.60336,260.1836,266.47845,255.40578
0.09,0.0,0.0,515.1289,259.05496,324.0596,254.51196
0.12,0.0,0.0,573.8434,258.02292,382.19217,253.81862
0.15,0.0,0.0,632.6541,257.08353,440.70856,253.28015
0.18,0.0,0.0,691.4763,256.18777,499.5242,252.8668
0.21,0.0,0.0,750.2556,255.31898,558.423,252.52094
0.24,0.0,0.0,808.9413,254.58397,617.4277,252.22557
0.27,0.0,0.0,867.4436,253.93361,676.51373,252.0015
0.0,0.03,0.0,339.1906,319.62405,150.1148,313.9746
0.03,0.03,0.0,397.51578,318.37473,206.59189,312.96536
0.06,0.03,0.0,456.22824,317.24896,263.9303,312.1121
0.09,0.03,0.0,515.1925,316.22687,322.015,311.45447
0.12,0.03,0.0,574.2614,315.25742,380.59613,310.91138
0.15,0.03,0.0,633.43164,314.33307,439.54868,310.4864
0.18,0.03,0.0,692.5966,313.3854,498.74014,310.15546
0.21,0.03,0.0,751.76135,312.5139,558.0554,309.8847
0.24,0.03,0.0,810.8381,311.66733,617.44366,309.63715
0.27,0.03,0.0,869.76355,310.9027,676.8697,309.4191
0.0,0.06,0.0,338.099,377.25854,146.89508,371.1232
0.03,0.06,0.0,396.8137,376.1392,203.77414,370.37048
0.06,0.06,0.0,455.90927,375.1272,261.55682,369.7555
0.09,0.06,0.0,515.25195,374.1692,320.05396,369.23468
0.12,0.06,0.0,574.7033,373.24298,379.07413,368.85867
0.15,0.06,0.0,634.19366,372.31625,438.47534,368.53564
0.18,0.06,0.0,693.72894,371.36575,498.047,368.2576
0.21,0.06,0.0,753.22925,370.43622,557.72,368.01465
0.24,0.06,0.0,812.7025,369.5745,617.46686,367.81854
0.27,0.06,0.0,871.9885,368.7134,677.2284,367.60272
0.0,0.09,0.0,337.129,435.59988,143.88283,429.0865
0.03,0.09,0.0,396.276,434.68774,201.24348,428.64493
0.06,0.09,0.0,455.67422,433.66727,259.31314,428.19855
0.09,0.09,0.0,515.37415,432.7777,318.22433,427.84875
0.12,0.09,0.0,575.1699,431.91003,377.6732,427.56717
0.15,0.09,0.0,634.99915,430.97736,437.44272,427.3464
0.18,0.09,0.0,694.84143,430.013,497.36914,427.0345
0.21,0.09,0.0,754.6908,429.06244,557.3941,426.81946
0.24,0.09,0.0,814.46063,428.1789,617.465,426.68475
0.27,0.09,0.0,874.14716,427.22064,677.5763,426.41425
0.0,0.12,0.0,336.27744,494.69254,141.18394,487.7842
0.03,0.12,0.0,395.8064,493.88547,198.89468,487.645
0.06,0.12,0.0,455.50107,492.91928,257.21622,487.37994
0.09,0.12,0.0,515.5506,492.03793,316.45627,487.15408
0.12,0.12,0.0,575.6733,491.21375,376.3361,487.0279
0.15,0.12,0.0,635.8049,490.31064,436.43393,486.8102
0.18,0.12,0.0,695.9767,489.29916,496.68878,486.59198
0.21,0.12,0.0,756.16144,488.32687,557.0451,486.33304
0.24,0.12,0.0,816.23083,487.4364,617.5013,486.22363
0.27,0.12,0.0,876.2588,486.40347,677.9243,485.9961
0.0,0.15,0.0,335.65222,554.41,138.7976,547.1791
0.03,0.15,0.0,395.42108,553.681,196.7399,547.26337
0.06,0.15,0.0,455.4169,552.8,255.32076,547.22437
0.09,0.15,0.0,515.7379,551.94305,314.87292,547.18494
0.12,0.15,0.0,576.18744,551.10443,375.02747,547.15326
0.15,0.15,0.0,636.6231,550.202,435.459,547.005
0.18,0.15,0.0,697.1176,549.25037,496.06516,546.81573
0.21,0.15,0.0,757.6031,548.2386,556.73615,546.5984
0.24,0.15,0.0,818.0011,547.30835,617.5113,546.4671
0.27,0.15,0.0,878.2727,546.23944,678.3294,546.2662
0.0,0.18,0.0,335.15723,614.6402,136.72404,607.1082
0.03,0.18,0.0,395.06552,614.02673,194.72028,607.4846
0.06,0.18,0.0,455.40335,613.2848,253.67513,607.702
0.09,0.18,0.0,516.0092,612.4722,313.46506,607.8633
0.12,0.18,0.0,576.6853,611.611,373.7837,607.9001
0.15,0.18,0.0,637.47107,610.729,434.472,607.8455
0.18,0.18,0.0,698.25543,609.7638,495.39188,607.7281
0.21,0.18,0.0,759.04956,608.76935,556.4307,607.5933
0.24,0.18,0.0,819.74133,607.7363,617.5433,607.4246
0.27,0.18,0.0,880.2562,606.669,678.6899,607.27545
0.0,0.21,0.0,334.78656,675.31866,134.91153,667.4927
0.03,0.21,0.0,394.90808,674.8293,193.07657,668.1453
0.06,0.21,0.0,455.50195,674.23145,252.28023,668.6663
0.09,0.21,0.0,516.34174,673.50867,312.16693,669.02655
0.12,0.21,0.0,577.25775,672.64526,372.65363,669.1962
0.15,0.21,0.0,638.3147,671.7761,433.61246,669.31525
0.18,0.21,0.0,699.40784,670.82025,494.82416,669.2802
0.21,0.21,0.0,760.46625,669.81866,556.1608,669.178
0.24,0.21,0.0,821.4296,668.73175,617.6176,669.0652
0.27,0.21,0.0,882.18134,667.5552,679.08966,668.953
0.0,0.24,0.0,334.6273,736.27405,133.40575,728.1578
0.03,0.24,0.0,394.9166,736.0295,191.67989,729.1884
0.06,0.24,0.0,455.71313,735.5862,251.09007,730.016
0.09,0.24,0.0,516.70544,734.9374,311.0715,730.61884
0.12,0.24,0.0,577.822,734.2134,371.66315,731.0261
0.15,0.24,0.0,639.1806,733.3283,432.8592,731.2485
0.18,0.24,0.0,700.53815,732.3665,494.30115,731.38214
0.21,0.24,0.0,761.86115,731.3248,555.92236,731.4134
0.24,0.24,0.0,823.0256,730.1587,617.69714,731.3187
0.27,0.24,0.0,883.9517,728.8129,679.4946,731.2061
0.0,0.27,0.0,334.69183,797.4379,132.2571,789.0167
0.03,0.27,0.0,395.10724,797.3909,190.69264,790.41846
0.06,0.27,0.0,456.0777,797.0915,250.19272,791.5082
0.09,0.27,0.0,517.2387,796.6069,310.29007,792.4351
0.12,0.27,0.0,578.54407,796.00415,370.83865,793.16345
0.15,0.27,0.0,640.07153,795.16895,432.27533,793.5622
0.18,0.27,0.0,701.6161,794.16254,493.91537,793.8206
0.21,0.27,0.0,763.158,793.09,555.72504,793.99365
0.24,0.27,0.0,824.466,791.7103,617.7828,793.9247
0.27,0.27,0.0,885.5625,790.25226,679.8478,793.8359
0.0,0.0,0.0,325.23926,251.19394,130.60399,246.28711
0.03,0.0,0.0,385.68106,249.5205,188.9017,244.70395
0.06,0.0,0.0,446.6569,248.04169,248.18716,243.34932
0.09,0.0,0.0,507.97577,246.71875,308.2975,242.21428
0.12,0.0,0.0,569.518,245.50957,369.1299,241.312
0.15,0.0,0.0,631.23047,244.40562,430.47522,240.57552
0.18,0.0,0.0,692.9758,243.3507,492.09662,240.00735
0.21,0.0,0.0,754.6736,242.40814,553.9535,239.56247
0.24,0.0,0.0,816.3105,241.5911,615.90826,239.19562
0.27,0.0,0.0,877.7305,240.91092,677.98535,238.93246
0.0,0.03,0.0,327.24683,312.57657,131.9912,306.98132
0.03,0.03,0.0,387.58365,311.09348,190.25029,305.7676
0.06,0.03,0.0,448.4115,309.82153,249.46852,304.70047
0.09,0.03,0.0,509.54752,308.6281,309.54947,303.85367
0.12,0.03,0.0,570.8835,307.51013,370.27664,303.17294
0.15,0.03,0.0,632.315,306.44226,431.45398,302.59735
0.18,0.03,0.0,693.811,305.4156,492.91046,302.17462
0.21,0.03,0.0,755.33215,304.44595,554.5053,301.8194
0.24,0.03,0.0,816.73364,303.54538,616.2442,301.53772
0.27,0.03,0.0,877.98035,302.75943,678.0587,301.24774
0.0,0.06,0.0,329.42703,373.63672,133.69093,367.50446
0.03,0.06,0.0,389.61624,372.37906,191.88748,366.6247
0.06,0.06,0.0,450.26523,371.238,250.99889,365.87366
0.09,0.06,0.0,511.16534,370.15433,310.9605,365.21603
0.12,0.06,0.0,572.25696,369.0978,371.51993,364.69205
0.15,0.06,0.0,633.4339,368.05362,432.51505,364.27893
0.18,0.06,0.0,694.6513,367.07654,493.7464,363.93127
0.21,0.06,0.0,755.86804,366.0753,555.1344,363.65204
0.24,0.06,0.0,817.04865,365.15207,616.5812,363.4074
0.27,0.06,0.0,878.0826,364.2426,678.0948,363.15573
0.0,0.09,0.0,331.78647,434.2768,135.70325,427.70038
0.03,0.09,0.0,391.8543,433.1577,193.83574,427.10583
0.06,0.09,0.0,452.18234,432.15314,252.72154,426.62024
0.09,0.09,0.0,512.85236,431.1376,312.5122,426.16992
0.12,0.09,0.0,573.6852,430.12347,372.89847,425.7923
0.15,0.09,0.0,634.5229,429.11362,433.69516,425.44592
0.18,0.09,0.0,695.4451,428.122,494.65335,425.19397
0.21,0.09,0.0,756.37726,427.16968,555.76166,424.96335
0.24,0.09,0.0,817.2631,426.1775,616.915,424.70013
0.27,0.09,0.0,878.0813,425.26138,678.1234,424.53204
0.0,0.12,0.0,334.32297,494.41818,138.09297,487.4674
0.03,0.12,0.0,394.13046,493.41754,196.09337,487.13544
0.06,0.12,0.0,454.15375,492.54016,254.63808,486.94196
0.09,0.12,0.0,514.56714,491.56598,314.2235,486.6451
0.12,0.12,0.0,575.06537,490.49777,374.41266,486.33984
0.15,0.12,0.0,635.6204,489.533,434.8983,486.07108
0.18,0.12,0.0,696.24347,488.6157,495.60266,485.8831
0.21,0.12,0.0,756.9101,487.6928,556.39124,485.71625
0.24,0.12,0.0,817.4522,486.62173,617.2934,485.44955
0.27,0.12,0.0,877.95764,485.6931,678.1756,485.30206
0.0,0.15,0.0,337.02945,553.8598,140.8008,546.68933
0.03,0.15,0.0,396.45514,553.0377,198.43358,546.6474
0.06,0.15,0.0,456.19513,552.26776,256.78412,546.6859
0.09,0.15,0.0,516.2898,551.32733,316.03757,546.5987
0.12,0.15,0.0,576.46924,550.3218,375.93036,546.37823
0.15,0.15,0.0,636.71405,549.37054,436.15234,546.1636
0.18,0.15,0.0,697.03314,548.46857,496.5291,546.0134
0.21,0.15,0.0,757.3549,547.5767,556.9996,545.9197
0.24,0.15,0.0,817.6078,546.5193,617.6304,545.64655
0.27,0.15,0.0,877.77527,545.5457,678.25867,545.53326
0.0,0.18,0.0,339.81915,612.6802,143.79544,605.2106
0.03,0.18,0.0,398.84702,612.0453,201.01196,605.5405
0.06,0.18,0.0,458.29163,611.28534,259.11917,605.7419
0.09,0.18,0.0,518.03564,610.4192,318.05872,605.78796
0.12,0.18,0.0,577.88214,609.5199,377.5141,605.78925
0.15,0.18,0.0,637.7792,608.59595,437.39798,605.6892
0.18,0.18,0.0,697.7654,607.684,497.46173,605.5947
0.21,0.18,0.0,757.7696,606.8006,557.6785,605.5165
0.24,0.18,0.0,817.7203,605.77814,617.973,605.3424
0.27,0.18,0.0,877.48126,604.69885,678.3314,605.2095
0.0,0.21,0.0,342.73303,670.7741,147.01265,663.1598
0.03,0.21,0.0,401.36603,670.2752,203.83488,663.735
0.06,0.21,0.0,460.459,669.5628,261.67615,664.0766
0.09,0.21,0.0,519.8003,668.7867,320.20862,664.3508
0.12,0.21,0.0,579.2718,668.0561,379.1863,664.5779
0.15,0.21,0.0,638.87506,667.10504,438.7252,664.56165
0.18,0.21,0.0,698.5032,666.1843,498.45007,664.5315
0.21,0.21,0.0,758.17914,665.30566,558.32983,664.5093
0.24,0.21,0.0,817.74866,664.2793,618.33777,664.43726
0.27,0.21,0.0,877.18036,663.1506,678.41187,664.28033
0.0,0.24,0.0,345.73907,728.05585,150.4177,720.2319
0.03,0.24,0.0,403.956,727.69904,206.85497,721.0971
0.06,0.24,0.0,462.69846,727.0211,264.38055,721.6183
0.09,0.24,0.0,521.6202,726.4372,322.4145,722.15234
0.12,0.24,0.0,580.69696,725.8704,380.96783,722.65735
0.15,0.24,0.0,639.92206,724.8845,440.1162,722.701
0.18,0.24,0.0,699.22986,723.94446,499.49585,722.7537
0.21,0.24,0.0,758.5378,723.1022,559.00555,722.93195
0.24,0.24,0.0,817.6923,721.9705,618.6989,722.80316
0.27,0.24,0.0,876.72375,720.7775,678.4482,722.73047
0.0,0.27,0.0,348.89636,784.3794,154.07668,776.48236
0.03,0.27,0.0,406.71744,784.1569,210.17996,777.52783
0.06,0.27,0.0,465.0444,783.57983,267.27396,778.21405
0.09,0.27,0.0,523.50696,783.09625,324.87268,779.01904
0.12,0.27,0.0,582.1449,782.82263,382.83386,779.91565
0.15,0.27,0.0,640.9994,781.78534,441.67404,780.00305
0.18,0.27,0.0,699.91675,780.8513,500.62778,780.1925
0.21,0.27,0.0,758.83746,780.0787,559.74207,780.5408
0.24,0.27,0.0,817.5317,778.6917,619.0819,780.3131
0.27,0.27,0.0,876.1184,777.48895,678.4702,780.3581
0.0,0.0,0.0,470.86465,140.6812,274.65625,136.95164
0.03,0.0,0.0,532.1014,141.85774,335.81787,138.0217
0.06,0.0,0.0,592.7824,143.19803,396.83957,139.44891
0.09,0.0,0.0,652.8172,144.66489,457.659,141.10199
0.12,0.0,0.0,712.24054,146.32204,518.00165,142.94997
0.15,0.0,0.0,770.819,148.11436,577.8529,144.97859
0.18,0.0,0.0,828.50256,150.01599,637.1023,147.12425
0.21,0.0,0.0,885.3124,152.0946,695.70953,149.36418
0.24,0.0,0.0,941.08026,154.34999,753.55115,151.70761
0.27,0.0,0.0,995.76465,156.79005,810.70624,154.20505
0.0,0.03,0.0,470.88824,201.23065,273.0914,196.91553
0.03,0.03,0.0,532.3428,202.12575,334.58838,197.94505
0.06,0.03,0.0,593.1798,203.18124,395.88367,199.21844
0.09,0.03,0.0,653.39136,204.35783,456.87863,200.72266
0.12,0.03,0.0,712.8577,205.67014,517.47266,202.40305
0.15,0.03,0.0,771.6012,206.98811,577.4608,204.15897
0.18,0.03,0.0,829.50757,208.46083,636.86346,205.99098
0.21,0.03,0.0,886.48975,210.06664,695.5784,207.90031
0.24,0.03,0.0,942.46967,211.79868,753.5814,209.87709
0.27,0.03,0.0,997.3304,213.68329,810.878,211.92123
0.0,0.06,0.0,471.06058,262.24127,271.78973,257.51056
0.03,0.06,0.0,532.614,262.9449,333.51163,258.4814
0.06,0.06,0.0,593.59564,263.70627,395.09143,259.61597
0.09,0.06,0.0,653.91064,264.5494,456.26596,260.8733
0.12,0.06,0.0,713.4933,265.43445,516.9904,262.34387
0.15,0.06,0.0,772.32104,266.39954,577.1041,263.8246
0.18,0.06,0.0,830.3869,267.40134,636.59656,265.3222
0.21,0.06,0.0,887.51984,268.52582,695.40906,266.87534
0.24,0.06,0.0,943.6529,269.74765,753.539,268.4779
0.27,0.06,0.0,998.6552,271.10635,810.93634,270.10745
0.0,0.09,0.0,471.35327,323.65793,270.7447,318.55823
0.03,0.09,0.0,533.00793,324.09158,332.7201,319.4161
0.06,0.09,0.0,594.09625,324.51465,394.44,320.321
0.09,0.09,0.0,654.45624,325.00412,455.8006,321.36456
0.12,0.09,0.0,714.0685,325.55286,516.6039,322.56332
0.15,0.09,0.0,772.9523,326.08582,576.79034,323.73642
0.18,0.09,0.0,831.154,326.63864,636.3851,324.90643
0.21,0.09,0.0,888.3746,327.28384,695.22577,326.10547
0.24,0.09,0.0,944.5601,328.0628,753.36536,327.35245
0.27,0.09,0.0,999.7983,328.8552,810.9231,328.56598
0.0,0.12,0.0,471.78165,385.2885,269.9504,380.01263
0.03,0.12,0.0,533.4873,385.4327,332.06024,380.65903
0.06,0.12,0.0,594.6096,385.52203,393.9386,381.30228
0.09,0.12,0.0,654.99384,385.6312,455.4353,382.09906
0.12,0.12,0.0,714.60156,385.79865,516.2967,382.9473
0.15,0.12,0.0,773.4894,385.95505,576.5278,383.83624
0.18,0.12,0.0,831.81165,386.10815,636.1272,384.62827
0.21,0.12,0.0,889.1896,386.28088,695.0861,385.47052
0.24,0.12,0.0,945.36566,386.5874,753.1707,386.37585
0.27,0.12,0.0,1000.6931,386.8786,810.8003,387.2182
0.0,0.15,0.0,472.2595,447.05188,269.34918,441.6702
0.03,0.15,0.0,533.9915,446.80795,331.58832,442.0821
0.06,0.15,0.0,595.16144,446.56235,393.52914,442.46967
0.09,0.15,0.0,655.5347,446.31894,455.0621,442.95212
0.12,0.15,0.0,715.1577,446.12274,515.9882,443.44708
0.15,0.15,0.0,774.03546,445.91165,576.25684,443.96658
0.18,0.15,0.0,832.33405,445.63672,635.8655,444.46686
0.21,0.15,0.0,889.8193,445.40417,694.84216,444.94244
0.24,0.15,0.0,946.0354,445.22598,753.0193,445.48026
0.27,0.15,0.0,1001.4029,445.11124,810.6487,446.01776
0.0,0.18,0.0,472.79474,508.7968,268.99054,503.4475
0.03,0.18,0.0,534.54004,508.20462,331.15955,503.548
0.06,0.18,0.0,595.64374,507.6376,393.19208,503.68
0.09,0.18,0.0,656.01843,507.02036,454.74072,503.85458
0.12,0.18,0.0,715.683,506.44882,515.67737,504.014
0.15,0.18,0.0,774.6002,505.8352,576.00446,504.1805
0.18,0.18,0.0,832.83435,505.22675,635.6205,504.30338
0.21,0.18,0.0,890.28076,504.59625,694.6107,504.49954
0.24,0.18,0.0,946.66364,503.99066,752.88666,504.69034
0.27,0.18,0.0,1001.9098,503.3402,810.4591,504.8345
0.0,0.21,0.0,473.38968,570.563,268.73196,565.2388
0.03,0.21,0.0,535.14386,569.5908,330.93942,565.1366
0.06,0.21,0.0,596.18274,568.67737,392.9426,565.0001
0.09,0.21,0.0,656.5411,567.68286,454.43982,564.84143
0.12,0.21,0.0,716.2594,566.73553,515.43896,564.66595
0.15,0.21,0.0,775.1226,565.73505,575.7072,564.43915
0.18,0.21,0.0,833.27655,564.7386,635.374,564.23047
0.21,0.21,0.0,890.72253,563.73444,694.38574,564.0854
0.24,0.21,0.0,947.0715,562.6781,752.702,563.9341
0.27,0.21,0.0,1002.2907,561.54474,810.3248,563.7974
0.0,0.24,0.0,474.0399,632.2544,268.68048,626.9815
0.03,0.24,0.0,535.7351,630.9925,330.79614,626.71387
0.06,0.24,0.0,596.72363,629.6125,392.7232,626.27875
0.09,0.24,0.0,657.0702,628.3025,454.21204,625.83545
0.12,0.24,0.0,716.798,627.03235,515.2001,625.3427
0.15,0.24,0.0,775.5965,625.60376,575.4742,624.7753
0.18,0.24,0.0,833.6947,624.2199,635.1536,624.2584
0.21,0.24,0.0,891.0711,622.8173,694.2069,623.787
0.24,0.24,0.0,947.318,621.29535,752.49457,623.25244
0.27,0.24,0.0,1002.4929,619.69226,810.1323,622.71216
0.0,0.27,0.0,474.78958,693.791,268.832,688.59296
0.03,0.27,0.0,536.3698,692.17487,330.85147,688.10754
0.06,0.27,0.0,597.2695,690.41943,392.6608,687.40533
0.09,0.27,0.0,657.5595,688.7522,454.07132,686.6972
0.12,0.27,0.0,717.35596,687.19946,515.0277,686.07367
0.15,0.27,0.0,776.0392,685.3164,575.28125,685.11383
0.18,0.27,0.0,834.0492,683.5093,634.90265,684.24695
0.21,0.27,0.0,891.428,681.70386,694.06177,683.46027
0.24,0.27,0.0,947.3534,679.61273,752.2308,682.49426
0.27,0.27,0.0,1002.5336,677.5753,809.9053,681.60504
0.0,0.0,0.0,475.603,162.06227,287.89664,158.05083
0.03,0.0,0.0,533.81256,160.80421,345.16794,156.85924
0.06,0.0,0.0,592.16785,159.70937,402.8917,155.91621
0.09,0.0,0.0,650.621,158.742,461.07263,155.16478
0.12,0.0,0.0,709.06146,157.95251,519.499,154.62587
0.15,0.0,0.0,767.428,157.31721,578.089,154.20862
0.18,0.0,0.0,825.6316,156.78867,636.7519,153.94382
0.21,0.0,0.0,883.5437,156.48396,695.4415,153.763
0.24,0.0,0.0,941.04755,156.36272,754.12256,153.70203
0.27,0.0,0.0,998.0446,156.52536,812.69415,153.87718
0.0,0.03,0.0,475.1217,217.87016,285.13947,213.43832
0.03,0.03,0.0,533.7917,216.69086,342.9661,212.50682
0.06,0.03,0.0,592.57916,215.6733,401.25418,211.70116
0.09,0.03,0.0,651.4777,214.72804,459.8562,211.12817
0.12,0.03,0.0,710.38776,213.898,518.72455,210.66484
0.15,0.03,0.0,769.1749,213.18167,577.7632,210.33846
0.18,0.03,0.0,827.83856,212.51973,636.8607,210.09033
0.21,0.03,0.0,886.22687,212.06035,695.9845,209.90598
0.24,0.03,0.0,944.24756,211.78754,755.09094,209.7998
0.27,0.03,0.0,1001.73755,211.68358,814.15424,209.81204
0.0,0.06,0.0,474.78528,274.66428,282.60138,269.87082
0.03,0.06,0.0,533.8806,273.61172,340.8855,269.12833
0.06,0.06,0.0,593.0965,272.60687,399.6599,268.51657
0.09,0.06,0.0,652.348,271.6714,458.72446,268.04242
0.12,0.06,0.0,711.6355,270.81836,518.072,267.7219
0.15,0.06,0.0,770.8443,270.01196,577.4824,267.44623
0.18,0.06,0.0,829.9562,269.27313,636.9883,267.2063
0.21,0.06,0.0,888.7804,268.66122,696.50885,266.9889
0.24,0.06,0.0,947.2763,268.19016,756.041,266.86133
0.27,0.06,0.0,1005.21783,267.8637,815.4883,266.75897
0.0,0.09,0.0,474.53116,332.29614,280.1876,327.24216
0.03,0.09,0.0,534.0354,331.38397,339.00867,326.7257
0.06,0.09,0.0,593.6128,330.33444,398.18097,326.16907
0.09,0.09,0.0,653.26807,329.4549,457.71118,325.85507
0.12,0.09,0.0,712.8845,328.62283,517.44476,325.62857
0.15,0.09,0.0,772.485,327.76926,577.26245,325.4105
0.18,0.09,0.0,831.9902,326.86526,637.0873,325.1473
0.21,0.09,0.0,891.2688,326.1035,696.9863,324.8978
0.24,0.09,0.0,950.13025,325.55734,756.8748,324.80164
0.27,0.09,0.0,1008.54755,324.99713,816.7655,324.63672
0.0,0.12,0.0,474.36517,390.76077,277.99936,385.5068
0.03,0.12,0.0,534.2695,389.92432,337.25745,385.17017
0.06,0.12,0.0,594.1703,388.8789,396.78775,384.70386
0.09,0.12,0.0,654.16565,387.97208,456.7523,384.42294
0.12,0.12,0.0,714.1335,387.15692,516.8905,384.29877
0.15,0.12,0.0,774.0428,386.25983,577.0439,384.10938
0.18,0.12,0.0,833.96295,385.29343,637.2329,383.8397
0.21,0.12,0.0,893.6675,384.38016,697.4614,383.59662
0.24,0.12,0.0,952.8716,383.7305,757.69684,383.53662
0.27,0.12,0.0,1011.7106,382.94272,817.9943,383.2966
0.0,0.15,0.0,474.29645,449.95334,275.9534,444.6152
0.03,0.15,0.0,534.52826,449.11008,335.58167,444.37137
0.06,0.15,0.0,594.76764,448.09857,395.4891,444.03366
0.09,0.15,0.0,655.10425,447.18555,455.845,443.8036
0.12,0.15,0.0,715.38153,446.32086,516.35974,443.649
0.15,0.15,0.0,775.6283,445.40115,576.8196,443.5127
0.18,0.15,0.0,835.87854,444.43088,637.37604,443.28937
0.21,0.15,0.0,895.9488,443.43915,697.9492,442.99582
0.24,0.15,0.0,955.5266,442.62143,758.55054,442.9248
0.27,0.15,0.0,1014.6947,441.73483,819.17065,442.73495
0.0,0.18,0.0,474.26694,509.8155,274.05502,504.46616
0.03,0.18,0.0,534.7935,508.90765,333.93655,504.28452
0.06,0.18,0.0,595.39954,507.99527,394.28262,504.091
0.09,0.18,0.0,656.00806,507.09015,454.97638,503.9195
0.12,0.18,0.0,716.62366,506.14557,515.7692,503.73904
0.15,0.18,0.0,777.1948,505.22974,576.6189,503.5769
0.18,0.18,0.0,837.72186,504.24152,637.5153,503.3945
0.21,0.18,0.0,898.14215,503.20447,698.4559,503.19498
0.24,0.18,0.0,958.0904,502.20065,759.389,503.0093
0.27,0.18,0.0,1017.4963,501.1911,820.338,502.8942
0.0,0.21,0.0,474.27118,570.2394,272.2881,564.9155
0.03,0.21,0.0,535.10126,569.34845,332.4635,564.8984
0.06,0.21,0.0,596.0327,568.4875,393.1618,564.8314
0.09,0.21,0.0,656.9516,567.5768,454.12424,564.7017
0.12,0.21,0.0,717.9066,566.5769,515.20544,564.52124
0.15,0.21,0.0,778.766,565.6287,576.4367,564.36993
0.18,0.21,0.0,839.5842,564.6126,637.6691,564.18365
0.21,0.21,0.0,900.25183,563.5318,698.9481,564.02985
0.24,0.21,0.0,960.5109,562.42084,760.2398,563.8921
0.27,0.21,0.0,1020.18384,561.2205,821.5716,563.71765
0.0,0.24,0.0,474.3235,631.23663,270.6497,625.94806
0.03,0.24,0.0,535.48816,630.42633,331.0594,626.1326
0.06,0.24,0.0,596.6758,629.5735,392.0787,626.183
0.09,0.24,0.0,657.9013,628.6519,453.28214,626.14233
0.12,0.24,0.0,719.1568,627.652,514.6757,625.9798
0.15,0.24,0.0,780.3247,626.6481,576.23,625.8903
0.18,0.24,0.0,841.4122,625.5739,637.83704,625.73865
0.21,0.24,0.0,902.34607,624.4183,699.4693,625.57623
0.24,0.24,0.0,962.73975,623.14856,761.11523,625.44586
0.27,0.24,0.0,1022.6475,621.7334,822.71014,625.2477
0.0,0.27,0.0,474.42572,692.7527,269.22345,687.5039
0.03,0.27,0.0,535.8555,691.98267,329.84048,687.88086
0.06,0.27,0.0,597.3811,691.13855,391.1249,688.06995
0.09,0.27,0.0,658.8571,690.20624,452.5402,688.1554
0.12,0.27,0.0,720.4322,689.2264,514.1342,688.13055
0.15,0.27,0.0,781.84265,688.16895,576.0707,688.035
0.18,0.27,0.0,843.1343,686.999,638.00696,687.94366
0.21,0.27,0.0,904.32104,685.6967,699.9754,687.78125
0.24,0.27,0.0,964.8152,684.24963,761.89453,687.57996
0.27,0.27,0.0,1024.9213,682.6185,823.8269,687.34265
0.0,0.0,0.0,466.77518,145.67302,270.962,141.82327
0.03,0.0,0.0,527.72534,144.14828,330.73984,140.29352
0.06,0.0,0.0,588.83276,142.83809,391.11313,139.06836
0.09,0.0,0.0,650.0902,141.71556,451.9832,138.05115
0.12,0.0,0.0,711.4219,140.73883,513.2018,137.3015
0.15,0.0,0.0,772.653,139.95808,574.64087,136.73721
0.18,0.0,0.0,833.6793,139.36891,636.21783,136.31676
0.21,0.0,0.0,894.42487,139.03589,697.8619,136.04695
0.24,0.0,0.0,954.68604,139.02734,759.45337,135.97113
0.27,0.0,0.0,1014.3858,139.25764,820.9833,136.07816
0.0,0.03,0.0,468.203,207.02046,271.73883,202.66724
0.03,0.03,0.0,529.02765,205.66179,331.5161,201.45128
0.06,0.03,0.0,590.02234,204.421,391.87265,200.46051
0.09,0.03,0.0,651.118,203.32283,452.66406,199.68286
0.12,0.03,0.0,712.2741,202.34587,513.77875,199.0797
0.15,0.03,0.0,773.3589,201.4992,575.0677,198.59708
0.18,0.03,0.0,834.3017,200.80118,636.4588,198.24576
0.21,0.03,0.0,894.9446,200.29044,697.92035,197.96603
0.24,0.03,0.0,955.2067,200.02069,759.3015,197.83858
0.27,0.03,0.0,1014.83246,199.94638,820.78467,197.84769
0.0,0.06,0.0,469.79855,268.2858,272.84363,263.5005
0.03,0.06,0.0,530.45166,267.0582,332.53745,262.55347
0.06,0.06,0.0,591.2417,265.92834,392.82327,261.79062
0.09,0.06,0.0,652.1425,264.87305,453.50937,261.1794
0.12,0.06,0.0,713.05774,263.86047,514.4487,260.71893
0.15,0.06,0.0,773.9576,262.9383,575.5105,260.32178
0.18,0.06,0.0,834.7478,262.12515,636.6898,259.99664
0.21,0.06,0.0,895.27795,261.4822,697.9271,259.75595
0.24,0.06,0.0,955.4145,260.98672,759.19507,259.57028
0.27,0.06,0.0,1014.9942,260.64877,820.37665,259.47656
0.0,0.09,0.0,471.48663,329.283,274.12186,324.18555
0.03,0.09,0.0,531.9353,328.15192,333.836,323.43854
0.06,0.09,0.0,592.5435,327.07315,393.91412,322.85892
0.09,0.09,0.0,653.136,326.02444,454.3955,322.41812
0.12,0.09,0.0,713.79584,325.0003,515.1867,322.0389
0.15,0.09,0.0,774.47327,324.0897,576.0196,321.6992
0.18,0.09,0.0,835.0505,323.19324,636.9371,321.41928
0.21,0.09,0.0,895.4277,322.4188,697.91235,321.21475
0.24,0.09,0.0,955.3699,321.72418,758.8905,321.0072
0.27,0.09,0.0,1014.8662,321.19534,819.914,320.84482
0.0,0.12,0.0,473.24985,389.8586,275.719,384.57568
0.03,0.12,0.0,533.5154,388.78168,335.29694,383.99246
0.06,0.12,0.0,593.8065,387.8066,395.15158,383.59787
0.09,0.12,0.0,654.1583,386.76938,455.46143,383.23764
0.12,0.12,0.0,714.53186,385.7442,515.9812,382.8953
0.15,0.12,0.0,774.8855,384.75143,576.559,382.61874
0.18,0.12,0.0,835.26434,383.82898,637.181,382.42508
0.21,0.12,0.0,895.4421,382.9839,697.86926,382.2035
0.24,0.12,0.0,955.12823,382.1442,758.5765,381.9426
0.27,0.12,0.0,1014.49457,381.45453,819.3663,381.81586
0.0,0.15,0.0,475.14023,449.88995,277.51114,444.5157
0.03,0.15,0.0,535.0857,448.86768,336.81363,444.10953
0.06,0.15,0.0,595.05054,447.92752,396.4722,443.85016
0.09,0.15,0.0,655.1602,446.93027,456.5546,443.5354
0.12,0.15,0.0,715.2223,445.89963,516.80054,443.235
0.15,0.15,0.0,775.3029,444.9215,577.1048,442.9893
0.18,0.15,0.0,835.38434,443.95877,637.43835,442.78308
0.21,0.15,0.0,895.3439,443.06396,697.83295,442.62762
0.24,0.15,0.0,954.8077,442.12122,758.2678,442.39835
0.27,0.15,0.0,1013.88214,441.2667,818.7495,442.28113
0.0,0.18,0.0,477.03604,509.32425,279.4385,503.9689
0.03,0.18,0.0,536.65186,508.39346,338.4161,503.75183
0.06,0.18,0.0,596.3661,507.43207,397.89343,503.53165
0.09,0.18,0.0,656.1309,506.47415,457.68265,503.28555
0.12,0.18,0.0,715.9006,505.48297,517.60284,503.0378
0.15,0.18,0.0,775.6713,504.4898,577.61566,502.79993
0.18,0.18,0.0,835.43317,503.53223,637.6649,502.62338
0.21,0.18,0.0,895.07043,502.57803,697.7787,502.50153
0.24,0.18,0.0,954.37646,501.57138,757.9505,502.32104
0.27,0.18,0.0,1013.07306,500.53345,818.13,502.14603
0.0,0.21,0.0,478.9684,568.16425,281.4679,562.8787
0.03,0.21,0.0,538.2167,567.2498,340.15286,562.811
0.06,0.21,0.0,597.644,566.2887,399.3759,562.6385
0.09,0.21,0.0,657.10315,565.3376,458.80804,562.4444
0.12,0.21,0.0,716.5657,564.43445,518.4182,562.30585
0.15,0.21,0.0,776.01056,563.4172,578.1577,562.0501
0.18,0.21,0.0,835.4441,562.4201,637.92505,561.8646
0.21,0.21,0.0,894.7554,561.44476,697.7741,561.77515
0.24,0.21,0.0,953.71436,560.36707,757.63525,561.6671
0.27,0.21,0.0,1012.1429,559.2144,817.5209,561.4932
0.0,0.24,0.0,480.88367,626.39557,283.5906,621.1952
0.03,0.24,0.0,539.8308,625.5547,341.9713,621.27026
0.06,0.24,0.0,598.9284,624.50604,400.9154,621.09033
0.09,0.24,0.0,658.0681,623.6287,459.9886,621.05237
0.12,0.24,0.0,717.23175,622.8066,519.23627,621.0475
0.15,0.24,0.0,776.34515,621.7285,578.687,620.77386
0.18,0.24,0.0,835.39655,620.6834,638.17975,620.6092
0.21,0.24,0.0,894.36304,619.69275,697.70905,620.59674
0.24,0.24,0.0,952.92596,618.5122,757.3087,620.42377
0.27,0.24,0.0,1011.02563,617.1918,816.869,620.2909
0.0,0.27,0.0,482.85815,683.92175,285.8646,678.8418
0.03,0.27,0.0,541.45605,683.09924,343.9138,678.9997
0.06,0.27,0.0,600.239,682.0279,402.5085,678.9024
0.09,0.27,0.0,659.0228,681.15906,461.21417,678.95593
0.12,0.27,0.0,717.8591,680.5047,520.07764,679.19775
0.15,0.27,0.0,776.59845,679.27747,579.2354,678.8694
0.18,0.27,0.0,835.2982,678.20593,638.439,678.7518
0.21,0.27,0.0,893.91095,677.2349,697.7064,678.84216
0.24,0.27,0.0,951.9829,675.7091,756.9303,678.50275
0.27,0.27,0.0,1009.73566,674.3869,816.20734,678.4037
0.0,0.0,0.0,614.64044,256.54892,423.07382,252.64253
0.03,0.0,0.0,672.71387,253.74129,479.94797,250.23393
0.06,0.0,0.0,731.4795,250.96056,537.6356,247.9522
0.09,0.0,0.0,790.8446,248.2373,596.18304,245.66737
0.12,0.0,0.0,850.8563,245.58984,655.5137,243.45752
0.15,0.0,0.0,911.23627,243.10643,715.64026,241.26483
0.18,0.0,0.0,971.9256,240.7976,776.45703,239.09619
0.21,0.0,0.0,1032.6616,238.68274,837.97534,237.09325
0.24,0.0,0.0,1093.2897,236.79105,899.9869,235.17
0.27,0.0,0.0,1153.6045,235.17389,962.4307,233.44508
0.0,0.03,0.0,615.93414,315.05023,423.3379,311.084
0.03,0.03,0.0,674.0716,312.59265,480.3078,309.15973
0.06,0.03,0.0,732.9297,310.13602,538.12494,307.26584
0.09,0.03,0.0,792.43256,307.688,596.73865,305.43918
0.12,0.03,0.0,852.51697,305.32654,656.1631,303.5991
0.15,0.03,0.0,913.0964,303.04333,716.3389,301.7569
0.18,0.03,0.0,973.93463,300.88443,777.28076,299.93262
0.21,0.03,0.0,1034.8918,298.8592,838.9201,298.1719
0.24,0.03,0.0,1095.7599,297.06024,901.1376,296.56592
0.27,0.03,0.0,1156.325,295.43988,963.78674,295.03055
0.0,0.06,0.0,617.22797,373.72598,423.68585,369.74005
0.03,0.06,0.0,675.39996,371.62695,480.75226,368.26553
0.06,0.06,0.0,734.2861,369.50882,538.6442,366.80725
0.09,0.06,0.0,793.8538,367.3938,597.3197,365.34625
0.12,0.06,0.0,854.0815,365.3192,656.79755,363.94693
0.15,0.06,0.0,914.76044,363.25375,716.9686,362.47678
0.18,0.06,0.0,975.76624,361.2861,777.9862,360.99252
0.21,0.06,0.0,1036.8997,359.43936,839.757,359.5941
0.24,0.06,0.0,1097.887,357.67374,902.12585,358.26495
0.27,0.06,0.0,1158.6061,356.12268,964.9113,356.98608
0.0,0.09,0.0,618.5178,432.43286,424.05753,428.5542
0.03,0.09,0.0,676.7722,430.7229,481.28998,427.49872
0.06,0.09,0.0,735.656,428.9306,539.16327,426.42172
0.09,0.09,0.0,795.27594,427.16183,597.8881,425.3715
0.12,0.09,0.0,855.5517,425.4122,657.3903,424.33423
0.15,0.09,0.0,916.2931,423.65625,717.65533,423.26205
0.18,0.09,0.0,977.38495,421.91003,778.6783,422.19305
0.21,0.09,0.0,1038.6467,420.22552,840.5193,421.14474
0.24,0.09,0.0,1099.6768,418.64282,902.968,420.15955
0.27,0.09,0.0,1160.554,417.08322,965.9104,419.15714
0.0,0.12,0.0,619.8706,491.17255,424.56018,487.49222
0.03,0.12,0.0,678.149,489.81326,481.88208,486.82117
0.06,0.12,0.0,736.9864,488.43347,539.6806,486.13507
0.09,0.12,0.0,796.6492,486.95474,598.48535,485.4643
0.12,0.12,0.0,856.9242,485.56174,658.02545,484.79565
0.15,0.12,0.0,917.70886,484.10126,718.32465,484.13327
0.18,0.12,0.0,978.87787,482.62393,779.38477,483.4855
0.21,0.12,0.0,1040.1573,481.12125,841.2604,482.84528
0.24,0.12,0.0,1101.2307,479.6609,903.83014,482.17612
0.27,0.12,0.0,1162.1246,478.14935,966.745,481.5263
0.0,0.15,0.0,621.215,549.88354,425.15088,546.47144
0.03,0.15,0.0,679.4844,548.8866,482.40015,546.20056
0.06,0.15,0.0,738.3572,547.88513,540.26135,545.91797
0.09,0.15,0.0,798.0336,546.81555,599.09424,545.6441
0.12,0.15,0.0,858.2601,545.70404,658.63873,545.3489
0.15,0.15,0.0,919.03394,544.52625,718.9771,545.0921
0.18,0.15,0.0,980.1621,543.3176,780.1139,544.84357
0.21,0.15,0.0,1041.4281,542.0719,841.9668,544.59753
0.24,0.15,0.0,1102.5437,540.68317,904.4785,544.2829
0.27,0.15,0.0,1163.3298,539.28534,967.45483,543.9664
0.0,0.18,0.0,622.60364,608.5811,425.7819,605.5094
0.03,0.18,0.0,680.7967,607.967,482.93622,605.61755
0.06,0.18,0.0,739.7027,607.29425,540.9072,605.7482
0.09,0.18,0.0,799.3273,606.5716,599.7252,605.85077
0.12,0.18,0.0,859.517,605.79004,659.28125,605.97656
0.15,0.18,0.0,920.24396,604.9042,719.63074,606.1294
0.18,0.18,0.0,981.2733,603.9306,780.75903,606.238
0.21,0.18,0.0,1042.4548,602.84796,842.6324,606.3761
0.24,0.18,0.0,1103.4591,601.6317,905.11383,606.4179
0.27,0.18,0.0,1164.1538,600.25977,968.0351,606.364
0.0,0.21,0.0,623.9413,667.2245,426.44562,664.44824
0.03,0.21,0.0,682.13904,666.9492,483.5489,665.06586
0.06,0.21,0.0,741.0462,666.5848,541.603,665.5551
0.09,0.21,0.0,800.5881,666.19586,600.3884,666.0652
0.12,0.21,0.0,860.69714,665.7433,659.9008,666.64575
0.15,0.21,0.0,921.347,665.0913,720.2959,667.11176
0.18,0.21,0.0,982.17725,664.3199,781.4137,667.60986
0.21,0.21,0.0,1043.2251,663.4017,843.20966,668.11365
0.24,0.21,0.0,1104.1007,662.2786,905.6416,668.456
0.27,0.21,0.0,1164.6078,660.947,968.4165,668.66174
0.0,0.24,0.0,625.284,725.70715,427.17236,723.2754
0.03,0.24,0.0,683.4489,725.7724,484.28577,724.3593
0.06,0.24,0.0,742.3363,725.69086,542.35315,725.2803
0.09,0.24,0.0,801.7706,725.6161,601.0373,726.232
0.12,0.24,0.0,861.77563,725.4897,660.53046,727.23865
0.15,0.24,0.0,922.22784,724.9936,720.90436,728.0473
0.18,0.24,0.0,982.91736,724.3827,781.96454,728.86597
0.21,0.24,0.0,1043.7465,723.6651,843.6742,729.6907
0.24,0.24,0.0,1104.368,722.56714,905.9503,730.26544
0.27,0.24,0.0,1164.6515,721.2667,968.6026,730.7018
0.0,0.27,0.0,626.63586,783.91437,427.98465,781.9302
0.03,0.27,0.0,684.75726,784.2789,485.07483,783.4225
0.06,0.27,0.0,743.56525,784.41974,543.123,784.70746
0.09,0.27,0.0,802.871,784.59375,601.78076,786.1029
0.12,0.27,0.0,862.6668,784.82794,661.0895,787.6391
0.15,0.27,0.0,922.9121,784.47253,721.468,788.70905
0.18,0.27,0.0,983.372,783.99414,782.44324,789.8169
0.21,0.27,0.0,1043.9695,783.4327,843.99963,791.0013
0.24,0.27,0.0,1104.2513,782.2713,906.11487,791.67175
0.27,0.27,0.0,1164.3444,781.0012,968.51544,792.31934
0.0,0.0,0.0,614.6628,239.71307,413.65475,235.70311
0.03,0.0,0.0,675.7789,240.69449,475.7689,237.16849
0.06,0.0,0.0,736.1251,241.77266,537.2836,238.7622
0.09,0.0,0.0,795.6299,242.94072,598.218,240.3908
0.12,0.0,0.0,854.2919,244.19739,658.4366,242.10565
0.15,0.0,0.0,911.9369,245.56114,717.95795,243.88524
0.18,0.0,0.0,968.5148,247.0784,776.74664,245.66817
0.21,0.0,0.0,1023.88477,248.75252,834.7433,247.56046
0.24,0.0,0.0,1077.9243,250.56465,891.8717,249.52458
0.27,0.0,0.0,1130.5618,252.50696,948.04584,251.63431
0.0,0.03,0.0,615.1767,301.43,413.01608,297.33316
0.03,0.03,0.0,676.3705,302.04056,475.26868,298.5303
0.06,0.03,0.0,736.7753,302.69244,536.9314,299.83127
0.09,0.03,0.0,796.39154,303.41797,597.9153,301.19162
0.12,0.03,0.0,855.14014,304.22302,658.23047,302.55704
0.15,0.03,0.0,912.9264,305.11118,717.8125,303.94415
0.18,0.03,0.0,969.6441,306.0678,776.6795,305.33255
0.21,0.03,0.0,1025.1576,307.1758,834.80414,306.7746
0.24,0.03,0.0,1079.3977,308.38147,892.0813,308.28967
0.27,0.03,0.0,1132.1924,309.7469,948.4172,309.92236
0.0,0.06,0.0,615.7143,363.3327,412.49487,359.25266
0.03,0.06,0.0,676.8972,363.60153,474.87112,360.18256
0.06,0.06,0.0,737.39264,363.85385,536.629,361.1497
0.09,0.06,0.0,797.045,364.12955,597.65924,362.16525
0.12,0.06,0.0,855.8662,364.48083,657.9955,363.20065
0.15,0.06,0.0,913.7448,364.89008,717.60297,364.17636
0.18,0.06,0.0,970.5841,365.3451,776.56366,365.20282
0.21,0.06,0.0,1026.2384,365.87744,834.7921,366.2443
0.24,0.06,0.0,1080.5487,366.52072,892.1499,367.33624
0.27,0.06,0.0,1133.4359,367.259,948.58655,368.4905
0.0,0.09,0.0,616.2962,425.3178,412.0748,421.37674
0.03,0.09,0.0,677.4545,425.22546,474.5488,421.9788
0.06,0.09,0.0,737.99176,425.07343,536.3273,422.58627
0.09,0.09,0.0,797.6814,424.94925,597.4608,423.22043
0.12,0.09,0.0,856.49554,424.88602,657.7376,423.87015
0.15,0.09,0.0,914.3914,424.8361,717.3845,424.52548
0.18,0.09,0.0,971.40594,424.77118,776.4343,425.14236
0.21,0.09,0.0,1027.1371,424.79062,834.73016,425.83524
0.24,0.09,0.0,1081.4155,424.90018,892.1454,426.54126
0.27,0.09,0.0,1134.4677,425.0296,948.6885,427.24036
0.0,0.12,0.0,616.87195,487.35587,411.74487,483.595
0.03,0.12,0.0,677.99194,486.8491,474.24695,483.86276
0.06,0.12,0.0,738.5626,486.34134,536.09094,484.1037
0.09,0.12,0.0,798.2857,485.82538,597.2039,484.36197
0.12,0.12,0.0,857.0177,485.33917,657.5169,484.64282
0.15,0.12,0.0,914.9594,484.81775,717.1606,484.93726
0.18,0.12,0.0,972.0036,484.33777,776.28577,485.2105
0.21,0.12,0.0,1027.8501,483.83185,834.6692,485.5204
0.24,0.12,0.0,1082.0454,483.3531,891.9839,485.8294
0.27,0.12,0.0,1135.159,482.8859,948.64716,486.1515
0.0,0.15,0.0,617.4164,549.3776,411.45078,545.90125
0.03,0.15,0.0,678.5427,548.48566,473.94116,545.7865
0.06,0.15,0.0,739.13684,547.5974,535.8286,545.68
0.09,0.15,0.0,798.8107,546.6869,596.95013,545.5964
0.12,0.15,0.0,857.5427,545.78186,657.32605,545.4717
0.15,0.15,0.0,915.4217,544.8202,716.99475,545.40497
0.18,0.15,0.0,972.40076,543.8688,776.1015,545.3416
0.21,0.15,0.0,1028.2867,542.89667,834.53314,545.3134
0.24,0.15,0.0,1082.5115,541.84344,891.8807,545.1812
0.27,0.15,0.0,1135.4952,540.8025,948.4584,545.07947
0.0,0.18,0.0,617.98425,611.3221,411.23453,608.17365
0.03,0.18,0.0,679.148,610.0985,473.69876,607.7791
0.06,0.18,0.0,739.5948,608.78656,535.5443,607.3224
0.09,0.18,0.0,799.226,607.4768,596.6965,606.83575
0.12,0.18,0.0,858.00385,606.1366,657.1252,606.37036
0.15,0.18,0.0,915.83453,604.76154,716.8301,605.9199
0.18,0.18,0.0,972.7114,603.35315,775.9007,605.52264
0.21,0.18,0.0,1028.4324,601.8113,834.2827,605.1038
0.24,0.18,0.0,1082.7046,600.19916,891.70154,604.6151
0.27,0.18,0.0,1135.5087,598.53485,948.1595,604.0081
0.0,0.21,0.0,618.56665,673.19165,411.12396,670.4427
0.03,0.21,0.0,679.74054,671.5624,473.52573,669.74
0.06,0.21,0.0,740.0598,669.87213,535.31537,668.9078
0.09,0.21,0.0,799.6065,668.11707,596.45496,668.0847
0.12,0.21,0.0,858.40125,666.4229,656.9598,667.3237
0.15,0.21,0.0,916.1242,664.51154,716.6451,666.48773
0.18,0.21,0.0,972.7721,662.54645,775.67334,665.64557
0.21,0.21,0.0,1028.4082,660.5421,833.9971,664.8114
0.24,0.21,0.0,1082.5906,658.35864,891.39124,663.881
0.27,0.21,0.0,1135.296,656.1233,947.7884,662.86707
0.0,0.24,0.0,619.20123,734.89246,411.13858,732.53827
0.03,0.24,0.0,680.26807,732.8786,473.46075,731.56433
0.06,0.24,0.0,740.4664,730.7011,535.16174,730.37646
0.09,0.24,0.0,799.93994,728.54663,596.2458,729.28925
0.12,0.24,0.0,858.73157,726.43286,656.7921,728.2056
0.15,0.24,0.0,916.1789,723.9765,716.4197,726.9195
0.18,0.24,0.0,972.7133,721.52094,775.3511,725.6836
0.21,0.24,0.0,1028.1986,718.9961,833.67725,724.4591
0.24,0.24,0.0,1082.1289,716.17285,890.9001,723.01526
0.27,0.24,0.0,1134.7393,713.3025,947.21954,721.5186
0.0,0.27,0.0,619.87604,796.21796,411.31516,794.3065
0.03,0.27,0.0,680.7953,793.75885,473.50113,793.063
0.06,0.27,0.0,740.7993,791.13873,535.0592,791.56134
0.09,0.27,0.0,800.1533,788.5681,596.0991,790.1398
0.12,0.27,0.0,858.88794,786.0758,656.61304,788.868
0.15,0.27,0.0,916.0917,783.0392,716.11743,787.11035
0.18,0.27,0.0,972.3712,780.00006,774.9989,785.4295
0.21,0.27,0.0,1027.8071,776.9914,833.2814,783.84985
0.24,0.27,0.0,1081.3274,773.5346,890.2484,781.8203
0.27,0.27,0.0,1133.8461,770.06354,946.48755,779.84845
0.0,0.0,0.0,612.49426,256.5405,420.51462,252.56787
0.03,0.0,0.0,671.3549,255.64516,479.27475,252.15686
0.06,0.0,0.0,730.1671,254.83511,538.1969,251.8115
0.09,0.0,0.0,788.89874,254.04243,597.1655,251.55318
0.12,0.0,0.0,847.46985,253.39775,656.26917,251.33675
0.15,0.0,0.0,905.75726,252.89835,715.31866,251.22614
0.18,0.0,0.0,963.60864,252.552,774.37897,251.15244
0.21,0.0,0.0,1020.86975,252.37936,833.3205,251.14243
0.24,0.0,0.0,1077.4264,252.39421,892.0769,251.3296
0.27,0.0,0.0,1133.0482,252.59537,950.44806,251.58325
0.0,0.03,0.0,613.1587,313.78696,419.22272,309.79807
0.03,0.03,0.0,672.3694,312.89386,478.396,309.44757
0.06,0.03,0.0,731.56555,311.99753,537.6937,309.19046
0.09,0.03,0.0,790.69147,311.18213,597.0907,308.98373
0.12,0.03,0.0,849.64984,310.4604,656.5096,308.80865
0.15,0.03,0.0,908.35693,309.7877,715.96564,308.63727
0.18,0.03,0.0,966.6346,309.2581,775.38873,308.50262
0.21,0.03,0.0,1024.384,308.84537,834.7571,308.4228
0.24,0.03,0.0,1081.3427,308.6266,893.92847,308.4677
0.27,0.03,0.0,1137.3817,308.54593,952.7899,308.60117
0.0,0.06,0.0,613.8346,371.82178,417.9733,367.8273
0.03,0.06,0.0,673.36993,370.91803,477.578,367.55206
0.06,0.06,0.0,732.93536,369.98264,537.2657,367.32635
0.09,0.06,0.0,792.40186,369.1188,596.9991,367.1545
0.12,0.06,0.0,851.76196,368.2911,656.7676,366.98938
0.15,0.06,0.0,910.8372,367.55096,716.563,366.81458
0.18,0.06,0.0,969.55804,366.7972,776.3756,366.6336
0.21,0.06,0.0,1027.6792,366.22464,836.1199,366.5208
0.24,0.06,0.0,1085.0358,365.7535,895.72784,366.4803
0.27,0.06,0.0,1141.49,365.37793,955.01483,366.503
0.0,0.09,0.0,614.5327,430.46356,416.81287,426.56268
0.03,0.09,0.0,674.4081,429.6178,476.81476,426.41983
0.06,0.09,0.0,734.25806,428.62305,536.8255,426.15076
0.09,0.09,0.0,794.0946,427.74338,596.94446,425.98563
0.12,0.09,0.0,853.77905,426.86328,657.0288,425.85034
0.15,0.09,0.0,913.2256,426.00696,717.1248,425.7114
0.18,0.09,0.0,972.366,425.12805,777.3215,425.51065
0.21,0.09,0.0,1030.8756,424.3036,837.48065,425.32285
0.24,0.09,0.0,1088.4972,423.65668,897.43134,425.30234
0.27,0.09,0.0,1145.3142,422.95267,957.14575,425.19998
0.0,0.12,0.0,615.2527,489.80878,415.68036,486.0799
0.03,0.12,0.0,675.4462,488.9622,476.06436,485.96237
0.06,0.12,0.0,735.6383,487.92386,536.4212,485.6832
0.09,0.12,0.0,795.7905,486.97424,596.86383,485.52472
0.12,0.12,0.0,855.7675,486.0992,657.29346,485.42664
0.15,0.12,0.0,915.5342,485.14685,717.72614,485.2683
0.18,0.12,0.0,975.0208,484.13593,778.2857,485.0552
0.21,0.12,0.0,1033.8931,483.11133,838.8142,484.87604
0.24,0.12,0.0,1091.7454,482.25003,899.0716,484.81512
0.27,0.12,0.0,1148.8762,481.2233,959.156,484.6284
0.0,0.15,0.0,615.9945,549.77167,414.6503,546.3002
0.03,0.15,0.0,676.5113,548.8717,475.34494,546.18414
0.06,0.15,0.0,736.9945,547.84357,536.0123,545.9417
0.09,0.15,0.0,797.45905,546.92145,596.7881,545.7699
0.12,0.15,0.0,857.7179,545.94214,657.5869,545.6676
0.15,0.15,0.0,917.8128,544.87836,718.4023,545.5317
0.18,0.15,0.0,977.5148,543.7901,779.28674,545.33527
0.21,0.15,0.0,1036.6716,542.55615,840.11334,545.1416
0.24,0.15,0.0,1094.7963,541.4231,900.7158,544.99915
0.27,0.15,0.0,1152.1161,540.16144,961.04144,544.75464
0.0,0.18,0.0,616.7283,610.3279,413.64462,607.14874
0.03,0.18,0.0,677.5648,609.3838,474.569,607.06384
0.06,0.18,0.0,738.3684,608.4223,535.6147,606.9102
0.09,0.18,0.0,799.0846,607.4049,596.71936,606.7695
0.12,0.18,0.0,859.64606,606.3453,657.8702,606.61536
0.15,0.18,0.0,919.97736,605.21356,719.0453,606.47144
0.18,0.18,0.0,979.87555,603.95386,780.21643,606.3338
0.21,0.18,0.0,1039.1886,602.5841,841.36896,606.10223
0.24,0.18,0.0,1097.6267,601.10614,902.3077,605.8478
0.27,0.18,0.0,1155.0166,599.55237,962.8334,605.50977
0.0,0.21,0.0,617.5083,671.43976,412.7134,668.60077
0.03,0.21,0.0,678.6327,670.4924,473.9118,668.6009
0.06,0.21,0.0,739.6979,669.4941,535.2892,668.51776
0.09,0.21,0.0,800.67535,668.41345,596.70056,668.3963
0.12,0.21,0.0,861.5151,667.25183,658.1689,668.23236
0.15,0.21,0.0,922.0341,665.97003,719.6727,668.08307
0.18,0.21,0.0,982.04926,664.5253,781.1322,667.9016
0.21,0.21,0.0,1041.5496,662.9415,842.55756,667.64294
0.24,0.21,0.0,1100.1235,661.17847,903.70667,667.25836
0.27,0.21,0.0,1157.6188,659.2537,964.49756,666.77985
0.0,0.24,0.0,618.3464,732.99774,411.87592,730.5714
0.03,0.24,0.0,679.6754,732.0491,473.36356,730.7093
0.06,0.24,0.0,741.0035,731.00793,534.9898,730.70624
0.09,0.24,0.0,802.2008,729.86755,596.68164,730.5943
0.12,0.24,0.0,863.2981,728.5872,658.502,730.5058
0.15,0.24,0.0,923.8924,727.0932,720.23224,730.2828
0.18,0.24,0.0,984.064,725.4319,782.00433,730.0255
0.21,0.24,0.0,1043.677,723.59717,843.68054,729.66943
0.24,0.24,0.0,1102.2449,721.5194,905.0194,729.16254
0.27,0.24,0.0,1159.8582,719.25366,965.97754,728.4662
0.0,0.27,0.0,619.1424,794.8882,411.20465,792.8511
0.03,0.27,0.0,680.7381,793.9019,472.8841,793.08026
0.06,0.27,0.0,742.2289,792.76733,534.7708,793.1802
0.09,0.27,0.0,803.6129,791.4743,596.72217,793.1524
0.12,0.27,0.0,864.9121,790.1243,658.76526,793.10834
0.15,0.27,0.0,925.5708,788.3853,720.80634,792.8085
0.18,0.27,0.0,985.78674,786.483,782.7707,792.49396
0.21,0.27,0.0,1045.5337,784.3671,844.7111,792.0512
0.24,0.27,0.0,1104.0238,781.9399,906.08606,791.3019
0.27,0.27,0.0,1161.7408,779.2638,967.1783,790.44763
0.0,0.0,0.0,610.12854,244.34663,409.5231,240.43973
0.03,0.0,0.0,671.86304,243.30219,471.0665,239.79431
0.06,0.0,0.0,733.5814,242.3228,532.8259,239.32512
0.09,0.0,0.0,795.22485,241.46194,594.73553,238.90463
0.12,0.0,0.0,856.6923,240.71828,656.73364,238.60362
0.15,0.0,0.0,917.86646,240.15038,718.7802,238.36842
0.18,0.0,0.0,978.5117,239.78586,780.79346,238.22801
0.21,0.0,0.0,1038.5135,239.68327,842.7247,238.21976
0.24,0.0,0.0,1097.6647,239.76852,904.3992,238.36076
0.27,0.0,0.0,1155.8075,240.1229,965.71313,238.72383
0.0,0.03,0.0,611.3388,306.41296,410.55948,302.4095
0.03,0.03,0.0,672.8088,305.34927,471.94525,301.90417
0.06,0.03,0.0,734.29596,304.35077,533.524,301.5303
0.09,0.03,0.0,795.70447,303.42395,595.15576,301.188
0.12,0.03,0.0,856.9857,302.59265,656.88934,300.91718
0.15,0.03,0.0,917.966,301.8527,718.7072,300.65643
0.18,0.03,0.0,978.52734,301.29288,780.5164,300.4673
0.21,0.03,0.0,1038.414,300.90274,842.236,300.37073
0.24,0.03,0.0,1097.4868,300.6916,903.802,300.3781
0.27,0.03,0.0,1155.5743,300.6641,964.96014,300.58325
0.0,0.06,0.0,612.54395,368.00745,411.74582,363.9944
0.03,0.06,0.0,673.7044,367.01376,472.92343,363.61374
0.06,0.06,0.0,734.94147,365.96127,534.22095,363.29086
0.09,0.06,0.0,796.11896,364.99612,595.6164,363.0227
0.12,0.06,0.0,857.15326,364.11243,657.07886,362.75308
0.15,0.06,0.0,917.92395,363.1948,718.5734,362.52216
0.18,0.06,0.0,978.3215,362.45923,780.1302,362.3309
0.21,0.06,0.0,1038.0679,361.8576,841.63684,362.17996
0.24,0.06,0.0,1096.978,361.36978,902.9792,362.09827
0.27,0.06,0.0,1154.9562,361.01752,964.0027,362.13403
0.0,0.09,0.0,613.77045,429.069,412.99124,425.1636
0.03,0.09,0.0,674.6338,428.0018,473.92706,424.79303
0.06,0.09,0.0,735.5524,427.02762,534.9805,424.57227
0.09,0.09,0.0,796.45,426.03363,596.0627,424.284
0.12,0.09,0.0,857.1902,425.02255,657.2166,424.03372
0.15,0.09,0.0,917.7189,424.10068,718.43005,423.7992
0.18,0.09,0.0,977.9241,423.21835,779.705,423.63245
0.21,0.09,0.0,1037.4769,422.4291,840.9888,423.46823
0.24,0.09,0.0,1096.1818,421.66452,902.07697,423.33954
0.27,0.09,0.0,1154.0052,421.00082,962.9055,423.29
0.0,0.12,0.0,614.996,489.4773,414.2937,485.76584
0.03,0.12,0.0,675.55817,488.43518,475.0035,485.42398
0.06,0.12,0.0,736.15454,487.50732,535.7175,485.25507
0.09,0.12,0.0,796.7324,486.47894,596.5541,485.00006
0.12,0.12,0.0,857.18335,485.40134,657.4096,484.69513
0.15,0.12,0.0,917.38855,484.38455,718.29333,484.4972
0.18,0.12,0.0,977.342,483.45325,779.32294,484.38202
0.21,0.12,0.0,1036.7142,482.5093,840.31683,484.27414
0.24,0.12,0.0,1095.0474,481.4493,901.10016,484.04007
0.27,0.12,0.0,1152.723,480.54056,961.6946,483.93927
0.0,0.15,0.0,616.2121,549.2293,415.67593,545.75555
0.03,0.15,0.0,676.457,548.20667,476.04263,545.5074
0.06,0.15,0.0,736.7404,547.32806,536.4553,545.39355
0.09,0.15,0.0,796.98895,546.29,597.0103,545.14636
0.12,0.15,0.0,857.0976,545.1769,657.58356,544.87634
0.15,0.15,0.0,917.0006,544.07684,718.1847,544.669
0.18,0.15,0.0,976.5819,543.0201,778.88837,544.5461
0.21,0.15,0.0,1035.6573,541.9558,839.59406,544.48413
0.24,0.15,0.0,1093.7228,540.67975,900.0734,544.2084
0.27,0.15,0.0,1151.012,539.4721,960.30804,544.0171
0.0,0.18,0.0,617.4162,608.3282,417.08533,605.168
0.03,0.18,0.0,677.3272,607.38074,477.09476,605.0351
0.06,0.18,0.0,737.2814,606.41925,537.25006,604.8613
0.09,0.18,0.0,797.1783,605.3683,597.47736,604.66705
0.12,0.18,0.0,856.9626,604.2894,657.7391,604.46466
0.15,0.18,0.0,916.5095,603.14935,718.07306,604.30225
0.18,0.18,0.0,975.6989,601.92303,778.4539,604.16
0.21,0.18,0.0,1034.3572,600.67004,838.8255,604.0525
0.24,0.18,0.0,1092.207,599.2504,898.99854,603.8202
0.27,0.18,0.0,1149.0334,597.7244,958.85516,603.4459
0.0,0.21,0.0,618.63513,666.79407,418.55655,663.96313
0.03,0.21,0.0,678.2284,665.8728,478.21512,663.9351
0.06,0.21,0.0,737.8041,664.7976,538.0486,663.75745
0.09,0.21,0.0,797.328,663.71747,597.9829,663.5861
0.12,0.21,0.0,856.77234,662.68176,657.92584,663.52075
0.15,0.21,0.0,915.89325,661.3614,717.9562,663.26514
0.18,0.21,0.0,974.61914,660.0209,777.99963,663.10675
0.21,0.21,0.0,1032.9088,658.61316,837.981,662.97705
0.24,0.21,0.0,1090.3413,656.96094,897.8077,662.6732
0.27,0.21,0.0,1146.839,655.16016,957.2715,662.24286
0.0,0.24,0.0,619.83075,724.5306,420.10233,722.0815
0.03,0.24,0.0,679.0735,723.5895,479.36423,722.1294
0.06,0.24,0.0,738.27264,722.40295,538.8797,721.92737
0.09,0.24,0.0,797.4263,721.35864,598.46,721.86945
0.12,0.24,0.0,856.48804,720.3039,658.1014,721.9235
0.15,0.24,0.0,915.1335,718.81415,717.7924,721.5943
0.18,0.24,0.0,973.4131,717.2773,777.46814,721.39606
0.21,0.24,0.0,1031.2556,715.7424,837.11255,721.2146
0.24,0.24,0.0,1088.1821,713.78894,896.4846,720.7495
0.27,0.24,0.0,1144.2826,711.75635,955.5472,720.22644
0.0,0.27,0.0,621.0553,781.4219,421.75543,779.38763
0.03,0.27,0.0,679.90283,780.3875,480.6603,779.4729
0.06,0.27,0.0,738.7001,779.09296,539.80646,779.2566
0.09,0.27,0.0,797.3908,777.9784,598.9856,779.27356
0.12,0.27,0.0,856.0804,777.0128,658.28314,779.5415
0.15,0.27,0.0,914.1805,775.2352,717.60394,779.0978
0.18,0.27,0.0,972.014,773.5447,776.8914,778.81134
0.21,0.27,0.0,1029.4266,771.89056,836.1562,778.68835
0.24,0.27,0.0,1085.7676,769.5537,895.0072,777.8861
0.27,0.27,0.0,1141.4594,767.33276,953.6572,777.2889
0.0,0.0,0.0,477.8457,357.88126,285.13342,352.61346
0.03,0.0,0.0,535.1394,355.593,340.80365,350.8261
0.06,0.0,0.0,593.2343,353.31842,397.45645,349.03958
0.09,0.0,0.0,652.09485,351.04538,455.14853,347.39325
0.12,0.0,0.0,711.7523,348.71405,513.7487,345.7517
0.15,0.0,0.0,772.1313,346.42953,573.1683,344.1409
0.18,0.0,0.0,833.2018,344.14838,633.42145,342.5298
0.21,0.0,0.0,894.7749,341.92657,694.44183,340.914
0.24,0.0,0.0,956.76355,339.8015,756.27203,339.27448
0.27,0.0,0.0,1018.98065,337.8046,818.9065,337.71948
0.0,0.03,0.0,479.09116,416.68683,285.3269,411.3261
0.03,0.03,0.0,536.44714,414.7989,341.03372,410.00912
0.06,0.03,0.0,594.60596,412.9119,397.86108,408.72012
0.09,0.03,0.0,653.50696,410.9833,455.63818,407.50995
0.12,0.03,0.0,713.19476,409.1097,514.3171,406.28842
0.15,0.03,0.0,773.58655,407.14786,573.7757,405.0831
0.18,0.03,0.0,834.70996,405.19815,634.03925,403.86328
0.21,0.03,0.0,896.38025,403.28403,695.0985,402.66245
0.24,0.03,0.0,958.48303,401.39633,756.9819,401.4489
0.27,0.03,0.0,1020.81696,399.5945,819.68427,400.25565
0.0,0.06,0.0,480.4171,475.53342,285.65765,470.20123
0.03,0.06,0.0,537.79395,474.04822,341.41806,469.36633
0.06,0.06,0.0,595.95,472.5638,398.31302,468.53577
0.09,0.06,0.0,654.8711,471.03738,456.1506,467.74634
0.12,0.06,0.0,714.58704,469.49673,514.8808,466.90698
0.15,0.06,0.0,774.98773,467.9171,574.3631,466.11688
0.18,0.06,0.0,836.1442,466.3252,634.6703,465.31717
0.21,0.06,0.0,897.89886,464.73996,695.7625,464.50375
0.24,0.06,0.0,960.03143,463.09732,757.68024,463.6868
0.27,0.06,0.0,1022.4067,461.54657,820.4085,462.89288
0.0,0.09,0.0,481.72003,534.3825,286.05267,529.1407
0.03,0.09,0.0,539.1769,533.2955,341.9644,528.7938
0.06,0.09,0.0,597.28784,532.1981,398.76224,528.42664
0.09,0.09,0.0,656.24506,531.05975,456.6647,528.0137
0.12,0.09,0.0,715.9675,529.90576,515.47504,527.61707
0.15,0.09,0.0,776.3872,528.6948,574.95264,527.19305
0.18,0.09,0.0,837.5524,527.4688,635.2741,526.8044
0.21,0.09,0.0,899.2806,526.247,696.41315,526.4079
0.24,0.09,0.0,961.42065,524.9467,758.3531,526.04987
0.27,0.09,0.0,1023.8106,523.52313,821.12036,525.64484
0.0,0.12,0.0,483.1048,593.2065,286.70346,588.10815
0.03,0.12,0.0,540.6197,592.52234,342.6358,588.23944
0.06,0.12,0.0,598.638,591.83795,399.32236,588.35596
0.09,0.12,0.0,657.62915,591.07074,457.227,588.36993
0.12,0.12,0.0,717.37555,590.26074,516.0927,588.3649
0.15,0.12,0.0,777.7944,589.4301,575.61884,588.3442
0.18,0.12,0.0,838.8962,588.5733,635.924,588.37115
0.21,0.12,0.0,900.5991,587.6773,697.06836,588.4064
0.24,0.12,0.0,962.6738,586.60565,759.08624,588.41766
0.27,0.12,0.0,1024.9915,585.47614,821.8426,588.4422
0.0,0.15,0.0,484.61804,651.9316,287.61063,646.9587
0.03,0.15,0.0,541.9975,651.65137,343.37793,647.5833
0.06,0.15,0.0,600.04297,651.3967,399.99716,648.2313
0.09,0.15,0.0,659.013,651.00793,457.8591,648.7508
0.12,0.15,0.0,718.73285,650.5485,516.68097,649.1327
0.15,0.15,0.0,779.12463,650.0838,576.25977,649.5424
0.18,0.15,0.0,840.1778,649.542,636.5981,649.9827
0.21,0.15,0.0,901.7702,648.9583,697.7138,650.4457
0.24,0.15,0.0,963.74884,648.10693,759.7478,650.8138
0.27,0.15,0.0,1025.9072,647.1739,822.4796,651.2291
0.0,0.18,0.0,486.17862,710.4718,288.6406,705.63574
0.03,0.18,0.0,543.424,710.66125,344.1967,706.85175
0.06,0.18,0.0,601.535,710.77185,400.90533,707.9444
0.09,0.18,0.0,660.44794,710.7549,458.65573,708.9333
0.12,0.18,0.0,720.074,710.7111,517.3562,709.8437
0.15,0.18,0.0,780.40247,710.5529,576.8868,710.7105
0.18,0.18,0.0,841.3407,710.34283,637.2399,711.56824
0.21,0.18,0.0,902.8145,709.9897,698.4019,712.41986
0.24,0.18,0.0,964.6201,709.39954,760.3288,713.2031
0.27,0.18,0.0,1026.5754,708.60297,823.0137,713.87756
0.0,0.21,0.0,487.8316,768.7234,289.8339,764.0617
0.03,0.21,0.0,544.9716,769.37335,345.27637,765.8212
0.06,0.21,0.0,603.0268,769.82025,401.93732,767.40594
0.09,0.21,0.0,661.83734,770.2294,459.58917,768.87256
0.12,0.21,0.0,721.3455,770.5991,518.0689,770.35767
0.15,0.21,0.0,781.5491,770.679,577.5719,771.6456
0.18,0.21,0.0,842.36755,770.7126,637.9351,772.8872
0.21,0.21,0.0,903.6256,770.62396,698.99567,774.1472
0.24,0.21,0.0,965.24915,770.1919,760.88525,775.271
0.27,0.21,0.0,1026.9594,769.5574,823.43097,776.2578
0.0,0.24,0.0,489.5458,826.54114,291.2651,822.0333
0.03,0.24,0.0,546.5719,827.61475,346.57687,824.3982
0.06,0.24,0.0,604.5711,828.40826,403.13412,826.45966
0.09,0.24,0.0,663.2169,829.22217,460.5729,828.5024
0.12,0.24,0.0,722.5152,829.9998,518.85254,830.55786
0.15,0.24,0.0,782.63446,830.32904,578.3313,832.2084
0.18,0.24,0.0,843.2515,830.5899,638.5897,833.8449
0.21,0.24,0.0,904.24414,830.7241,699.56067,835.54254
0.24,0.24,0.0,965.5794,830.419,761.33356,836.94586
0.27,0.24,0.0,1026.9985,829.82874,823.7132,838.1852
0.0,0.27,0.0,491.35687,883.76105,292.9379,879.4893
0.03,0.27,0.0,548.2733,885.1956,348.1008,882.3316
0.06,0.27,0.0,606.15137,886.3513,404.54202,884.85986
0.09,0.27,0.0,664.6015,887.51434,461.80746,887.4737
0.12,0.27,0.0,723.66626,888.74835,519.7661,890.19354
0.15,0.27,0.0,783.5554,889.2606,579.1508,892.1742
0.18,0.27,0.0,843.898,889.7146,639.2562,894.22406
0.21,0.27,0.0,904.6731,890.15674,700.02057,896.37524
0.24,0.27,0.0,965.6323,889.76074,761.6554,897.857
0.27,0.27,0.0,1026.7235,889.3473,823.7815,899.44855
