0.0,0.0,0.0,477.72153,162.24287,290.61533,158.20345
0.03,0.0,0.0,534.2847,158.51192,345.21646,154.55196
0.06,0.0,0.0,591.6837,154.8973,400.95267,151.05246
0.09,0.0,0.0,649.8903,151.34427,457.72186,147.70589
0.12,0.0,0.0,708.8648,147.91699,515.5132,144.5053
0.15,0.0,0.0,768.4832,144.62344,574.201,141.41736
0.18,0.0,0.0,828.6287,141.48935,633.745,138.42882
0.21,0.0,0.0,889.2259,138.53186,694.0552,135.50845
0.24,0.0,0.0,950.1004,135.85109,755.08417,132.73639
0.27,0.0,0.0,1011.10876,133.42863,816.7977,130.12257
0.0,0.03,0.0,478.59985,219.74074,290.03912,215.25093
0.03,0.03,0.0,535.3411,216.44734,344.92587,212.15982
0.06,0.03,0.0,592.8929,213.21606,400.88528,209.23636
0.09,0.03,0.0,651.25775,210.07542,457.86353,206.38571
0.12,0.03,0.0,710.3673,206.96371,515.82135,203.68071
0.15,0.03,0.0,770.14465,203.93802,574.635,201.01555
0.18,0.03,0.0,830.5156,201.01465,634.31573,198.41016
0.21,0.03,0.0,891.3275,198.25124,694.7917,195.87257
0.24,0.03,0.0,952.5135,195.67038,756.0347,193.38783
0.27,0.03,0.0,1013.79034,193.35138,817.92596,191.0653
0.0,0.06,0.0,479.624,277.68283,289.7316,272.82516
0.03,0.06,0.0,536.44135,274.82785,344.7924,270.31628
0.06,0.06,0.0,594.1298,272.0043,400.9284,267.8969
0.09,0.06,0.0,652.5884,269.24783,458.08643,265.56027
0.12,0.06,0.0,711.8154,266.48196,516.1998,263.32376
0.15,0.06,0.0,771.70215,263.72784,575.1223,261.09775
0.18,0.06,0.0,832.23785,261.08658,634.88654,258.88733
0.21,0.06,0.0,893.26495,258.50476,695.4788,256.71127
0.24,0.06,0.0,954.67053,256.1292,756.8296,254.62172
0.27,0.06,0.0,1016.20276,253.88367,818.90063,252.51857
0.0,0.09,0.0,480.66174,335.91382,289.61838,330.80978
0.03,0.09,0.0,537.68646,333.528,344.90155,328.80658
0.06,0.09,0.0,595.371,331.0733,401.11163,326.84622
0.09,0.09,0.0,653.92255,328.65994,458.43378,325.0025
0.12,0.09,0.0,713.2329,326.2827,516.6708,323.2459
0.15,0.09,0.0,773.2201,323.86325,575.6597,321.4871
0.18,0.09,0.0,833.8451,321.46133,635.46375,319.6533
0.21,0.09,0.0,895.00525,319.1639,696.082,317.86224
0.24,0.09,0.0,956.5747,316.98553,757.561,316.1374
0.27,0.09,0.0,1018.325,314.8815,819.7513,314.3712
0.0,0.12,0.0,481.89377,394.28247,289.69135,389.05008
0.03,0.12,0.0,538.99457,392.3273,345.213,387.5921
0.06,0.12,0.0,596.68024,390.27386,401.40335,386.1048
0.09,0.12,0.0,655.2705,388.22794,458.83685,384.70355
0.12,0.12,0.0,714.638,386.22406,517.22675,383.3679
0.15,0.12,0.0,774.64514,384.1547,576.2562,381.988
0.18,0.12,0.0,835.3695,382.08917,636.06573,380.60776
0.21,0.12,0.0,896.64777,380.0449,696.7024,379.21384
0.24,0.12,0.0,958.30005,378.13474,758.2726,377.87643
0.27,0.12,0.0,1020.21606,376.22433,820.5367,376.483
0.0,0.15,0.0,483.1923,452.78363,290.05588,447.5157
0.03,0.15,0.0,540.2919,451.2082,345.54584,446.49164
0.06,0.15,0.0,598.01544,449.53934,401.85236,445.50327
0.09,0.15,0.0,656.61523,447.92056,459.33566,444.53906
0.12,0.15,0.0,716.0055,446.25787,517.7628,443.56085
0.15,0.15,0.0,776.07184,444.53915,576.8368,442.5939
0.18,0.15,0.0,836.82886,442.8192,636.7022,441.63202
0.21,0.15,0.0,898.138,441.08896,697.3636,440.67316
0.24,0.15,0.0,959.8721,439.4315,758.9306,439.71893
0.27,0.15,0.0,1021.8918,437.76495,821.2915,438.74747
0.0,0.18,0.0,484.5653,511.28226,290.5058,506.0469
0.03,0.18,0.0,541.6005,510.09274,345.9415,505.5308
0.06,0.18,0.0,599.40454,508.82877,402.438,504.98242
0.09,0.18,0.0,658.02875,507.54916,459.9503,504.42288
0.12,0.18,0.0,717.3543,506.26016,518.26227,503.85352
0.15,0.18,0.0,777.4066,504.94748,577.40576,503.29575
0.18,0.18,0.0,838.19073,503.58737,637.3457,502.7569
0.21,0.18,0.0,899.56244,502.20837,698.0599,502.19583
0.24,0.18,0.0,961.3163,500.76596,759.5787,501.66025
0.27,0.18,0.0,1023.2991,499.3872,821.9946,501.0865
0.0,0.21,0.0,485.92108,569.78973,291.07272,564.6611
0.03,0.21,0.0,542.95276,568.94977,346.46326,564.6008
0.06,0.21,0.0,600.81854,568.06445,403.06,564.50256
0.09,0.21,0.0,659.4123,567.2074,460.5513,564.3491
0.12,0.21,0.0,718.70593,566.3026,518.7975,564.2272
0.15,0.21,0.0,778.7794,565.3464,578.0072,564.0297
0.18,0.21,0.0,839.55084,564.31915,637.9705,563.8971
0.21,0.21,0.0,900.8543,563.27795,698.7131,563.80865
0.24,0.21,0.0,962.63257,562.1508,760.29083,563.6314
0.27,0.21,0.0,1024.5414,560.9305,822.71063,563.52185
0.0,0.24,0.0,487.27463,628.2212,291.73587,623.1988
0.03,0.24,0.0,544.33215,627.80035,347.10657,623.6734
0.06,0.24,0.0,602.24585,627.287,403.79266,623.98065
0.09,0.24,0.0,660.7745,626.77496,461.17715,624.326
0.12,0.24,0.0,720.0146,626.3017,519.3248,624.66327
0.15,0.24,0.0,780.10846,625.64307,578.5992,624.87427
0.18,0.24,0.0,840.8199,624.998,638.62067,625.14636
0.21,0.24,0.0,902.0783,624.29004,699.3459,625.4586
0.24,0.24,0.0,963.6946,623.4128,760.95233,625.73773
0.27,0.24,0.0,1025.56,622.4069,823.3693,625.9745
0.0,0.27,0.0,488.6589,686.54736,292.48825,681.667
0.03,0.27,0.0,545.7348,686.4983,347.94666,682.6089
0.06,0.27,0.0,603.6621,686.3343,404.5899,683.3759
0.09,0.27,0.0,662.17816,686.2096,461.9181,684.19684
0.12,0.27,0.0,721.3049,686.2085,519.9194,685.09717
0.15,0.27,0.0,781.3786,685.84064,579.2554,685.6645
0.18,0.27,0.0,841.99316,685.48346,639.26166,686.38727
0.21,0.27,0.0,903.1232,685.1347,699.9418,687.1507
0.24,0.27,0.0,964.6192,684.38336,761.63434,687.7068
0.27,0.27,0.0,1026.3326,683.5937,823.9196,688.3324
0.0,0.0,0.0,471.21762,346.79565,269.11105,341.4975
0.03,0.0,0.0,533.3195,347.044,331.54102,342.22644
0.06,0.0,0.0,594.765,347.36182,393.74606,343.09082
0.09,0.0,0.0,655.5295,347.70224,455.53073,344.07977
0.12,0.0,0.0,715.5964,348.05542,516.7725,345.1193
0.15,0.0,0.0,774.9004,348.428,577.38324,346.19785
0.18,0.0,0.0,833.4142,348.8436,637.25134,347.29184
0.21,0.0,0.0,891.0505,349.3181,696.4129,348.36176
0.24,0.0,0.0,947.71515,349.84824,754.9645,349.48138
0.27,0.0,0.0,1003.27435,350.5155,812.8268,350.61673
0.0,0.03,0.0,471.69986,408.86386,268.39932,403.42386
0.03,0.03,0.0,533.84125,408.80283,330.95587,403.9671
0.06,0.03,0.0,595.33435,408.76007,393.2922,404.54678
0.09,0.03,0.0,656.0744,408.72995,455.15002,405.23148
0.12,0.03,0.0,716.1365,408.72153,516.47107,405.94818
0.15,0.03,0.0,775.4794,408.6903,577.1015,406.6742
0.18,0.03,0.0,834.059,408.72803,637.0063,407.4312
0.21,0.03,0.0,891.7594,408.7298,696.2493,408.16638
0.24,0.03,0.0,948.4737,408.83575,754.80804,408.89948
0.27,0.03,0.0,1004.1031,408.9788,812.7105,409.6516
0.0,0.06,0.0,472.20425,470.98477,267.84705,465.54825
0.03,0.06,0.0,534.3653,470.61407,330.4906,465.83246
0.06,0.06,0.0,595.8629,470.19333,392.90967,466.12222
0.09,0.06,0.0,656.6285,469.82184,454.84012,466.50183
0.12,0.06,0.0,716.70166,469.45184,516.1851,466.877
0.15,0.06,0.0,776.02856,469.04712,576.81824,467.2382
0.18,0.06,0.0,834.6432,468.64478,636.80035,467.6154
0.21,0.06,0.0,892.3693,468.28,696.04126,468.0103
0.24,0.06,0.0,949.1012,467.91412,754.6365,468.41986
0.27,0.06,0.0,1004.7733,467.5726,812.5638,468.81647
0.0,0.09,0.0,472.77374,533.1795,267.51105,527.74817
0.03,0.09,0.0,534.9374,532.42566,330.15533,527.817
0.06,0.09,0.0,596.4385,531.62683,392.56952,527.84686
0.09,0.09,0.0,657.2389,530.9019,454.56924,527.8536
0.12,0.09,0.0,717.24036,530.13446,515.8812,527.82837
0.15,0.09,0.0,776.5397,529.3565,576.5708,527.84753
0.18,0.09,0.0,835.1819,528.6165,636.5637,527.85785
0.21,0.09,0.0,892.9365,527.82074,695.8779,527.90424
0.24,0.09,0.0,949.6113,527.01996,754.4586,527.96045
0.27,0.09,0.0,1005.312,526.1675,812.4416,528.04285
0.0,0.12,0.0,473.45654,595.283,267.3266,589.9471
0.03,0.12,0.0,535.54486,594.16626,329.9999,589.7682
0.06,0.12,0.0,597.03864,593.0916,392.3315,589.56635
0.09,0.12,0.0,657.8011,591.9426,454.27472,589.2515
0.12,0.12,0.0,717.7227,590.78455,515.6192,588.85815
0.15,0.12,0.0,777.0301,589.64465,576.3157,588.4958
0.18,0.12,0.0,835.6754,588.5125,636.3655,588.2068
0.21,0.12,0.0,893.4435,587.324,695.7343,587.9214
0.24,0.12,0.0,949.942,586.0212,754.26575,587.59265
0.27,0.12,0.0,1005.62134,584.74084,812.2565,587.29285
0.0,0.15,0.0,474.1195,657.2283,267.42953,652.01935
0.03,0.15,0.0,536.14484,655.8111,329.95517,651.6425
0.06,0.15,0.0,597.6017,654.422,392.19305,651.223
0.09,0.15,0.0,658.3513,652.93994,454.0991,650.6268
0.12,0.15,0.0,718.2666,651.3841,515.423,649.91095
0.15,0.15,0.0,777.50226,649.8378,576.0978,649.2469
0.18,0.15,0.0,836.0433,648.27655,636.1581,648.5841
0.21,0.15,0.0,893.74884,646.6895,695.5384,647.9439
0.24,0.15,0.0,950.1964,644.9167,754.0919,647.2265
0.27,0.15,0.0,1005.71136,643.10657,812.0502,646.5564
0.0,0.18,0.0,474.92258,718.954,267.7544,713.8635
0.03,0.18,0.0,536.84467,717.2845,330.04877,713.3562
0.06,0.18,0.0,598.2039,715.5515,392.2,712.6915
0.09,0.18,0.0,658.82837,713.71106,453.98624,711.8256
0.12,0.18,0.0,718.75745,711.8126,515.25415,710.9438
0.15,0.18,0.0,777.9466,709.8674,575.9052,709.9116
0.18,0.18,0.0,836.3369,707.87384,635.9337,708.922
0.21,0.18,0.0,893.8867,705.83276,695.2996,707.93146
0.24,0.18,0.0,950.3156,703.6012,753.9181,706.8344
0.27,0.18,0.0,1005.5929,701.2149,811.7189,705.7073
0.0,0.21,0.0,475.86038,780.3167,268.30685,775.3413
0.03,0.21,0.0,537.6336,778.42804,330.40295,774.7528
0.06,0.21,0.0,598.83185,776.3452,392.38754,773.86707
0.09,0.21,0.0,659.3808,774.1328,454.00937,772.8099
0.12,0.21,0.0,719.24963,771.9444,515.18976,771.6874
0.15,0.21,0.0,778.2644,769.56665,575.7553,770.36224
0.18,0.21,0.0,836.48584,767.10004,635.7032,769.0034
0.21,0.21,0.0,893.8844,764.58246,695.0429,767.6655
0.24,0.21,0.0,950.1675,761.8459,753.60535,766.22504
0.27,0.21,0.0,1005.2683,758.9883,811.3548,764.65405
0.0,0.24,0.0,476.97635,841.19116,269.2078,836.3762
0.03,0.24,0.0,538.53314,839.0317,331.0423,835.65674
0.06,0.24,0.0,599.5144,836.5797,392.7804,834.5664
0.09,0.24,0.0,659.90924,834.13074,454.1807,833.397
0.12,0.24,0.0,719.67664,831.64825,515.21655,832.1366
0.15,0.24,0.0,778.4823,828.7615,575.6472,830.4765
0.18,0.24,0.0,836.53564,825.827,635.49506,828.75934
0.21,0.24,0.0,893.7739,822.86255,694.7825,827.13446
0.24,0.24,0.0,949.75183,819.6115,753.1821,825.2095
0.27,0.24,0.0,1004.6717,816.183,810.8433,823.2512
0.0,0.27,0.0,478.2367,901.3278,270.37814,896.68054
0.03,0.27,0.0,539.53156,898.895,331.9268,895.8692
0.06,0.27,0.0,600.22284,896.1325,393.36682,894.5783
0.09,0.27,0.0,660.39746,893.33264,454.5412,893.2503
0.12,0.27,0.0,720.0928,890.65466,515.39844,891.99445
0.15,0.27,0.0,778.57806,887.2629,575.60376,889.95654
0.18,0.27,0.0,836.39844,883.9181,635.3158,887.994
0.21,0.27,0.0,893.4955,880.5343,694.4884,886.1043
0.24,0.27,0.0,949.08124,876.59296,752.6676,883.6195
0.27,0.27,0.0,1003.84845,872.7358,810.21765,881.2891
0.0,0.0,0.0,476.184,358.30884,283.193,353.20703
0.03,0.0,0.0,535.14764,357.36877,341.4884,352.70218
0.06,0.0,0.0,594.1671,356.43082,400.1901,352.3204
0.09,0.0,0.0,653.2565,355.51608,459.16296,351.96085
0.12,0.0,0.0,712.366,354.61325,518.335,351.70374
0.15,0.0,0.0,771.4006,353.7412,577.5989,351.52072
0.18,0.0,0.0,830.38666,352.91443,636.9042,351.329
0.21,0.0,0.0,889.1216,352.11475,696.22754,351.13016
0.24,0.0,0.0,947.5329,351.46338,755.56384,350.94055
0.27,0.0,0.0,1005.4361,350.85654,814.92377,350.78824
0.0,0.03,0.0,476.07025,416.4099,281.07767,411.17108
0.03,0.03,0.0,535.4125,415.48752,339.78238,410.80234
0.06,0.03,0.0,594.77277,414.58737,398.89374,410.48108
0.09,0.03,0.0,654.19635,413.68506,458.25983,410.2334
0.12,0.03,0.0,713.58954,412.78104,517.8344,410.0376
0.15,0.03,0.0,772.9656,411.8803,577.4246,409.8392
0.18,0.03,0.0,832.297,410.9665,637.0298,409.63138
0.21,0.03,0.0,891.41187,410.10135,696.7022,409.43866
0.24,0.03,0.0,950.18097,409.27063,756.3985,409.27887
0.27,0.03,0.0,1008.4696,408.53662,816.1338,409.12216
0.0,0.06,0.0,476.01007,475.16693,279.15732,469.88113
0.03,0.06,0.0,535.66205,474.29355,338.16223,469.6206
0.06,0.06,0.0,595.3919,473.35226,397.62753,469.39526
0.09,0.06,0.0,655.1011,472.45795,457.3545,469.19153
0.12,0.06,0.0,714.84296,471.55426,517.28876,468.99457
0.15,0.06,0.0,774.53986,470.64594,577.2362,468.801
0.18,0.06,0.0,834.1732,469.66913,637.17017,468.61203
0.21,0.06,0.0,893.62775,468.71722,697.1904,468.45624
0.24,0.06,0.0,952.70996,467.79825,757.23645,468.29724
0.27,0.06,0.0,1011.3262,466.88046,817.31903,468.12686
0.0,0.09,0.0,475.99182,534.5287,277.27374,529.2505
0.03,0.09,0.0,535.9891,533.6919,336.67273,529.16907
0.06,0.09,0.0,595.99695,532.74554,396.41837,528.95825
0.09,0.09,0.0,656.04553,531.86444,456.50113,528.81934
0.12,0.09,0.0,716.07043,530.93854,516.73676,528.6663
0.15,0.09,0.0,776.0619,529.9972,577.027,528.5067
0.18,0.09,0.0,836.03876,528.98505,637.3546,528.28973
0.21,0.09,0.0,895.8388,527.99725,697.6991,528.1367
0.24,0.09,0.0,955.18054,526.9695,758.06744,528.0131
0.27,0.09,0.0,1014.0621,525.87213,818.4815,527.8381
0.0,0.12,0.0,476.0361,594.5257,275.62134,589.279
0.03,0.12,0.0,536.3611,593.71674,335.29398,589.3305
0.06,0.12,0.0,596.62146,592.7516,395.24155,589.2582
0.09,0.12,0.0,656.9928,591.84595,455.64755,589.1514
0.12,0.12,0.0,717.328,590.94556,516.2532,589.00946
0.15,0.12,0.0,777.61017,589.95886,576.85803,588.8693
0.18,0.12,0.0,837.882,588.9176,637.50385,588.68005
0.21,0.12,0.0,897.945,587.8066,698.2326,588.53625
0.24,0.12,0.0,957.4672,586.68713,758.9094,588.41473
0.27,0.12,0.0,1016.6538,585.39905,819.63776,588.2539
0.0,0.15,0.0,476.16483,655.01544,274.17035,649.79126
0.03,0.15,0.0,536.72485,654.22546,333.9984,650.03735
0.06,0.15,0.0,597.2886,653.3351,394.19702,650.127
0.09,0.15,0.0,657.9636,652.4358,454.87457,650.11993
0.12,0.15,0.0,718.56433,651.4789,515.7539,650.0445
0.15,0.15,0.0,779.12823,650.50354,576.68176,649.9268
0.18,0.15,0.0,839.6416,649.3635,637.6965,649.7851
0.21,0.15,0.0,899.94293,648.1717,698.73334,649.6092
0.24,0.15,0.0,959.6846,646.83624,759.7401,649.48254
0.27,0.15,0.0,1018.98334,645.38605,820.7599,649.2738
0.0,0.18,0.0,476.40067,715.95233,272.9437,710.77264
0.03,0.18,0.0,537.13824,715.24817,332.84314,711.2167
0.06,0.18,0.0,598.01196,714.4312,393.32275,711.51135
0.09,0.18,0.0,658.9072,713.53174,454.18774,711.59607
0.12,0.18,0.0,719.811,712.53595,515.2845,711.663
0.15,0.18,0.0,780.6288,711.436,576.5263,711.6136
0.18,0.18,0.0,841.2968,710.2352,637.8881,711.5649
0.21,0.18,0.0,901.76965,708.9305,699.22406,711.33276
0.24,0.18,0.0,961.73096,707.39526,760.54944,711.1531
0.27,0.18,0.0,1021.0968,705.716,821.80914,710.85974
0.0,0.21,0.0,476.7651,777.1568,271.92914,772.0369
0.03,0.21,0.0,537.69293,776.5603,331.96808,772.7539
0.06,0.21,0.0,598.74164,775.7905,392.64297,773.2238
0.09,0.21,0.0,659.8902,774.89056,453.67102,773.51276
0.12,0.21,0.0,720.9852,773.8704,514.9225,773.6826
0.15,0.21,0.0,782.0307,772.73035,576.4468,773.6638
0.18,0.21,0.0,842.85956,771.3818,638.06744,773.63434
0.21,0.21,0.0,903.4508,769.8629,699.6879,773.47675
0.24,0.21,0.0,963.54065,768.14825,761.2858,773.23206
0.27,0.21,0.0,1022.98566,766.2045,822.73224,772.8313
0.0,0.24,0.0,477.25577,838.5071,271.2074,833.4511
0.03,0.24,0.0,538.2985,838.0377,331.3207,834.4254
0.06,0.24,0.0,599.56244,837.26117,392.13232,835.1197
0.09,0.24,0.0,660.8343,836.40454,453.26654,835.6014
0.12,0.24,0.0,722.16986,835.38617,514.6774,835.99457
0.15,0.24,0.0,783.31506,834.07495,576.41327,836.05664
0.18,0.24,0.0,844.2778,832.61475,638.2353,836.00507
0.21,0.24,0.0,904.9468,830.9541,700.0922,835.87634
0.24,0.24,0.0,965.0426,828.95306,761.87854,835.54956
0.27,0.24,0.0,1024.5344,826.7041,823.55896,835.03876
0.0,0.27,0.0,477.87854,899.7652,270.75137,894.7711
0.03,0.27,0.0,539.08875,899.3606,330.95596,896.05536
0.06,0.27,0.0,600.4433,898.6802,391.88376,896.9695
0.09,0.27,0.0,661.85016,897.82465,453.06793,897.7088
0.12,0.27,0.0,723.24554,896.8788,514.5475,898.3012
0.15,0.27,0.0,784.4722,895.3829,576.4367,898.44696
0.18,0.27,0.0,845.4855,893.7273,638.42633,898.4334
0.21,0.27,0.0,906.2481,891.92566,700.44965,898.37103
0.24,0.27,0.0,966.24646,889.5566,762.3542,897.8187
0.27,0.27,0.0,1025.748,887.032,824.16113,897.2147
0.0,0.0,0.0,467.20673,351.07822,265.46054,345.92545
0.03,0.0,0.0,529.015,349.96863,326.36484,345.25403
0.06,0.0,0.0,590.94836,348.8984,387.87933,344.69293
0.09,0.0,0.0,652.9135,347.86975,449.71497,344.2466
0.12,0.0,0.0,714.9443,346.8377,511.84537,343.87982
0.15,0.0,0.0,777.0034,345.8228,574.0947,343.6478
0.18,0.0,0.0,838.8926,344.87915,636.3717,343.36343
0.21,0.0,0.0,900.58075,344.05334,698.71234,343.07623
0.24,0.0,0.0,961.9108,343.32507,761.1478,342.83655
0.27,0.0,0.0,1022.67487,342.7703,823.52795,342.703
0.0,0.03,0.0,469.08255,412.93277,267.1719,407.60764
0.03,0.03,0.0,530.63513,411.86368,327.91644,407.10153
0.06,0.03,0.0,592.2349,410.84534,389.21448,406.69043
0.09,0.03,0.0,653.94525,409.8296,450.8597,406.34738
0.12,0.03,0.0,715.66364,408.79477,512.6814,406.0609
0.15,0.03,0.0,777.3949,407.78372,574.6529,405.80893
0.18,0.03,0.0,839.0676,406.81146,636.6437,405.56628
0.21,0.03,0.0,900.51984,405.89435,698.6731,405.3415
0.24,0.03,0.0,961.63763,405.0386,760.78705,405.132
0.27,0.03,0.0,1022.19824,404.2544,822.93726,404.9608
0.0,0.06,0.0,471.02335,474.18967,269.0566,468.82907
0.03,0.06,0.0,532.25476,473.2181,329.5634,468.5085
0.06,0.06,0.0,593.5763,472.16226,390.63318,468.2058
0.09,0.06,0.0,654.9607,471.22333,451.97684,467.9254
0.12,0.06,0.0,716.37396,470.18958,513.5722,467.65555
0.15,0.06,0.0,777.7863,469.16684,575.2196,467.42184
0.18,0.06,0.0,839.173,468.18683,636.8741,467.1983
0.21,0.06,0.0,900.3611,467.1887,698.63806,467.0176
0.24,0.06,0.0,961.1829,466.20282,760.4604,466.81583
0.27,0.06,0.0,1021.51855,465.27454,822.30096,466.65527
0.0,0.09,0.0,472.9783,534.8486,271.0563,529.5166
0.03,0.09,0.0,533.91364,533.83606,331.355,529.3117
0.06,0.09,0.0,594.89374,532.93726,392.06033,529.155
0.09,0.09,0.0,655.9872,531.92053,453.1223,528.91833
0.12,0.09,0.0,717.0683,530.91003,514.4174,528.6429
0.15,0.09,0.0,778.13806,529.90717,575.75586,528.4386
0.18,0.09,0.0,839.2279,528.95984,637.13904,528.28546
0.21,0.09,0.0,900.1093,527.89325,698.6468,528.1482
0.24,0.09,0.0,960.6173,526.7912,760.11945,527.933
0.27,0.09,0.0,1020.61743,525.71356,821.6783,527.81366
0.0,0.12,0.0,474.977,594.83026,273.2591,589.5808
0.03,0.12,0.0,535.5799,593.8345,333.2446,589.46747
0.06,0.12,0.0,596.2363,593.0337,393.5599,589.5126
0.09,0.12,0.0,656.9952,592.02686,454.318,589.3388
0.12,0.12,0.0,717.7352,590.96173,515.30743,589.0745
0.15,0.12,0.0,778.4937,589.94434,576.34985,588.8667
0.18,0.12,0.0,839.23004,588.97974,637.4581,588.78534
0.21,0.12,0.0,899.78613,587.9492,698.6073,588.68744
0.24,0.12,0.0,959.8258,586.65857,759.7805,588.4207
0.27,0.12,0.0,1019.5412,585.48865,821.0258,588.358
0.0,0.15,0.0,477.04153,654.0365,275.63193,648.86346
0.03,0.15,0.0,537.257,653.17,335.2176,648.9778
0.06,0.15,0.0,597.5633,652.3956,395.1639,649.1869
0.09,0.15,0.0,657.98517,651.4441,455.58002,649.1101
0.12,0.15,0.0,718.4066,650.362,516.19794,648.90717
0.15,0.15,0.0,778.7918,649.30176,576.921,648.746
0.18,0.15,0.0,839.1342,648.2913,637.73645,648.6636
0.21,0.15,0.0,899.3151,647.2268,698.5767,648.63873
0.24,0.15,0.0,958.98474,645.8448,759.4569,648.39215
0.27,0.15,0.0,1018.2288,644.4887,820.32294,648.273
0.0,0.18,0.0,479.1385,712.48004,278.2417,707.3798
0.03,0.18,0.0,538.9527,711.73895,337.29922,707.7747
0.06,0.18,0.0,598.90717,710.9383,396.88736,708.0242
0.09,0.18,0.0,658.97107,710.0119,456.89355,708.08563
0.12,0.18,0.0,719.0238,709.00903,517.1338,708.0729
0.15,0.18,0.0,779.031,707.94257,577.5237,707.9902
0.18,0.18,0.0,838.9761,706.82184,637.9975,707.909
0.21,0.18,0.0,898.71484,705.6495,698.5326,707.86224
0.24,0.18,0.0,957.99133,704.2034,759.078,707.70654
0.27,0.18,0.0,1016.73114,702.57086,819.54034,707.3989
0.0,0.21,0.0,481.3327,770.0356,280.97598,765.03864
0.03,0.21,0.0,540.7002,769.4382,339.56985,765.7093
0.06,0.21,0.0,600.31036,768.61273,398.7804,766.0144
0.09,0.21,0.0,659.9417,767.70044,458.3623,766.2227
0.12,0.21,0.0,719.59076,766.8594,518.13116,766.4707
0.15,0.21,0.0,779.2183,765.6688,578.1616,766.3985
0.18,0.21,0.0,838.68726,764.4197,638.2768,766.3077
0.21,0.21,0.0,897.9431,763.1334,698.45544,766.3077
0.24,0.21,0.0,956.77057,761.5491,758.6267,766.11957
0.27,0.21,0.0,1015.0557,759.73334,818.7229,765.8019
0.0,0.24,0.0,483.61334,826.6293,283.906,821.75555
0.03,0.24,0.0,542.5335,826.1223,342.0092,822.60754
0.06,0.24,0.0,601.6918,825.2361,400.7941,823.02234
0.09,0.24,0.0,660.89136,824.4637,459.87494,823.50323
0.12,0.24,0.0,720.1313,823.6944,519.18054,823.96533
0.15,0.24,0.0,779.2715,822.3614,578.80273,823.88684
0.18,0.24,0.0,838.281,820.9793,638.577,823.86017
0.21,0.24,0.0,897.06146,819.6348,698.3321,823.90375
0.24,0.24,0.0,955.32996,817.8088,758.08704,823.556
0.27,0.24,0.0,1013.1108,815.8076,817.73016,823.1841
0.0,0.27,0.0,485.9735,882.1217,286.9376,877.4278
0.03,0.27,0.0,544.4342,881.6178,344.65018,878.4059
0.06,0.27,0.0,603.1032,880.7141,402.97443,878.9285
0.09,0.27,0.0,661.8037,879.96796,461.54318,879.5747
0.12,0.27,0.0,720.60596,879.35754,520.36096,880.39307
0.15,0.27,0.0,779.2212,877.8716,579.56067,880.28516
0.18,0.27,0.0,837.71875,876.39825,638.8403,880.2828
0.21,0.27,0.0,896.0186,875.03973,698.1935,880.4871
0.24,0.27,0.0,953.67755,872.82135,757.42084,879.874
0.27,0.27,0.0,1010.9549,870.7209,816.6326,879.5103
0.0,0.0,0.0,342.55743,262.7595,156.0906,257.5797
0.03,0.0,0.0,397.97867,259.48117,208.75919,254.50734
0.06,0.0,0.0,454.50403,256.3326,262.8111,251.50752
0.09,0.0,0.0,511.86703,253.19206,318.1623,248.63605
0.12,0.0,0.0,570.2493,250.15211,374.81802,245.90434
0.15,0.0,0.0,629.4554,247.1296,432.52258,243.30367
0.18,0.0,0.0,689.41534,244.15446,491.2621,240.79427
0.21,0.0,0.0,750.1297,241.20456,550.8988,238.31897
0.24,0.0,0.0,811.48145,238.33934,611.4159,235.90622
0.27,0.0,0.0,873.43146,235.56258,672.79834,233.5574
0.0,0.03,0.0,343.32767,320.74716,155.44293,315.0366
0.03,0.03,0.0,398.90063,317.9655,208.29686,312.53952
0.06,0.03,0.0,455.52444,315.29816,262.54422,310.10858
0.09,0.03,0.0,513.09454,312.6323,318.1215,307.84146
0.12,0.03,0.0,571.55853,310.05164,374.93423,305.66043
0.15,0.03,0.0,630.8003,307.43228,432.7833,303.57266
0.18,0.03,0.0,690.8484,304.81717,491.66302,301.54785
0.21,0.03,0.0,751.6338,302.22766,551.42633,299.53607
0.24,0.03,0.0,813.1508,299.6474,611.9925,297.5783
0.27,0.03,0.0,875.2298,297.17297,673.4344,295.62915
0.0,0.06,0.0,344.27734,379.02524,155.09758,372.80057
0.03,0.06,0.0,399.95728,376.735,208.0794,370.9594
0.06,0.06,0.0,456.69275,374.50735,262.50427,369.16516
0.09,0.06,0.0,514.35077,372.3254,318.22385,367.39957
0.12,0.06,0.0,572.8709,370.15698,375.20197,365.7515
0.15,0.06,0.0,632.156,367.94647,433.18152,364.11227
0.18,0.06,0.0,692.2407,365.72723,492.1276,362.54178
0.21,0.06,0.0,753.1114,363.46594,551.91974,360.9951
0.24,0.06,0.0,814.68243,361.24548,612.5879,359.4607
0.27,0.06,0.0,876.8889,359.0524,674.03265,357.91843
0.0,0.09,0.0,345.31125,437.3886,155.00288,430.85767
0.03,0.09,0.0,401.1914,435.60944,208.18604,429.60165
0.06,0.09,0.0,457.8825,433.85083,262.60977,428.33807
0.09,0.09,0.0,515.6252,432.08145,318.4768,427.13962
0.12,0.09,0.0,574.2325,430.2988,375.56995,425.9789
0.15,0.09,0.0,633.5481,428.50958,433.6662,424.80716
0.18,0.09,0.0,693.60504,426.65744,492.6069,423.6598
0.21,0.09,0.0,754.5367,424.801,552.46246,422.56702
0.24,0.09,0.0,816.151,422.9515,613.21484,421.44095
0.27,0.09,0.0,878.4181,421.09067,674.6819,420.30124
0.0,0.12,0.0,346.58957,495.86346,155.2295,489.08282
0.03,0.12,0.0,402.53827,494.57364,208.55838,488.40857
0.06,0.12,0.0,459.19504,493.25156,262.8908,487.7232
0.09,0.12,0.0,516.9427,491.91058,318.83615,486.9899
0.12,0.12,0.0,575.6147,490.4963,376.07297,486.31732
0.15,0.12,0.0,634.9419,489.0997,434.18884,485.6107
0.18,0.12,0.0,695.0393,487.6539,493.14917,484.90195
0.21,0.12,0.0,755.9089,486.18832,552.98645,484.20572
0.24,0.12,0.0,817.5789,484.70447,613.84467,483.49677
0.27,0.12,0.0,879.9008,483.2099,675.3085,482.77618
0.0,0.15,0.0,348.00552,554.3515,155.82188,547.35187
0.03,0.15,0.0,403.90506,553.51245,209.09581,547.2558
0.06,0.15,0.0,460.57196,552.6463,263.4413,547.16864
0.09,0.15,0.0,518.3203,551.7094,319.3786,546.981
0.12,0.15,0.0,576.9841,550.7177,376.60333,546.74915
0.15,0.15,0.0,636.33057,549.6814,434.75256,546.4737
0.18,0.15,0.0,696.4338,548.66473,493.77866,546.20465
0.21,0.15,0.0,757.28424,547.6011,553.60754,545.9546
0.24,0.15,0.0,818.9804,546.46106,614.45166,545.6374
0.27,0.15,0.0,881.23834,545.31256,675.96564,545.3862
0.0,0.18,0.0,349.56998,612.7439,156.67549,605.552
0.03,0.18,0.0,405.3381,612.4224,209.78476,606.0885
0.06,0.18,0.0,462.07864,611.9833,264.23233,606.556
0.09,0.18,0.0,519.81836,611.44745,320.14124,606.89435
0.12,0.18,0.0,578.35657,610.87036,377.18146,607.1779
0.15,0.18,0.0,637.7022,610.25745,435.3225,607.4059
0.18,0.18,0.0,697.8122,609.5963,494.3622,607.5771
0.21,0.18,0.0,758.6881,608.956,554.2324,607.7482
0.24,0.18,0.0,820.31055,608.2145,615.0304,607.8897
0.27,0.18,0.0,882.5498,607.37897,676.67395,608.0317
0.0,0.21,0.0,351.22928,670.9699,157.78258,663.63275
0.03,0.21,0.0,406.88235,671.1411,210.77206,664.7788
0.06,0.21,0.0,463.66086,671.1356,265.28906,665.7973
0.09,0.21,0.0,521.32135,671.0617,321.01074,666.6987
0.12,0.21,0.0,579.7386,670.9624,377.88443,667.5553
0.15,0.21,0.0,639.1073,670.71234,435.98862,668.24316
0.18,0.21,0.0,699.1939,670.4528,495.04465,668.89276
0.21,0.21,0.0,760.0302,670.18085,554.86096,669.52844
0.24,0.21,0.0,821.5681,669.76874,615.6682,670.13666
0.27,0.21,0.0,883.7636,669.27783,677.3225,670.7193
0.0,0.24,0.0,353.0286,728.99304,159.07147,721.48615
0.03,0.24,0.0,408.60104,729.65704,211.98026,723.2714
0.06,0.24,0.0,465.3479,730.08264,266.52298,724.827
0.09,0.24,0.0,522.849,730.4847,322.06934,726.332
0.12,0.24,0.0,581.1689,730.8909,378.6789,727.8115
0.15,0.24,0.0,640.5053,730.98456,436.77966,728.96686
0.18,0.24,0.0,700.5465,731.1108,495.80905,730.13104
0.21,0.24,0.0,761.3059,731.2266,555.53125,731.28564
0.24,0.24,0.0,822.77875,731.114,616.3514,732.29846
0.27,0.24,0.0,884.7824,730.88025,677.9543,733.3007
0.0,0.27,0.0,354.97592,786.62836,160.6662,778.98895
0.03,0.27,0.0,410.49847,787.7526,213.57086,781.34735
0.06,0.27,0.0,467.1678,788.5714,268.01117,783.47327
0.09,0.27,0.0,524.53455,789.51636,323.37323,785.58276
0.12,0.27,0.0,582.6009,790.4774,379.64767,787.7615
0.15,0.27,0.0,641.9073,790.8894,437.73294,789.4003
0.18,0.27,0.0,701.8732,791.3872,496.61343,791.0292
0.21,0.27,0.0,762.46844,791.91046,556.2044,792.79987
0.24,0.27,0.0,823.81964,791.96265,617.0443,794.08356
0.27,0.27,0.0,885.61884,792.0002,678.5808,795.6177
0.0,0.0,0.0,328.7299,246.41891,133.67288,241.41605
0.03,0.0,0.0,390.38748,246.7634,194.28998,241.84036
0.06,0.0,0.0,451.82822,247.2735,255.19289,242.50845
0.09,0.0,0.0,512.829,247.97826,316.1855,243.40288
0.12,0.0,0.0,573.3158,248.7377,377.1047,244.55774
0.15,0.0,0.0,633.1809,249.63171,437.71216,245.89436
0.18,0.0,0.0,692.37476,250.54333,497.91406,247.34459
0.21,0.0,0.0,750.86053,251.55807,557.52783,248.85374
0.24,0.0,0.0,808.56683,252.61076,616.54486,250.43605
0.27,0.0,0.0,865.4403,253.76585,674.92206,252.0851
0.0,0.03,0.0,328.59238,307.5201,132.04839,301.88406
0.03,0.03,0.0,390.4786,307.70682,192.93999,302.26205
0.06,0.03,0.0,452.06717,308.02173,254.03064,302.86038
0.09,0.03,0.0,513.1716,308.45468,315.2758,303.66122
0.12,0.03,0.0,573.7438,308.97443,376.4021,304.61978
0.15,0.03,0.0,633.68756,309.494,437.1718,305.74448
0.18,0.03,0.0,692.9328,310.0791,497.46112,306.92346
0.21,0.03,0.0,751.489,310.6758,557.2015,308.18585
0.24,0.03,0.0,809.2957,311.33582,616.25824,309.42902
0.27,0.03,0.0,866.2789,312.0435,674.6911,310.7402
0.0,0.06,0.0,328.7079,368.943,130.73961,362.73367
0.03,0.06,0.0,390.7141,368.9304,191.78725,363.11646
0.06,0.06,0.0,452.41467,369.0328,253.12921,363.57074
0.09,0.06,0.0,513.6067,369.1801,314.54175,364.2353
0.12,0.06,0.0,574.219,369.3726,375.80054,364.9766
0.15,0.06,0.0,634.19867,369.59,436.6787,365.81998
0.18,0.06,0.0,693.4687,369.77774,497.08774,366.73083
0.21,0.06,0.0,752.06104,370.03934,556.88495,367.65128
0.24,0.06,0.0,809.94055,370.27087,616.0027,368.6216
0.27,0.06,0.0,866.9981,370.56406,674.4591,369.5501
0.0,0.09,0.0,329.0048,430.56784,129.78525,423.88525
0.03,0.09,0.0,391.0906,430.32068,190.99695,424.21103
0.06,0.09,0.0,452.85266,430.14255,252.40701,424.55573
0.09,0.09,0.0,514.09503,429.9908,313.96408,424.99588
0.12,0.09,0.0,574.74884,429.84558,375.33014,425.51605
0.15,0.09,0.0,634.69495,429.71646,436.32272,426.0727
0.18,0.09,0.0,694.05414,429.56702,496.79843,426.62756
0.21,0.09,0.0,752.6464,429.448,556.61273,427.23508
0.24,0.09,0.0,810.48474,429.32687,615.7466,427.85226
0.27,0.09,0.0,867.61346,429.19122,674.2308,428.4561
0.0,0.12,0.0,329.44916,492.27814,129.18483,485.25006
0.03,0.12,0.0,391.602,491.78876,190.49277,485.46484
0.06,0.12,0.0,453.3905,491.31836,251.90953,485.65582
0.09,0.12,0.0,514.64496,490.84006,313.5419,485.91626
0.12,0.12,0.0,575.26025,490.35858,374.941,486.15204
0.15,0.12,0.0,635.19824,489.84747,435.9636,486.39758
0.18,0.12,0.0,694.56854,489.3674,496.50534,486.63626
0.21,0.12,0.0,753.2358,488.86633,556.3855,486.89404
0.24,0.12,0.0,810.9811,488.38907,615.4739,487.17148
0.27,0.12,0.0,868.17346,487.86874,674.0253,487.44116
0.0,0.15,0.0,330.105,553.97534,128.94814,546.6517
0.03,0.15,0.0,392.23132,553.26904,190.20073,546.76447
0.06,0.15,0.0,453.95853,552.498,251.6243,546.8832
0.09,0.15,0.0,515.2069,551.6784,313.21445,546.88635
0.12,0.15,0.0,575.7984,550.8448,374.67828,546.84595
0.15,0.15,0.0,635.7506,549.98663,435.67044,546.7873
0.18,0.15,0.0,695.08203,549.1498,496.21567,546.7214
0.21,0.15,0.0,753.737,548.3247,556.11316,546.62036
0.24,0.15,0.0,811.51654,547.4462,615.26337,546.5268
0.27,0.15,0.0,868.6315,546.5568,673.7768,546.4555
0.0,0.18,0.0,330.90842,615.58014,129.0645,607.973
0.03,0.18,0.0,392.88916,614.6326,190.16313,608.0605
0.06,0.18,0.0,454.58313,613.5794,251.58377,608.016
0.09,0.18,0.0,515.7885,612.45514,313.08508,607.8145
0.12,0.18,0.0,576.37854,611.266,374.4403,607.5583
0.15,0.18,0.0,636.2865,610.10205,435.4374,607.21246
0.18,0.18,0.0,695.5691,608.91394,495.89944,606.80365
0.21,0.18,0.0,754.2048,607.7038,555.8141,606.4222
0.24,0.18,0.0,812.0242,606.4824,615.02563,605.9923
0.27,0.18,0.0,868.9755,605.18964,673.55273,605.58203
0.0,0.21,0.0,331.912,676.9578,129.48073,669.13763
0.03,0.21,0.0,393.76755,675.83325,190.4538,669.15784
0.06,0.21,0.0,455.31802,674.4918,251.77455,668.9642
0.09,0.21,0.0,516.42505,673.09015,313.15134,668.65643
0.12,0.21,0.0,576.9589,671.639,374.33188,668.20953
0.15,0.21,0.0,636.84045,670.102,435.25394,667.5761
0.18,0.21,0.0,696.0746,668.5335,495.71255,666.90686
0.21,0.21,0.0,754.6514,666.9942,555.58905,666.2128
0.24,0.21,0.0,812.40356,665.3838,614.8314,665.4614
0.27,0.21,0.0,869.3345,663.68677,673.3629,664.7274
0.0,0.24,0.0,333.09875,738.057,130.26155,729.9744
0.03,0.24,0.0,394.74924,736.7179,191.0417,729.96594
0.06,0.24,0.0,456.1535,735.1209,252.17943,729.65625
0.09,0.24,0.0,517.14246,733.4846,313.34427,729.2428
0.12,0.24,0.0,577.60675,731.8367,374.38342,728.68713
0.15,0.24,0.0,637.3893,729.9251,435.2083,727.7889
0.18,0.24,0.0,696.5323,728.0039,495.55255,726.8517
0.21,0.24,0.0,755.0875,726.1013,555.4176,725.9395
0.24,0.24,0.0,812.69586,724.0473,614.58276,724.86487
0.27,0.24,0.0,869.5289,721.9326,673.1418,723.7695
0.0,0.27,0.0,334.53317,798.64594,131.37767,790.391
0.03,0.27,0.0,395.98523,797.12177,191.97134,790.35504
0.06,0.27,0.0,457.15765,795.31995,252.90721,789.88025
0.09,0.27,0.0,517.92786,793.45746,313.8274,789.40344
0.12,0.27,0.0,578.3289,791.6939,374.66412,788.87103
0.15,0.27,0.0,637.9675,789.3808,435.27463,787.7554
0.18,0.27,0.0,696.9741,787.11444,495.52856,786.56256
0.21,0.27,0.0,755.4694,784.91693,555.30835,785.441
0.24,0.27,0.0,812.8377,782.3279,614.3617,783.9573
0.27,0.27,0.0,869.5999,779.77747,672.9324,782.59875
0.0,0.0,0.0,340.43848,262.6702,153.61082,257.59702
0.03,0.0,0.0,398.31604,261.27554,209.67216,256.3255
0.06,0.0,0.0,456.5804,260.0555,266.51688,255.28755
0.09,0.0,0.0,515.1345,258.9323,324.07205,254.39018
0.12,0.0,0.0,573.8475,257.89972,382.21423,253.68588
0.15,0.0,0.0,632.6231,256.95514,440.76083,253.16722
0.18,0.0,0.0,691.45197,256.05618,499.53912,252.71072
0.21,0.0,0.0,750.2409,255.2208,558.4623,252.36829
0.24,0.0,0.0,808.944,254.47353,617.4744,252.11348
0.27,0.0,0.0,867.444,253.81721,676.5498,251.8436
0.0,0.03,0.0,339.17148,319.47922,150.1719,313.89438
0.03,0.03,0.0,397.4824,318.22165,206.64145,312.88046
0.06,0.03,0.0,456.1964,317.1051,264.00427,312.01013
0.09,0.03,0.0,515.1621,316.09845,322.0268,311.3104
0.12,0.03,0.0,574.2547,315.12735,380.61398,310.78903
0.15,0.03,0.0,633.42,314.20163,439.58386,310.3505
0.18,0.03,0.0,692.6012,313.27472,498.76642,309.996
0.21,0.03,0.0,751.74817,312.40274,558.088,309.73026
0.24,0.03,0.0,810.83215,311.57504,617.4685,309.52496
0.27,0.03,0.0,869.7594,310.83212,676.9158,309.26144
0.0,0.06,0.0,338.06235,377.11514,146.95314,371.0104
0.03,0.06,0.0,396.81787,376.0273,203.83966,370.2748
0.06,0.06,0.0,455.91052,374.99323,261.60223,369.64374
0.09,0.06,0.0,515.24567,374.04825,320.0849,369.14194
0.12,0.06,0.0,574.69696,373.13742,379.114,368.77972
0.15,0.06,0.0,634.1807,372.2036,438.47302,368.40555
0.18,0.06,0.0,693.70337,371.27374,498.0611,368.12613
0.21,0.06,0.0,753.2156,370.342,557.7207,367.87305
0.24,0.06,0.0,812.6655,369.49002,617.4843,367.69128
0.27,0.06,0.0,871.975,368.60822,677.2619,367.43915
0.0,0.09,0.0,337.0805,435.4984,143.93004,428.95602
0.03,0.09,0.0,396.22906,434.57416,201.25842,428.52975
0.06,0.09,0.0,455.6695,433.55017,259.3483,428.0767
0.09,0.09,0.0,515.3659,432.65787,318.23465,427.69537
0.12,0.09,0.0,575.1863,431.78073,377.6833,427.44623
0.15,0.09,0.0,635.00385,430.8687,437.4342,427.20728
0.18,0.09,0.0,694.8223,429.8889,497.3646,426.91504
0.21,0.09,0.0,754.67444,428.9515,557.4064,426.6983
0.24,0.09,0.0,814.4547,428.07257,617.50006,426.54932
0.27,0.09,0.0,874.1181,427.12463,677.6088,426.30188
0.0,0.12,0.0,336.26944,494.59122,141.25624,487.6873
0.03,0.12,0.0,395.77573,493.77155,198.94026,487.55188
0.06,0.12,0.0,455.48486,492.81744,257.24292,487.23062
0.09,0.12,0.0,515.5349,491.933,316.4867,487.0389
0.12,0.12,0.0,575.66956,491.07513,376.36682,486.89908
0.15,0.12,0.0,635.80536,490.20123,436.45184,486.69626
0.18,0.12,0.0,695.9874,489.20306,496.71817,486.45404
0.21,0.12,0.0,756.1641,488.21762,557.0857,486.2001
0.24,0.12,0.0,816.2369,487.34088,617.51636,486.10406
0.27,0.12,0.0,876.2371,486.30295,677.9654,485.854
0.0,0.15,0.0,335.6308,554.28723,138.8698,547.05096
0.03,0.15,0.0,395.37097,553.55585,196.77724,547.156
0.06,0.15,0.0,455.4175,552.70856,255.36336,547.11664
0.09,0.15,0.0,515.7421,551.85846,314.9213,547.0732
0.12,0.15,0.0,576.1987,551.0058,375.04944,547.0164
0.15,0.15,0.0,636.648,550.094,435.46204,546.85913
0.18,0.15,0.0,697.13855,549.1251,496.0385,546.68475
0.21,0.15,0.0,757.6125,548.1376,556.7724,546.4585
0.24,0.15,0.0,817.9868,547.1987,617.54016,546.3413
0.27,0.15,0.0,878.2539,546.14795,678.326,546.1705
0.0,0.18,0.0,335.1342,614.51294,136.79335,606.96704
0.03,0.18,0.0,395.05804,613.9193,194.77704,607.3539
0.06,0.18,0.0,455.4098,613.20685,253.72226,607.5929
0.09,0.18,0.0,516.0002,612.3711,313.48663,607.72815
0.12,0.18,0.0,576.6913,611.515,373.79486,607.7597
0.15,0.18,0.0,637.4494,610.60724,434.49786,607.7354
0.18,0.18,0.0,698.25635,609.667,495.42825,607.61975
0.21,0.18,0.0,759.035,608.6919,556.45215,607.4577
0.24,0.18,0.0,819.73346,607.634,617.5743,607.3104
0.27,0.18,0.0,880.24634,606.5605,678.7217,607.16156
0.0,0.21,0.0,334.79202,675.1857,134.96483,667.33246
0.03,0.21,0.0,394.89114,674.7305,193.10358,668.03955
0.06,0.21,0.0,455.4878,674.1277,252.2938,668.55084
0.09,0.21,0.0,516.3029,673.389,312.20828,668.9035
0.12,0.21,0.0,577.2639,672.52234,372.70056,669.0885
0.15,0.21,0.0,638.3342,671.64874,433.6322,669.17737
0.18,0.21,0.0,699.40094,670.71875,494.83792,669.1726
0.21,0.21,0.0,760.4815,669.70306,556.169,669.068
0.24,0.21,0.0,821.43085,668.62616,617.61993,668.9562
0.27,0.21,0.0,882.1798,667.441,679.13,668.844
0.0,0.24,0.0,334.63745,736.1619,133.45523,728.02655
0.03,0.24,0.0,394.9104,735.9151,191.75775,729.05927
0.06,0.24,0.0,455.71597,735.46765,251.0955,729.85535
0.09,0.24,0.0,516.6943,734.83344,311.1217,730.48444
0.12,0.24,0.0,577.8589,734.0917,371.68124,730.9244
0.15,0.24,0.0,639.1832,733.2167,432.8705,731.1298
0.18,0.24,0.0,700.52545,732.24927,494.3138,731.24304
0.21,0.24,0.0,761.8505,731.21484,555.94476,731.31165
0.24,0.24,0.0,823.01764,730.02594,617.7125,731.2122
0.27,0.24,0.0,883.9349,728.68195,679.5053,731.08826
0.0,0.27,0.0,334.68802,797.3219,132.30338,788.8763
0.03,0.27,0.0,395.1068,797.2946,190.69019,790.26874
0.06,0.27,0.0,456.0756,796.9507,250.23578,791.3828
0.09,0.27,0.0,517.257,796.4869,310.28027,792.29584
0.12,0.27,0.0,578.5161,795.8768,370.86423,793.0524
0.15,0.27,0.0,640.0785,795.04895,432.26175,793.4567
0.18,0.27,0.0,701.6554,794.0385,493.9032,793.70953
0.21,0.27,0.0,763.16754,792.9657,555.72876,793.8748
0.24,0.27,0.0,824.4447,791.6095,617.7761,793.8325
0.27,0.27,0.0,885.56885,790.1365,679.84454,793.71844
0.0,0.0,0.0,325.22385,251.06749,130.57631,246.13768
0.03,0.0,0.0,385.68658,249.38138,188.87407,244.55426
0.06,0.0,0.0,446.675,247.92064,248.17108,243.20096
0.09,0.0,0.0,507.97598,246.57248,308.27136,242.0738
0.12,0.0,0.0,569.5586,245.36336,369.13205,241.17685
0.15,0.0,0.0,631.23737,244.26366,430.4589,240.45087
0.18,0.0,0.0,692.98065,243.2473,492.0952,239.8698
0.21,0.0,0.0,754.7197,242.28265,553.9346,239.41238
0.24,0.0,0.0,816.3565,241.45119,615.92175,239.04546
0.27,0.0,0.0,877.77155,240.79868,678.0223,238.7833
0.0,0.03,0.0,327.24084,312.43155,131.96194,306.855
0.03,0.03,0.0,387.5763,310.99084,190.22029,305.61163
0.06,0.03,0.0,448.41092,309.6937,249.44817,304.58322
0.09,0.03,0.0,509.55612,308.48233,309.5286,303.69595
0.12,0.03,0.0,570.87494,307.37283,370.25327,303.03864
0.15,0.03,0.0,632.31445,306.32248,431.4433,302.48157
0.18,0.03,0.0,693.85486,305.2958,492.90097,302.0306
0.21,0.03,0.0,755.35345,304.32303,554.5085,301.67636
0.24,0.03,0.0,816.766,303.40366,616.2516,301.4061
0.27,0.03,0.0,878.037,302.64874,678.0853,301.1256
0.0,0.06,0.0,329.44046,373.53168,133.67216,367.3791
0.03,0.06,0.0,389.64307,372.2821,191.8587,366.4797
0.06,0.06,0.0,450.29785,371.1122,250.99103,365.7237
0.09,0.06,0.0,511.19278,370.01358,310.96457,365.08282
0.12,0.06,0.0,572.24194,368.97638,371.52377,364.56006
0.15,0.06,0.0,633.4503,367.95456,432.5392,364.1259
0.18,0.06,0.0,694.668,366.95343,493.77106,363.8111
0.21,0.06,0.0,755.8992,365.9804,555.13385,363.52805
0.24,0.06,0.0,817.0886,365.01538,616.58636,363.2779
0.27,0.06,0.0,878.11084,364.14087,678.1043,363.03275
0.0,0.09,0.0,331.77008,434.1751,135.70499,427.5792
0.03,0.09,0.0,391.83884,433.06146,193.83531,426.975
0.06,0.09,0.0,452.19147,432.03833,252.7074,426.49582
0.09,0.09,0.0,512.8757,431.022,312.51517,426.0376
0.12,0.09,0.0,573.69556,430.00577,372.9165,425.65063
0.15,0.09,0.0,634.5554,429.01825,433.68262,425.31512
0.18,0.09,0.0,695.4691,428.04022,494.64685,425.07202
0.21,0.09,0.0,756.4136,427.07758,555.76935,424.86118
0.24,0.09,0.0,817.2908,426.0735,616.9459,424.57748
0.27,0.09,0.0,878.10583,425.1444,678.1525,424.39853
0.0,0.12,0.0,334.334,494.29706,138.10365,487.37433
0.03,0.12,0.0,394.1568,493.29034,196.07,487.00687
0.06,0.12,0.0,454.19876,492.42712,254.6634,486.82623
0.09,0.12,0.0,514.5769,491.43735,314.24072,486.52982
0.12,0.12,0.0,575.12244,490.4038,374.405,486.20535
0.15,0.12,0.0,635.64105,489.42322,434.9244,485.95923
0.18,0.12,0.0,696.2622,488.51474,495.6029,485.748
0.21,0.12,0.0,756.9088,487.57187,556.39954,485.56662
0.24,0.12,0.0,817.4638,486.51266,617.306,485.2988
0.27,0.12,0.0,877.9898,485.6024,678.207,485.17923
0.0,0.15,0.0,337.03036,553.7823,140.83797,546.5517
0.03,0.15,0.0,396.48514,552.9216,198.48491,546.50653
0.06,0.15,0.0,456.23596,552.1474,256.80066,546.54767
0.09,0.15,0.0,516.3334,551.22015,316.07678,546.4424
0.12,0.15,0.0,576.5025,550.2391,375.93628,546.2329
0.15,0.15,0.0,636.73645,549.2657,436.1575,546.03937
0.18,0.15,0.0,697.03064,548.35254,496.53522,545.88745
0.21,0.15,0.0,757.3669,547.4593,557.01996,545.77386
0.24,0.15,0.0,817.6068,546.4019,617.64935,545.51746
0.27,0.15,0.0,877.7937,545.4095,678.2614,545.3924
0.0,0.18,0.0,339.8565,612.58136,143.81133,605.1291
0.03,0.18,0.0,398.85544,611.888,201.04347,605.40186
0.06,0.18,0.0,458.35178,611.14844,259.16086,605.60614
0.09,0.18,0.0,518.0451,610.296,318.09546,605.6847
0.12,0.18,0.0,577.8982,609.3911,377.53757,605.6569
0.15,0.18,0.0,637.8124,608.46155,437.41708,605.54224
0.18,0.18,0.0,697.7709,607.55066,497.4864,605.4551
0.21,0.18,0.0,757.7946,606.6844,557.6674,605.3809
0.24,0.18,0.0,817.73016,605.67426,617.9616,605.2078
0.27,0.18,0.0,877.50464,604.58105,678.32886,605.06213
0.0,0.21,0.0,342.76242,670.64,147.05617,662.99176
0.03,0.21,0.0,401.43423,670.12415,203.88777,663.5401
0.06,0.21,0.0,460.48907,669.43384,261.68713,663.94617
0.09,0.21,0.0,519.86176,668.6752,320.22488,664.1964
0.12,0.21,0.0,579.28125,667.9316,379.22354,664.4227
0.15,0.21,0.0,638.90094,666.98145,438.74506,664.41064
0.18,0.21,0.0,698.5208,666.043,498.46634,664.37195
0.21,0.21,0.0,758.1893,665.14813,558.34393,664.3712
0.24,0.21,0.0,817.743,664.14246,618.3411,664.2853
0.27,0.21,0.0,877.1985,663.0261,678.37836,664.15845
0.0,0.24,0.0,345.7609,727.8816,150.43973,720.0754
0.03,0.24,0.0,404.0058,727.5538,206.94293,720.91785
0.06,0.24,0.0,462.73456,726.8886,264.41653,721.45056
0.09,0.24,0.0,521.63367,726.28235,322.4434,721.9694
0.12,0.24,0.0,580.7346,725.71857,380.99124,722.4927
0.15,0.24,0.0,639.94867,724.7382,440.16803,722.5444
0.18,0.24,0.0,699.2519,723.83234,499.53687,722.60474
0.21,0.24,0.0,758.52527,722.9785,559.0218,722.75415
0.24,0.24,0.0,817.7164,721.8306,618.70734,722.62616
0.27,0.24,0.0,876.7123,720.63324,678.44965,722.5545
0.0,0.27,0.0,348.9359,784.22644,154.10793,776.2884
0.03,0.27,0.0,406.75565,784.00684,210.21292,777.35547
0.06,0.27,0.0,465.0769,783.39026,267.34158,778.0664
0.09,0.27,0.0,523.5473,782.9476,324.91977,778.82666
0.12,0.27,0.0,582.17487,782.63776,382.8896,779.72876
0.15,0.27,0.0,641.03107,781.6243,441.65472,779.8034
0.18,0.27,0.0,699.9199,780.7025,500.66434,779.99384
0.21,0.27,0.0,758.83496,779.91064,559.74963,780.358
0.24,0.27,0.0,817.527,778.5331,619.10016,780.1064
0.27,0.27,0.0,876.12683,777.3256,678.47595,780.1814
0.0,0.0,0.0,470.85657,140.54405,274.64706,136.543
0.03,0.0,0.0,532.0874,141.67464,335.8482,137.70248
0.06,0.0,0.0,592.74664,143.00026,396.9008,139.14134
0.09,0.0,0.0,652.82574,144.44995,457.66904,140.80574
0.12,0.0,0.0,712.2095,146.05705,518.0643,142.68304
0.15,0.0,0.0,770.83075,147.8389,577.89856,144.76294
0.18,0.0,0.0,828.5958,149.75502,637.1247,146.9468
0.21,0.0,0.0,885.41724,151.77628,695.70087,149.22325
0.24,0.0,0.0,941.2434,154.03273,753.578,151.57356
0.27,0.0,0.0,995.93207,156.43855,810.639,154.11334
0.0,0.03,0.0,470.88397,201.06113,273.06024,196.58609
0.03,0.03,0.0,532.30304,201.97281,334.56604,197.6453
0.06,0.03,0.0,593.16455,202.9921,395.91574,198.9507
0.09,0.03,0.0,653.3499,204.1459,456.91876,200.50168
0.12,0.03,0.0,712.8793,205.4189,517.50305,202.16553
0.15,0.03,0.0,771.63696,206.73726,577.4917,203.92532
0.18,0.03,0.0,829.5814,208.21631,636.8864,205.80864
0.21,0.03,0.0,886.5928,209.78008,695.5748,207.72946
0.24,0.03,0.0,942.6298,211.50003,753.55304,209.74805
0.27,0.03,0.0,997.5221,213.35722,810.8181,211.82915
0.0,0.06,0.0,471.0497,262.087,271.7759,257.20767
0.03,0.06,0.0,532.6067,262.77603,333.54288,258.16513
0.06,0.06,0.0,593.5878,263.50644,395.11215,259.34644
0.09,0.06,0.0,653.8944,264.33676,456.30975,260.64716
0.12,0.06,0.0,713.48206,265.20944,517.0263,262.0915
0.15,0.06,0.0,772.3716,266.1634,577.14575,263.59882
0.18,0.06,0.0,830.4343,267.15298,636.6179,265.1404
0.21,0.06,0.0,887.6024,268.24457,695.40906,266.7122
0.24,0.06,0.0,943.7757,269.46176,753.4844,268.32022
0.27,0.06,0.0,998.8308,270.81485,810.87585,269.9852
0.0,0.09,0.0,471.35785,323.48553,270.70895,318.29605
0.03,0.09,0.0,532.9988,323.92264,332.70694,319.15546
0.06,0.09,0.0,594.0725,324.3269,394.48633,320.05252
0.09,0.09,0.0,654.43665,324.81277,455.84402,321.14133
0.12,0.09,0.0,714.0659,325.32498,516.6466,322.34607
0.15,0.09,0.0,772.9965,325.85797,576.8261,323.5282
0.18,0.09,0.0,831.1949,326.403,636.37555,324.71558
0.21,0.09,0.0,888.4845,326.99887,695.23126,325.93365
0.24,0.09,0.0,944.6966,327.77753,753.3416,327.2202
0.27,0.09,0.0,999.97644,328.56674,810.83777,328.43817
0.0,0.12,0.0,471.77737,385.11917,269.90765,379.74622
0.03,0.12,0.0,533.48596,385.26294,332.06665,380.4006
0.06,0.12,0.0,594.6097,385.29053,393.9461,381.0392
0.09,0.12,0.0,654.98157,385.44144,455.43948,381.85608
0.12,0.12,0.0,714.6135,385.5867,516.3148,382.74167
0.15,0.12,0.0,773.5441,385.73538,576.51324,383.61697
0.18,0.12,0.0,831.8617,385.8704,636.12524,384.4386
0.21,0.12,0.0,889.2773,386.0385,695.0564,385.29187
0.24,0.12,0.0,945.49695,386.34213,753.12067,386.20346
0.27,0.12,0.0,1000.8861,386.62778,810.7385,387.08273
0.0,0.15,0.0,472.243,446.86337,269.34244,441.39914
0.03,0.15,0.0,533.9802,446.64,331.58276,441.82263
0.06,0.15,0.0,595.1301,446.347,393.53104,442.24234
0.09,0.15,0.0,655.54724,446.1243,455.07202,442.7109
0.12,0.15,0.0,715.1491,445.89917,516.0102,443.2343
0.15,0.15,0.0,774.09375,445.66818,576.2801,443.77435
0.18,0.15,0.0,832.3868,445.42496,635.85144,444.25934
0.21,0.15,0.0,889.90857,445.18457,694.81714,444.77338
0.24,0.15,0.0,946.1661,445.02194,752.9762,445.3053
0.27,0.15,0.0,1001.57,444.84448,810.5628,445.8305
0.0,0.18,0.0,472.77924,508.5926,268.94012,503.2207
0.03,0.18,0.0,534.5354,508.0031,331.1706,503.3416
0.06,0.18,0.0,595.62274,507.43015,393.16486,503.48718
0.09,0.18,0.0,656.03644,506.8128,454.74673,503.66205
0.12,0.18,0.0,715.6911,506.22278,515.70105,503.80667
0.15,0.18,0.0,774.61194,505.60925,575.9821,503.97028
0.18,0.18,0.0,832.8674,504.9946,635.6082,504.116
0.21,0.18,0.0,890.3659,504.36642,694.5939,504.31857
0.24,0.18,0.0,946.7964,503.74075,752.8364,504.48828
0.27,0.18,0.0,1002.047,503.13837,810.3456,504.63788
0.0,0.21,0.0,473.38968,570.352,268.68158,565.00555
0.03,0.21,0.0,535.09985,569.37427,330.9366,564.93964
0.06,0.21,0.0,596.1508,568.43506,392.91245,564.81055
0.09,0.21,0.0,656.5283,567.46783,454.46994,564.61194
0.12,0.21,0.0,716.24677,566.52783,515.4508,564.4408
0.15,0.21,0.0,775.1483,565.5251,575.73096,564.22266
0.18,0.21,0.0,833.3308,564.5277,635.3646,564.0442
0.21,0.21,0.0,890.7841,563.5076,694.3486,563.88104
0.24,0.21,0.0,947.1732,562.46747,752.63074,563.7005
0.27,0.21,0.0,1002.4546,561.38104,810.19525,563.56573
0.0,0.24,0.0,474.05048,631.99615,268.63336,626.80597
0.03,0.24,0.0,535.7141,630.7355,330.77466,626.4983
0.06,0.24,0.0,596.67944,629.3797,392.7278,626.0617
0.09,0.24,0.0,657.0566,628.0891,454.2484,625.6116
0.12,0.24,0.0,716.8159,626.8022,515.20624,625.1631
0.15,0.24,0.0,775.6013,625.4055,575.4853,624.5652
0.18,0.24,0.0,833.74347,624.02606,635.13995,624.0306
0.21,0.24,0.0,891.1508,622.6,694.1476,623.5699
0.24,0.24,0.0,947.41705,621.106,752.4135,623.02155
0.27,0.24,0.0,1002.6376,619.5055,810.0101,622.5047
0.0,0.27,0.0,474.78857,693.532,268.81183,688.40735
0.03,0.27,0.0,536.3806,691.9224,330.841,687.9176
0.06,0.27,0.0,597.2636,690.1782,392.66675,687.21967
0.09,0.27,0.0,657.54456,688.53485,454.06567,686.50104
0.12,0.27,0.0,717.3593,686.97156,515.0268,685.85944
0.15,0.27,0.0,776.03925,685.1096,575.2712,684.868
0.18,0.27,0.0,834.0567,683.30853,634.87006,684.004
0.21,0.27,0.0,891.4508,681.5096,693.9945,683.23834
0.24,0.27,0.0,947.4817,679.4175,752.10657,682.234
0.27,0.27,0.0,1002.6583,677.3942,809.7602,681.3611
0.0,0.0,0.0,475.48587,161.6863,287.7966,157.73123
0.03,0.0,0.0,533.7382,160.43668,345.1118,156.58104
0.06,0.0,0.0,592.10236,159.3946,402.8739,155.61693
0.09,0.0,0.0,650.57654,158.42839,460.99673,154.8854
0.12,0.0,0.0,709.0879,157.64622,519.4721,154.36111
0.15,0.0,0.0,767.43134,157.01024,578.0886,153.98386
0.18,0.0,0.0,825.64386,156.55676,636.7696,153.71973
0.21,0.0,0.0,883.53015,156.26297,695.462,153.55354
0.24,0.0,0.0,941.04156,156.1933,754.13257,153.51645
0.27,0.0,0.0,997.98584,156.35944,812.7123,153.629
0.0,0.03,0.0,475.03995,217.49213,285.06976,213.13516
0.03,0.03,0.0,533.7209,216.33794,342.9082,212.16553
0.06,0.03,0.0,592.57764,215.3338,401.23337,211.4097
0.09,0.03,0.0,651.4787,214.44284,459.85764,210.85258
0.12,0.03,0.0,710.40466,213.62776,518.73395,210.40556
0.15,0.03,0.0,769.1698,212.90501,577.75854,210.10292
0.18,0.03,0.0,827.82764,212.29266,636.88995,209.85486
0.21,0.03,0.0,886.2276,211.86996,695.9995,209.66487
0.24,0.03,0.0,944.1967,211.56754,755.1267,209.60738
0.27,0.03,0.0,1001.64764,211.50885,814.16455,209.63777
0.0,0.06,0.0,474.70474,274.31836,282.5473,269.61313
0.03,0.06,0.0,533.80774,273.2989,340.81055,268.82468
0.06,0.06,0.0,593.0854,272.30832,399.6067,268.23535
0.09,0.06,0.0,652.3625,271.41055,458.71796,267.83322
0.12,0.06,0.0,711.64435,270.56366,518.0947,267.48907
0.15,0.06,0.0,770.87146,269.80237,577.4836,267.20636
0.18,0.06,0.0,829.954,269.05145,636.9859,266.97363
0.21,0.06,0.0,888.77484,268.46536,696.5195,266.79718
0.24,0.06,0.0,947.22687,268.00134,756.0393,266.66827
0.27,0.06,0.0,1005.15137,267.70804,815.48645,266.58612
0.0,0.09,0.0,474.44937,331.99496,280.12445,326.95148
0.03,0.09,0.0,534.0154,331.10355,338.94925,326.45618
0.06,0.09,0.0,593.6066,330.0993,398.1503,325.90335
0.09,0.09,0.0,653.27637,329.1875,457.73175,325.59653
0.12,0.09,0.0,712.89417,328.38248,517.4764,325.39984
0.15,0.09,0.0,772.48096,327.5339,577.2704,325.16168
0.18,0.09,0.0,832.0035,326.65158,637.10443,324.90704
0.21,0.09,0.0,891.2535,325.9244,697.0014,324.70712
0.24,0.09,0.0,950.085,325.37646,756.86163,324.62488
0.27,0.09,0.0,1008.4775,324.79758,816.7592,324.45923
0.0,0.12,0.0,474.31815,390.499,277.94138,385.2569
0.03,0.12,0.0,534.2577,389.66217,337.2212,384.93542
0.06,0.12,0.0,594.1792,388.63766,396.79068,384.47275
0.09,0.12,0.0,654.18994,387.74805,456.7453,384.21085
0.12,0.12,0.0,714.1425,386.933,516.89996,384.09393
0.15,0.12,0.0,774.06085,386.04724,577.03217,383.9375
0.18,0.12,0.0,833.96765,385.0724,637.25323,383.63434
0.21,0.12,0.0,893.64233,384.18396,697.48663,383.36417
0.24,0.12,0.0,952.8271,383.54037,757.7212,383.3532
0.27,0.12,0.0,1011.6287,382.7937,817.9774,383.0985
0.0,0.15,0.0,474.26315,449.70883,275.9139,444.39673
0.03,0.15,0.0,534.5279,448.86285,335.54114,444.1411
0.06,0.15,0.0,594.79205,447.86832,395.4987,443.80743
0.09,0.15,0.0,655.1007,446.97217,455.81848,443.57867
0.12,0.15,0.0,715.397,446.10852,516.3604,443.4542
0.15,0.15,0.0,775.6343,445.21347,576.85956,443.3087
0.18,0.15,0.0,835.8919,444.23102,637.4067,443.06268
0.21,0.15,0.0,895.9146,443.2294,697.97736,442.82117
0.24,0.15,0.0,955.4817,442.4301,758.54816,442.7142
0.27,0.15,0.0,1014.59503,441.5659,819.1781,442.55713
0.0,0.18,0.0,474.23987,509.5847,274.04642,504.24136
0.03,0.18,0.0,534.80896,508.6976,333.90536,504.07535
0.06,0.18,0.0,595.40845,507.78165,394.28543,503.902
0.09,0.18,0.0,656.03906,506.89203,454.96255,503.7113
0.12,0.18,0.0,716.62976,505.9408,515.777,503.5307
0.15,0.18,0.0,777.2368,505.02896,576.665,503.36877
0.18,0.18,0.0,837.73376,504.03995,637.54144,503.16977
0.21,0.18,0.0,898.11475,502.98898,698.4731,502.9988
0.24,0.18,0.0,958.04767,502.02106,759.4111,502.82468
0.27,0.18,0.0,1017.3924,501.0179,820.3408,502.70908
0.0,0.21,0.0,474.25797,570.02637,272.29587,564.70416
0.03,0.21,0.0,535.1377,569.15076,332.44232,564.6883
0.06,0.21,0.0,596.06946,568.28143,393.13895,564.63245
0.09,0.21,0.0,657.0024,567.3543,454.1417,564.49585
0.12,0.21,0.0,717.92145,566.39056,515.2374,564.3016
0.15,0.21,0.0,778.80585,565.4404,576.4763,564.1636
0.18,0.21,0.0,839.6108,564.4213,637.7223,563.99976
0.21,0.21,0.0,900.24896,563.34155,698.95135,563.81934
0.24,0.21,0.0,960.45245,562.20184,760.256,563.69006
0.27,0.21,0.0,1020.0959,561.013,821.54016,563.5498
0.0,0.24,0.0,474.32703,631.0532,270.65488,625.7674
0.03,0.24,0.0,535.49677,630.2302,331.0537,625.92017
0.06,0.24,0.0,596.72064,629.3608,392.0913,625.987
0.09,0.24,0.0,657.9572,628.42194,453.30212,625.9495
0.12,0.24,0.0,719.2051,627.42926,514.7052,625.8084
0.15,0.24,0.0,780.36365,626.4447,576.2682,625.6843
0.18,0.24,0.0,841.4114,625.3812,637.86475,625.53186
0.21,0.24,0.0,902.3314,624.2129,699.4987,625.3576
0.24,0.24,0.0,962.702,622.9416,761.1174,625.24963
0.27,0.24,0.0,1022.54016,621.517,822.7077,625.0423
0.0,0.27,0.0,474.4595,692.55945,269.1615,687.3165
0.03,0.27,0.0,535.9128,691.80066,329.8607,687.69244
0.06,0.27,0.0,597.41846,690.9498,391.14902,687.8852
0.09,0.27,0.0,658.90247,689.9914,452.58237,687.94824
0.12,0.27,0.0,720.46844,689.0047,514.15955,687.9444
0.15,0.27,0.0,781.8545,687.9605,576.10156,687.83856
0.18,0.27,0.0,843.12775,686.7824,638.0325,687.7272
0.21,0.27,0.0,904.29425,685.4807,699.99927,687.5532
0.24,0.27,0.0,964.74066,683.99347,761.9094,687.36096
0.27,0.27,0.0,1024.8185,682.4083,823.8199,687.123
0.0,0.0,0.0,466.7804,145.45094,270.99036,141.59767
0.03,0.0,0.0,527.71857,143.91298,330.75296,140.06047
0.06,0.0,0.0,588.85114,142.6102,391.16217,138.80215
0.09,0.0,0.0,650.122,141.47127,452.00543,137.83217
0.12,0.0,0.0,711.44006,140.4928,513.2397,137.07031
0.15,0.0,0.0,772.6803,139.73593,574.684,136.49275
0.18,0.0,0.0,833.728,139.17416,636.2767,136.11285
0.21,0.0,0.0,894.46857,138.82664,697.903,135.84232
0.24,0.0,0.0,954.75244,138.77055,759.5013,135.761
0.27,0.0,0.0,1014.41345,139.04427,821.02203,135.86438
0.0,0.03,0.0,468.21564,206.78072,271.77673,202.43953
0.03,0.03,0.0,529.0666,205.43437,331.54245,201.2043
0.06,0.03,0.0,590.0454,204.18448,391.89545,200.2231
0.09,0.03,0.0,651.16003,203.11597,452.69568,199.45338
0.12,0.03,0.0,712.29913,202.13849,513.7994,198.8425
0.15,0.03,0.0,773.37366,201.2849,575.09717,198.3653
0.18,0.03,0.0,834.3268,200.59024,636.5162,198.03049
0.21,0.03,0.0,895.0086,200.06871,697.95245,197.7689
0.24,0.03,0.0,955.22797,199.79144,759.3689,197.63039
0.27,0.03,0.0,1014.8687,199.7359,820.85583,197.64162
0.0,0.06,0.0,469.80093,268.06985,272.8432,263.27585
0.03,0.06,0.0,530.4586,266.8461,332.54434,262.3294
0.06,0.06,0.0,591.27203,265.70163,392.8318,261.5765
0.09,0.06,0.0,652.1701,264.64764,453.52246,260.95917
0.12,0.06,0.0,713.1,263.64987,514.48126,260.4845
0.15,0.06,0.0,773.9817,262.71667,575.54596,260.10715
0.18,0.06,0.0,834.7637,261.9051,636.7448,259.79474
0.21,0.06,0.0,895.3166,261.24564,697.95276,259.52875
0.24,0.06,0.0,955.43787,260.76627,759.21985,259.36206
0.27,0.06,0.0,1015.02563,260.45187,820.4399,259.2685
0.0,0.09,0.0,471.49567,329.06384,274.1481,323.95413
0.03,0.09,0.0,531.9798,327.93942,333.8505,323.24167
0.06,0.09,0.0,592.5651,326.86032,393.9539,322.6599
0.09,0.09,0.0,653.1617,325.78125,454.43896,322.19913
0.12,0.09,0.0,713.82733,324.7775,515.2182,321.82977
0.15,0.09,0.0,774.5208,323.87988,576.0485,321.45966
0.18,0.09,0.0,835.08575,322.98026,636.9863,321.18652
0.21,0.09,0.0,895.45575,322.20886,697.9444,321.0106
0.24,0.09,0.0,955.40247,321.51385,758.93585,320.80057
0.27,0.09,0.0,1014.88873,321.0056,819.95825,320.6229
0.0,0.12,0.0,473.293,389.61514,275.73636,384.36655
0.03,0.12,0.0,533.5302,388.55136,335.299,383.79846
0.06,0.12,0.0,593.8038,387.58298,395.1516,383.37537
0.09,0.12,0.0,654.16394,386.55637,455.476,383.0197
0.12,0.12,0.0,714.53644,385.54135,516.00336,382.69058
0.15,0.12,0.0,774.92175,384.55444,576.5842,382.41064
0.18,0.12,0.0,835.3025,383.64005,637.2067,382.19745
0.21,0.12,0.0,895.4866,382.7622,697.924,381.9894
0.24,0.12,0.0,955.1646,381.9455,758.6103,381.73883
0.27,0.12,0.0,1014.5346,381.24475,819.4133,381.59528
0.0,0.15,0.0,475.15518,449.66467,277.53992,444.31223
0.03,0.15,0.0,535.09827,448.64084,336.84818,443.9133
0.06,0.15,0.0,595.08246,447.7133,396.4882,443.64178
0.09,0.15,0.0,655.1753,446.69534,456.57022,443.33926
0.12,0.15,0.0,715.24445,445.67966,516.83734,443.04865
0.15,0.15,0.0,775.3407,444.7196,577.1348,442.79364
0.18,0.15,0.0,835.4093,443.76453,637.48004,442.589
0.21,0.15,0.0,895.3527,442.84998,697.86896,442.43515
0.24,0.15,0.0,954.8272,441.88693,758.29846,442.19574
0.27,0.15,0.0,1013.92175,441.04608,818.7898,442.0477
0.0,0.18,0.0,477.0691,509.09622,279.49658,503.76166
0.03,0.18,0.0,536.6633,508.16632,338.44193,503.54
0.06,0.18,0.0,596.3816,507.22968,397.93436,503.33957
0.09,0.18,0.0,656.14154,506.2642,457.69742,503.077
0.12,0.18,0.0,715.9121,505.27237,517.6447,502.81992
0.15,0.18,0.0,775.69183,504.29922,577.636,502.62488
0.18,0.18,0.0,835.4561,503.31873,637.7039,502.41937
0.21,0.18,0.0,895.0989,502.37848,697.8305,502.30527
0.24,0.18,0.0,954.35974,501.35138,757.98145,502.15924
0.27,0.18,0.0,1013.0976,500.34344,818.16565,501.94644
0.0,0.21,0.0,478.96204,567.9337,281.48013,562.69507
0.03,0.21,0.0,538.277,567.03845,340.17685,562.5932
0.06,0.21,0.0,597.6603,566.06775,399.39227,562.40576
0.09,0.21,0.0,657.1281,565.13226,458.8573,562.223
0.12,0.21,0.0,716.59265,564.23334,518.4263,562.0896
0.15,0.21,0.0,776.0324,563.21063,578.1843,561.8547
0.18,0.21,0.0,835.4855,562.20575,637.93274,561.67255
0.21,0.21,0.0,894.78687,561.2387,697.78827,561.5863
0.24,0.21,0.0,953.7572,560.14935,757.6659,561.4539
0.27,0.21,0.0,1012.18884,559.00616,817.5467,561.28937
0.0,0.24,0.0,480.88977,626.15735,283.62817,620.99207
0.03,0.24,0.0,539.8453,625.32587,342.0038,621.06604
0.06,0.24,0.0,598.9607,624.30975,400.91592,620.9027
0.09,0.24,0.0,658.05347,623.39734,459.98953,620.82086
0.12,0.24,0.0,717.248,622.6239,519.2698,620.82837
0.15,0.24,0.0,776.37866,621.512,578.71564,620.5834
0.18,0.24,0.0,835.41626,620.4669,638.2223,620.3916
0.21,0.24,0.0,894.3911,619.49115,697.76794,620.3856
0.24,0.24,0.0,952.94977,618.28424,757.34644,620.22644
0.27,0.24,0.0,1011.0552,616.9826,816.9154,620.0924
0.0,0.27,0.0,482.8416,683.7442,285.89908,678.645
0.03,0.27,0.0,541.5016,682.8609,343.96133,678.79706
0.06,0.27,0.0,600.26025,681.8367,402.51495,678.7013
0.09,0.27,0.0,659.04095,680.95685,461.24936,678.75885
0.12,0.27,0.0,717.86707,680.2903,520.10345,678.98816
0.15,0.27,0.0,776.6284,679.09094,579.2627,678.6762
0.18,0.27,0.0,835.3139,677.98706,638.4766,678.52905
0.21,0.27,0.0,893.94556,677.01263,697.71313,678.6621
0.24,0.27,0.0,951.99304,675.5184,756.9558,678.30273
0.27,0.27,0.0,1009.72876,674.18176,816.23145,678.22327
0.0,0.0,0.0,614.585,256.51593,422.70865,252.60497
0.03,0.0,0.0,672.6194,253.72188,479.53955,250.2237
0.06,0.0,0.0,731.3954,250.8996,537.241,247.90956
0.09,0.0,0.0,790.76843,248.16939,595.77466,245.6271
0.12,0.0,0.0,850.74896,245.54402,655.097,243.37334
0.15,0.0,0.0,911.1335,243.02829,715.20636,241.1861
0.18,0.0,0.0,971.8302,240.69649,776.0311,239.04071
0.21,0.0,0.0,1032.5647,238.58183,837.5428,237.014
0.24,0.0,0.0,1093.2301,236.67847,899.5893,235.06378
0.27,0.0,0.0,1153.5609,235.05531,962.0157,233.3471
0.0,0.03,0.0,615.8764,315.0133,422.96387,311.03732
0.03,0.03,0.0,673.9985,312.55447,479.9244,309.1096
0.06,0.03,0.0,732.828,310.07266,537.7385,307.22638
0.09,0.03,0.0,792.34814,307.63718,596.34784,305.3714
0.12,0.03,0.0,852.41974,305.2587,655.74,303.52432
0.15,0.03,0.0,912.9987,302.97968,715.90204,301.68863
0.18,0.03,0.0,973.86334,300.80774,776.85345,299.87787
0.21,0.03,0.0,1034.8359,298.78732,838.49304,298.09573
0.24,0.03,0.0,1095.6923,296.95972,900.72797,296.441
0.27,0.03,0.0,1156.2617,295.34818,963.3571,294.91956
0.0,0.06,0.0,617.1869,373.66864,423.28845,369.712
0.03,0.06,0.0,675.33234,371.58087,480.37488,368.22336
0.06,0.06,0.0,734.22876,369.4294,538.2596,366.7567
0.09,0.06,0.0,793.78455,367.32468,596.9195,365.30212
0.12,0.06,0.0,853.97864,365.24902,656.3545,363.84888
0.15,0.06,0.0,914.6668,363.20453,716.55975,362.39
0.18,0.06,0.0,975.6601,361.22388,777.5943,360.90045
0.21,0.06,0.0,1036.8186,359.35278,839.33124,359.4896
0.24,0.06,0.0,1097.823,357.56543,901.6987,358.1576
0.27,0.06,0.0,1158.5612,356.0461,964.4956,356.87662
0.0,0.09,0.0,618.4716,432.36996,423.70053,428.51312
0.03,0.09,0.0,676.6911,430.64648,480.92462,427.44305
0.06,0.09,0.0,735.5537,428.86847,538.7734,426.37183
0.09,0.09,0.0,795.18713,427.10022,597.50885,425.33398
0.12,0.09,0.0,855.4478,425.33115,657.00226,424.268
0.15,0.09,0.0,916.1958,423.57022,717.2456,423.19632
0.18,0.09,0.0,977.2972,421.81314,778.2641,422.1321
0.21,0.09,0.0,1038.5583,420.14594,840.1067,421.06772
0.24,0.09,0.0,1099.6678,418.53613,902.5619,420.05267
0.27,0.09,0.0,1160.5098,416.98206,965.4983,419.0824
0.0,0.12,0.0,619.80695,491.13617,424.19717,487.45938
0.03,0.12,0.0,678.10394,489.72806,481.4888,486.7664
0.06,0.12,0.0,736.90967,488.33646,539.30396,486.07474
0.09,0.12,0.0,796.5897,486.89185,598.06244,485.41464
0.12,0.12,0.0,856.8434,485.48117,657.629,484.745
0.15,0.12,0.0,917.62805,484.02777,717.90356,484.07004
0.18,0.12,0.0,978.7971,482.5412,778.9756,483.42508
0.21,0.12,0.0,1040.1001,481.04404,840.8523,482.75214
0.24,0.12,0.0,1101.1935,479.5585,903.37964,482.08392
0.27,0.12,0.0,1162.0757,478.08066,966.3596,481.42706
0.0,0.15,0.0,621.1765,549.83,424.8056,546.426
0.03,0.15,0.0,679.42896,548.8317,482.0355,546.1343
0.06,0.15,0.0,738.2896,547.81964,539.8959,545.8661
0.09,0.15,0.0,797.93604,546.75946,598.7076,545.5671
0.12,0.15,0.0,858.1962,545.6122,658.2656,545.30457
0.15,0.15,0.0,918.9674,544.4605,718.59534,545.02545
0.18,0.15,0.0,980.0823,543.26373,779.70886,544.7588
0.21,0.15,0.0,1041.3612,541.9766,841.55096,544.5345
0.24,0.15,0.0,1102.5111,540.6249,904.0909,544.18256
0.27,0.15,0.0,1163.2812,539.1899,967.06934,543.8802
0.0,0.18,0.0,622.5468,608.52026,425.43338,605.4219
0.03,0.18,0.0,680.7355,607.88617,482.5435,605.5612
0.06,0.18,0.0,739.6428,607.2276,540.539,605.67255
0.09,0.18,0.0,799.2543,606.5044,599.35504,605.78564
0.12,0.18,0.0,859.4506,605.72473,658.8914,605.9038
0.15,0.18,0.0,920.1892,604.8321,719.24603,606.05414
0.18,0.18,0.0,981.18896,603.8874,780.37036,606.19147
0.21,0.18,0.0,1042.388,602.79834,842.2132,606.30365
0.24,0.18,0.0,1103.4344,601.58417,904.71063,606.3451
0.27,0.18,0.0,1164.0944,600.16437,967.6194,606.28564
0.0,0.21,0.0,623.91486,667.1385,426.1395,664.3853
0.03,0.21,0.0,682.07776,666.8712,483.19748,664.9821
0.06,0.21,0.0,740.9804,666.5128,541.24585,665.4894
0.09,0.21,0.0,800.5133,666.132,600.0365,666.0111
0.12,0.21,0.0,860.629,665.67664,659.536,666.56616
0.15,0.21,0.0,921.28796,665.02545,719.909,667.0531
0.18,0.21,0.0,982.13306,664.26935,781.0295,667.54517
0.21,0.21,0.0,1043.1753,663.344,842.8348,668.0249
0.24,0.21,0.0,1104.0352,662.2165,905.22375,668.3522
0.27,0.21,0.0,1164.5952,660.89197,968.0382,668.5678
0.0,0.24,0.0,625.24994,725.62006,426.85995,723.2418
0.03,0.24,0.0,683.3846,725.70105,483.93454,724.2916
0.06,0.24,0.0,742.2772,725.61554,541.99915,725.2035
0.09,0.24,0.0,801.7062,725.5194,600.6826,726.16003
0.12,0.24,0.0,861.6965,725.4284,660.13104,727.1874
0.15,0.24,0.0,922.13605,724.9343,720.57513,728.0023
0.18,0.24,0.0,982.85126,724.3447,781.6281,728.808
0.21,0.24,0.0,1043.7053,723.60913,843.3226,729.6489
0.24,0.24,0.0,1104.3286,722.5009,905.6083,730.19006
0.27,0.24,0.0,1164.6536,721.2218,968.2281,730.6385
0.0,0.27,0.0,626.58093,783.8212,427.67905,781.8658
0.03,0.27,0.0,684.68115,784.1762,484.7435,783.36176
0.06,0.27,0.0,743.48615,784.35284,542.7972,784.638
0.09,0.27,0.0,802.79834,784.54425,601.43304,786.03925
0.12,0.27,0.0,862.60474,784.7763,660.7473,787.5869
0.15,0.27,0.0,922.85394,784.39923,721.1111,788.6396
0.18,0.27,0.0,983.3303,783.9469,782.08484,789.75305
0.21,0.27,0.0,1043.9202,783.3905,843.63824,790.9465
0.24,0.27,0.0,1104.2245,782.2626,905.7481,791.6383
0.27,0.27,0.0,1164.2941,780.9796,968.14435,792.2656
0.0,0.0,0.0,614.61145,239.7045,413.64313,235.62611
0.03,0.0,0.0,675.7346,240.68355,475.781,237.08305
0.06,0.0,0.0,736.07056,241.75,537.28534,238.68764
0.09,0.0,0.0,795.6213,242.88931,598.22565,240.33644
0.12,0.0,0.0,854.29724,244.12285,658.45294,242.06445
0.15,0.0,0.0,911.93616,245.52657,717.9914,243.8312
0.18,0.0,0.0,968.52325,247.02643,776.7513,245.67383
0.21,0.0,0.0,1023.9169,248.68977,834.73505,247.56595
0.24,0.0,0.0,1077.9747,250.4879,891.85315,249.54207
0.27,0.0,0.0,1130.6182,252.44102,947.98975,251.65706
0.0,0.03,0.0,615.1352,301.40533,413.0046,297.2448
0.03,0.03,0.0,676.3361,302.0205,475.28006,298.48264
0.06,0.03,0.0,736.75995,302.66263,536.94916,299.79147
0.09,0.03,0.0,796.38464,303.35956,597.9423,301.12927
0.12,0.03,0.0,855.1373,304.1923,658.24445,302.523
0.15,0.03,0.0,912.9225,305.03516,717.796,303.89474
0.18,0.03,0.0,969.67377,305.99365,776.6839,305.31512
0.21,0.03,0.0,1025.1903,307.11676,834.7953,306.77002
0.24,0.03,0.0,1079.4199,308.31854,892.0447,308.31723
0.27,0.03,0.0,1132.2461,309.6816,948.3569,309.9229
0.0,0.06,0.0,615.69946,363.3132,412.49936,359.2087
0.03,0.06,0.0,676.8604,363.56433,474.8834,360.13705
0.06,0.06,0.0,737.3758,363.8154,536.64764,361.09134
0.09,0.06,0.0,797.0322,364.10315,597.6926,362.1304
0.12,0.06,0.0,855.87836,364.43274,657.9836,363.1338
0.15,0.06,0.0,913.7644,364.82233,717.60333,364.16458
0.18,0.06,0.0,970.6073,365.2943,776.5689,365.14792
0.21,0.06,0.0,1026.2832,365.81894,834.75964,366.22165
0.24,0.06,0.0,1080.5994,366.4568,892.1145,367.3479
0.27,0.06,0.0,1133.5226,367.17206,948.52124,368.4809
0.0,0.09,0.0,616.2572,425.28482,412.085,421.30222
0.03,0.09,0.0,677.41235,425.1744,474.5535,421.9166
0.06,0.09,0.0,737.95544,425.0331,536.3414,422.5436
0.09,0.09,0.0,797.65497,424.92313,597.46204,423.18564
0.12,0.09,0.0,856.48694,424.82248,657.7703,423.85306
0.15,0.09,0.0,914.4141,424.76852,717.389,424.5005
0.18,0.09,0.0,971.3902,424.70874,776.40967,425.11
0.21,0.09,0.0,1027.1744,424.7418,834.7147,425.8157
0.24,0.09,0.0,1081.4479,424.8445,892.0788,426.50528
0.27,0.09,0.0,1134.5258,424.96875,948.6173,427.24966
0.0,0.12,0.0,616.8371,487.30695,411.75217,483.55588
0.03,0.12,0.0,677.9764,486.82648,474.23404,483.81586
0.06,0.12,0.0,738.5301,486.3124,536.1061,484.06244
0.09,0.12,0.0,798.2554,485.7929,597.219,484.3138
0.12,0.12,0.0,857.02716,485.2833,657.5191,484.60242
0.15,0.12,0.0,914.97766,484.77362,717.172,484.88437
0.18,0.12,0.0,972.0333,484.26736,776.2788,485.20325
0.21,0.12,0.0,1027.8607,483.7926,834.63513,485.49344
0.24,0.12,0.0,1082.0858,483.3216,891.93713,485.8194
0.27,0.12,0.0,1135.2198,482.8589,948.5784,486.11063
0.0,0.15,0.0,617.3869,549.34534,411.43292,545.84766
0.03,0.15,0.0,678.5458,548.449,473.9434,545.7405
0.06,0.15,0.0,739.0953,547.5736,535.82874,545.65857
0.09,0.15,0.0,798.7806,546.6711,596.96844,545.543
0.12,0.15,0.0,857.5478,545.72394,657.33716,545.4283
0.15,0.15,0.0,915.4477,544.7725,716.9903,545.35657
0.18,0.15,0.0,972.44885,543.8199,776.07654,545.3143
0.21,0.15,0.0,1028.3387,542.8372,834.4764,545.2749
0.24,0.15,0.0,1082.5421,541.79114,891.82654,545.1745
0.27,0.15,0.0,1135.5768,540.7516,948.39014,545.0468
0.0,0.18,0.0,617.9457,611.2617,411.21555,608.17786
0.03,0.18,0.0,679.10693,610.0388,473.72052,607.75195
0.06,0.18,0.0,739.5762,608.7447,535.55524,607.2883
0.09,0.18,0.0,799.2107,607.44183,596.70215,606.7939
0.12,0.18,0.0,858.01807,606.12476,657.12524,606.3425
0.15,0.18,0.0,915.84393,604.7085,716.8403,605.9115
0.18,0.18,0.0,972.7219,603.2735,775.8576,605.49365
0.21,0.18,0.0,1028.4391,601.7986,834.2278,605.0796
0.24,0.18,0.0,1082.773,600.17163,891.6256,604.55884
0.27,0.18,0.0,1135.581,598.5155,948.0754,603.9657
0.0,0.21,0.0,618.5324,673.1292,411.0962,670.4193
0.03,0.21,0.0,679.68365,671.49677,473.52307,669.71875
0.06,0.21,0.0,740.02014,669.803,535.3162,668.88525
0.09,0.21,0.0,799.59393,668.0775,596.4627,668.0515
0.12,0.21,0.0,858.4043,666.36615,656.94086,667.2985
0.15,0.21,0.0,916.1268,664.4622,716.62494,666.4384
0.18,0.21,0.0,972.7932,662.4994,775.62714,665.61383
0.21,0.21,0.0,1028.4396,660.49066,833.9558,664.7781
0.24,0.21,0.0,1082.6337,658.3489,891.3104,663.8449
0.27,0.21,0.0,1135.3859,656.07465,947.70294,662.8137
0.0,0.24,0.0,619.1863,734.81506,411.1176,732.5087
0.03,0.24,0.0,680.23596,732.832,473.45123,731.5566
0.06,0.24,0.0,740.429,730.6312,535.1468,730.36096
0.09,0.24,0.0,799.9308,728.512,596.26074,729.2503
0.12,0.24,0.0,858.7292,726.3799,656.7853,728.1764
0.15,0.24,0.0,916.1906,723.92755,716.3849,726.8965
0.18,0.24,0.0,972.7196,721.46405,775.3027,725.6604
0.21,0.24,0.0,1028.243,718.9525,833.6413,724.4034
0.24,0.24,0.0,1082.1776,716.17487,890.84644,722.9773
0.27,0.24,0.0,1134.785,713.2699,947.1298,721.4439
0.0,0.27,0.0,619.86,796.14825,411.32404,794.30927
0.03,0.27,0.0,680.7627,793.7206,473.48068,793.04376
0.06,0.27,0.0,740.7595,791.0684,535.0365,791.5309
0.09,0.27,0.0,800.1579,788.508,596.0886,790.12213
0.12,0.27,0.0,858.8958,786.01556,656.6103,788.8094
0.15,0.27,0.0,916.08136,782.98083,716.1086,787.0699
0.18,0.27,0.0,972.4202,779.98706,774.9568,785.36017
0.21,0.27,0.0,1027.8224,776.9422,833.2187,783.7633
0.24,0.27,0.0,1081.3845,773.4756,890.15234,781.723
0.27,0.27,0.0,1133.8813,770.06274,946.379,779.7717
0.0,0.0,0.0,612.48914,256.48022,420.5996,252.63843
0.03,0.0,0.0,671.3204,255.57027,479.34692,252.18755
0.06,0.0,0.0,730.16266,254.74768,538.23627,251.83797
0.09,0.0,0.0,788.88385,253.97543,597.24475,251.53539
0.12,0.0,0.0,847.45734,253.34619,656.2917,251.33768
0.15,0.0,0.0,905.73517,252.84468,715.37256,251.17961
0.18,0.0,0.0,963.59094,252.48807,774.40173,251.0898
0.21,0.0,0.0,1020.87244,252.31953,833.38367,251.06831
0.24,0.0,0.0,1077.3796,252.33499,892.0902,251.21008
0.27,0.0,0.0,1133.0328,252.57887,950.5601,251.47733
0.0,0.03,0.0,613.12604,313.74677,419.30045,309.82065
0.03,0.03,0.0,672.36066,312.83142,478.4709,309.44016
0.06,0.03,0.0,731.54663,311.93097,537.757,309.1947
0.09,0.03,0.0,790.6918,311.11847,597.1186,308.9633
0.12,0.03,0.0,849.6441,310.39648,656.55023,308.75882
0.15,0.03,0.0,908.32886,309.7526,715.98254,308.5937
0.18,0.03,0.0,966.62244,309.20447,775.42737,308.43277
0.21,0.03,0.0,1024.3585,308.79422,834.7969,308.3651
0.24,0.03,0.0,1081.3033,308.58072,894.00433,308.36472
0.27,0.03,0.0,1137.3676,308.5287,952.88525,308.51694
0.0,0.06,0.0,613.8036,371.75253,418.07928,367.80936
0.03,0.06,0.0,673.34705,370.8661,477.64902,367.5387
0.06,0.06,0.0,732.90295,369.95398,537.318,367.31003
0.09,0.06,0.0,792.38947,369.07547,597.0264,367.1476
0.12,0.06,0.0,851.74194,368.2437,656.8283,366.97452
0.15,0.06,0.0,910.8282,367.48965,716.57275,366.7697
0.18,0.06,0.0,969.54285,366.7554,776.3816,366.58743
0.21,0.06,0.0,1027.664,366.17145,836.1692,366.44305
0.24,0.06,0.0,1085.0151,365.7027,895.77814,366.3991
0.27,0.06,0.0,1141.4811,365.32172,955.1043,366.42603
0.0,0.09,0.0,614.5131,430.41315,416.87262,426.5612
0.03,0.09,0.0,674.3881,429.55463,476.85455,426.38605
0.06,0.09,0.0,734.2683,428.5903,536.86285,426.1254
0.09,0.09,0.0,794.1048,427.6691,596.9404,425.94467
0.12,0.09,0.0,853.78546,426.83292,657.0135,425.81717
0.15,0.09,0.0,913.2288,425.98932,717.1385,425.6528
0.18,0.09,0.0,972.3392,425.08707,777.35596,425.4346
0.21,0.09,0.0,1030.8469,424.27756,837.51587,425.27258
0.24,0.09,0.0,1088.4595,423.61185,897.48737,425.21005
0.27,0.09,0.0,1145.2974,422.89188,957.2066,425.09863
0.0,0.12,0.0,615.2282,489.76013,415.7417,486.04254
0.03,0.12,0.0,675.4389,488.91064,476.10962,485.9233
0.06,0.12,0.0,735.6244,487.89484,536.44025,485.62912
0.09,0.12,0.0,795.7823,486.94278,596.85974,485.4806
0.12,0.12,0.0,855.7515,486.0458,657.31586,485.3903
0.15,0.12,0.0,915.53076,485.10867,717.77374,485.2269
0.18,0.12,0.0,974.9888,484.075,778.31055,485.01077
0.21,0.12,0.0,1033.8722,483.07452,838.85693,484.80948
0.24,0.12,0.0,1091.7137,482.20996,899.13074,484.76407
0.27,0.12,0.0,1148.8602,481.18646,959.25433,484.5524
0.0,0.15,0.0,615.9517,549.7153,414.71445,546.243
0.03,0.15,0.0,676.49536,548.8139,475.3516,546.1275
0.06,0.15,0.0,736.98846,547.8195,536.0205,545.8964
0.09,0.15,0.0,797.46497,546.8604,596.78076,545.7235
0.12,0.15,0.0,857.71936,545.9001,657.57874,545.58484
0.15,0.15,0.0,917.8074,544.842,718.3934,545.47675
0.18,0.15,0.0,977.49884,543.74,779.26105,545.27216
0.21,0.15,0.0,1036.6681,542.5428,840.14905,545.0755
0.24,0.15,0.0,1094.7701,541.3827,900.76447,544.9439
0.27,0.15,0.0,1152.0815,540.12604,961.1336,544.70605
0.0,0.18,0.0,616.6947,610.2912,413.7044,607.0875
0.03,0.18,0.0,677.54333,609.36835,474.5833,606.9974
0.06,0.18,0.0,738.33905,608.3705,535.6329,606.85675
0.09,0.18,0.0,799.09326,607.37067,596.71704,606.7162
0.12,0.18,0.0,859.64136,606.31274,657.8753,606.5595
0.15,0.18,0.0,919.9785,605.17896,719.0098,606.4122
0.18,0.18,0.0,979.8486,603.9332,780.21,606.28467
0.21,0.18,0.0,1039.1866,602.5314,841.3845,606.0677
0.24,0.18,0.0,1097.6041,601.0616,902.3652,605.8037
0.27,0.18,0.0,1154.9786,599.5079,962.9141,605.4728
0.0,0.21,0.0,617.4887,671.4076,412.75192,668.5319
0.03,0.21,0.0,678.6354,670.4521,473.93356,668.52496
0.06,0.21,0.0,739.6633,669.4421,535.2817,668.44214
0.09,0.21,0.0,800.67316,668.39185,596.6765,668.3367
0.12,0.21,0.0,861.51624,667.21466,658.14813,668.172
0.15,0.21,0.0,922.009,665.9245,719.65686,668.0251
0.18,0.21,0.0,982.0447,664.4801,781.1415,667.85657
0.21,0.21,0.0,1041.54,662.8974,842.58844,667.60455
0.24,0.21,0.0,1100.0999,661.13403,903.764,667.21844
0.27,0.21,0.0,1157.596,659.23816,964.5972,666.77246
0.0,0.24,0.0,618.3223,732.93854,411.91187,730.4641
0.03,0.24,0.0,679.6876,732.035,473.36145,730.6001
0.06,0.24,0.0,740.99,730.9664,534.9819,730.64557
0.09,0.24,0.0,802.20593,729.8328,596.67566,730.5442
0.12,0.24,0.0,863.29846,728.5291,658.4834,730.4603
0.15,0.24,0.0,923.8928,727.0384,720.2293,730.2449
0.18,0.24,0.0,984.0263,725.371,781.9902,730.01324
0.21,0.24,0.0,1043.6577,723.5575,843.70337,729.6496
0.24,0.24,0.0,1102.2336,721.45844,905.0669,729.15393
0.27,0.24,0.0,1159.8525,719.22015,966.02673,728.4532
0.0,0.27,0.0,619.1322,794.8541,411.20947,792.73083
0.03,0.27,0.0,680.74115,793.8823,472.85736,792.99646
0.06,0.27,0.0,742.2326,792.6992,534.7615,793.10706
0.09,0.27,0.0,803.6169,791.4051,596.6899,793.0756
0.12,0.27,0.0,864.907,790.0733,658.7362,793.0646
0.15,0.27,0.0,925.5477,788.3446,720.7874,792.7953
0.18,0.27,0.0,985.75745,786.43884,782.7598,792.4645
0.21,0.27,0.0,1045.4915,784.35284,844.6868,792.0367
0.24,0.27,0.0,1103.9535,781.8503,906.1213,791.2891
0.27,0.27,0.0,1161.6887,779.2032,967.2769,790.43225
0.0,0.0,0.0,610.1543,244.35582,409.5174,240.37517
0.03,0.0,0.0,671.83484,243.28023,471.05792,239.74925
0.06,0.0,0.0,733.5575,242.3131,532.7992,239.25359
0.09,0.0,0.0,795.14996,241.43294,594.72144,238.87193
0.12,0.0,0.0,856.6073,240.71745,656.73505,238.56682
0.15,0.0,0.0,917.71564,240.14151,718.7678,238.3121
0.18,0.0,0.0,978.3342,239.79959,780.7765,238.16731
0.21,0.0,0.0,1038.3043,239.65834,842.72034,238.14961
0.24,0.0,0.0,1097.4337,239.74934,904.40454,238.31479
0.27,0.0,0.0,1155.5219,240.12625,965.7043,238.65298
0.0,0.03,0.0,611.35126,306.3791,410.55243,302.34476
0.03,0.03,0.0,672.8063,305.32117,471.90988,301.84827
0.06,0.03,0.0,734.257,304.31186,533.50256,301.47888
0.09,0.03,0.0,795.6544,303.38052,595.1514,301.14844
0.12,0.03,0.0,856.9041,302.5401,656.88104,300.8551
0.15,0.03,0.0,917.8708,301.81628,718.68335,300.62543
0.18,0.03,0.0,978.3736,301.26126,780.4921,300.39542
0.21,0.03,0.0,1038.2648,300.83743,842.2185,300.31262
0.24,0.03,0.0,1097.3135,300.65115,903.75494,300.33917
0.27,0.03,0.0,1155.3864,300.64996,964.96014,300.50085
0.0,0.06,0.0,612.5643,367.96436,411.73904,363.94556
0.03,0.06,0.0,673.70447,366.94113,472.90048,363.5558
0.06,0.06,0.0,734.9263,365.9046,534.2123,363.23538
0.09,0.06,0.0,796.05084,364.94064,595.60236,362.98236
0.12,0.06,0.0,857.07367,364.036,657.05273,362.68994
0.15,0.06,0.0,917.84406,363.15195,718.5638,362.4726
0.18,0.06,0.0,978.22327,362.39542,780.09973,362.28452
0.21,0.06,0.0,1037.9631,361.7888,841.63776,362.08014
0.24,0.06,0.0,1096.8711,361.31857,902.9931,362.03934
0.27,0.06,0.0,1154.8049,360.98767,963.98114,362.0613
0.0,0.09,0.0,613.78503,429.00168,412.96176,425.10266
0.03,0.09,0.0,674.6305,427.96017,473.91507,424.75647
0.06,0.09,0.0,735.5329,426.97803,534.95264,424.51044
0.09,0.09,0.0,796.4309,425.95758,596.0788,424.22504
0.12,0.09,0.0,857.14886,424.96066,657.21454,423.98083
0.15,0.09,0.0,917.66876,424.02066,718.4148,423.75003
0.18,0.09,0.0,977.8705,423.1528,779.6999,423.57578
0.21,0.09,0.0,1037.4218,422.33856,840.973,423.41632
0.24,0.09,0.0,1096.0846,421.609,902.0412,423.27258
0.27,0.09,0.0,1153.9004,420.9561,962.90106,423.2262
0.0,0.12,0.0,614.99915,489.43707,414.28537,485.70142
0.03,0.12,0.0,675.54926,488.37805,474.98093,485.3766
0.06,0.12,0.0,736.1352,487.4409,535.7021,485.20428
0.09,0.12,0.0,796.7286,486.41693,596.5239,484.94266
0.12,0.12,0.0,857.14905,485.34634,657.37665,484.67212
0.15,0.12,0.0,917.3699,484.34158,718.29395,484.4326
0.18,0.12,0.0,977.33453,483.3665,779.29865,484.33255
0.21,0.12,0.0,1036.6978,482.4358,840.3223,484.22098
0.24,0.12,0.0,1095.0417,481.3976,901.0584,483.9796
0.27,0.12,0.0,1152.6537,480.466,961.67615,483.8737
0.0,0.15,0.0,616.2025,549.2044,415.68027,545.7155
0.03,0.15,0.0,676.46515,548.1885,476.03543,545.46204
0.06,0.15,0.0,736.71875,547.29144,536.4564,545.32227
0.09,0.15,0.0,796.9945,546.26404,596.98535,545.0971
0.12,0.15,0.0,857.08704,545.14606,657.5629,544.8226
0.15,0.15,0.0,917.01044,544.0533,718.1612,544.6339
0.18,0.15,0.0,976.5935,542.9845,778.8826,544.4882
0.21,0.15,0.0,1035.6838,541.91174,839.58905,544.43207
0.24,0.15,0.0,1093.7521,540.6528,900.0776,544.14746
0.27,0.15,0.0,1151.036,539.43823,960.3175,543.9652
0.0,0.18,0.0,617.4044,608.35077,417.07837,605.12537
0.03,0.18,0.0,677.336,607.3749,477.06577,604.9808
0.06,0.18,0.0,737.28174,606.42285,537.24445,604.80927
0.09,0.18,0.0,797.19305,605.3739,597.4583,604.61456
0.12,0.18,0.0,856.9822,604.2913,657.7334,604.4409
0.15,0.18,0.0,916.51074,603.11993,718.0426,604.2605
0.18,0.18,0.0,975.7381,601.93634,778.4493,604.0932
0.21,0.18,0.0,1034.431,600.6996,838.81305,604.0047
0.24,0.18,0.0,1092.2678,599.22675,898.9888,603.7447
0.27,0.18,0.0,1149.1309,597.6979,958.8581,603.4115
0.0,0.21,0.0,618.5752,666.8245,418.55103,663.9119
0.03,0.21,0.0,678.20917,665.8933,478.2068,663.85645
0.06,0.21,0.0,737.8254,664.86804,538.0366,663.676
0.09,0.21,0.0,797.35474,663.79156,597.9661,663.5276
0.12,0.21,0.0,856.8293,662.7301,657.9021,663.45966
0.15,0.21,0.0,915.97614,661.43024,717.943,663.23444
0.18,0.21,0.0,974.71796,660.05786,777.9818,663.0611
0.21,0.21,0.0,1032.9731,658.66815,837.9805,662.9326
0.24,0.21,0.0,1090.4424,656.99817,897.7948,662.61847
0.27,0.21,0.0,1146.9163,655.23206,957.2651,662.1938
0.0,0.24,0.0,619.8132,724.6178,420.10385,722.02075
0.03,0.24,0.0,679.074,723.7079,479.38498,722.0737
0.06,0.24,0.0,738.29803,722.5023,538.88226,721.90344
0.09,0.24,0.0,797.4601,721.4422,598.4554,721.8186
0.12,0.24,0.0,856.55896,720.4245,658.10187,721.883
0.15,0.24,0.0,915.2128,718.9088,717.76953,721.5443
0.18,0.24,0.0,973.5417,717.37714,777.46075,721.31934
0.21,0.24,0.0,1031.3958,715.81573,837.09406,721.1533
0.24,0.24,0.0,1088.3464,713.89844,896.47125,720.7094
0.27,0.24,0.0,1144.4386,711.8429,955.5285,720.1777
0.0,0.27,0.0,621.0248,781.6103,421.71,779.3367
0.03,0.27,0.0,679.8896,780.5637,480.63727,779.41156
0.06,0.27,0.0,738.70245,779.27765,539.7797,779.2103
0.09,0.27,0.0,797.4557,778.1593,598.9934,779.2144
0.12,0.27,0.0,856.1866,777.2007,658.2723,779.4964
0.15,0.27,0.0,914.31274,775.4511,717.57385,779.0275
0.18,0.27,0.0,972.1522,773.72095,776.8554,778.77344
0.21,0.27,0.0,1029.6127,772.07355,836.14374,778.6159
0.24,0.27,0.0,1085.9644,769.73975,895.0225,777.84625
0.27,0.27,0.0,1141.6714,767.47217,953.64276,777.28296
0.0,0.0,0.0,477.79184,357.9504,285.13522,352.80988
0.03,0.0,0.0,535.11896,355.70416,340.72427,350.98242
0.06,0.0,0.0,593.23663,353.42914,397.3951,349.23132
0.09,0.0,0.0,652.1172,351.15033,455.07343,347.52402
0.12,0.0,0.0,711.78973,348.85593,513.6794,345.8806
0.15,0.0,0.0,772.1605,346.55023,573.07104,344.2661
0.18,0.0,0.0,833.2213,344.3053,633.285,342.65707
0.21,0.0,0.0,894.7983,342.08554,694.3066,341.0178
0.24,0.0,0.0,956.7954,339.95062,756.1331,339.41174
0.27,0.0,0.0,1018.99384,337.97232,818.7694,337.80878
0.0,0.03,0.0,479.02805,416.7824,285.3245,411.50073
0.03,0.03,0.0,536.42773,414.9082,341.04688,410.17883
0.06,0.03,0.0,594.5933,413.03934,397.81317,408.8996
0.09,0.03,0.0,653.5112,411.13858,455.5495,407.65195
0.12,0.03,0.0,713.1817,409.22235,514.20776,406.4368
0.15,0.03,0.0,773.608,407.2998,573.6437,405.19125
0.18,0.03,0.0,834.71814,405.3457,633.9193,403.99963
0.21,0.03,0.0,896.4075,403.41858,694.9532,402.7745
0.24,0.03,0.0,958.49774,401.56934,756.8435,401.56906
0.27,0.03,0.0,1020.8096,399.74005,819.54626,400.35718
0.0,0.06,0.0,480.3603,475.64474,285.65277,470.34946
0.03,0.06,0.0,537.7545,474.17316,341.39816,469.51392
0.06,0.06,0.0,595.92255,472.67294,398.2595,468.68262
0.09,0.06,0.0,654.8883,471.1751,456.09662,467.88116
0.12,0.06,0.0,714.5893,469.64542,514.78546,467.03528
0.15,0.06,0.0,775.0168,468.09195,574.2408,466.23172
0.18,0.06,0.0,836.17413,466.47345,634.53156,465.42657
0.21,0.06,0.0,897.8909,464.86676,695.61383,464.60718
0.24,0.06,0.0,960.0465,463.27667,757.5537,463.81137
0.27,0.06,0.0,1022.4073,461.69656,820.2933,462.9852
0.0,0.09,0.0,481.65894,534.5326,286.05844,529.29285
0.03,0.09,0.0,539.1301,533.4299,341.95663,528.92456
0.06,0.09,0.0,597.26666,532.33057,398.7366,528.56
0.09,0.09,0.0,656.2525,531.17206,456.57053,528.154
0.12,0.09,0.0,715.9782,530.0224,515.38184,527.73785
0.15,0.09,0.0,776.3811,528.83685,574.8589,527.32745
0.18,0.09,0.0,837.5666,527.6084,635.13586,526.9138
0.21,0.09,0.0,899.3006,526.38007,696.2761,526.52893
0.24,0.09,0.0,961.4487,525.0751,758.2183,526.16235
0.27,0.09,0.0,1023.8053,523.6608,821.01654,525.7931
0.0,0.12,0.0,483.0522,593.33386,286.71124,588.21246
0.03,0.12,0.0,540.56604,592.6297,342.6227,588.3543
0.06,0.12,0.0,598.6204,591.95416,399.2663,588.4736
0.09,0.12,0.0,657.604,591.1968,457.1596,588.5116
0.12,0.12,0.0,717.3804,590.4008,515.9832,588.4723
0.15,0.12,0.0,777.7989,589.5597,575.50586,588.4735
0.18,0.12,0.0,838.8854,588.7297,635.8058,588.4893
0.21,0.12,0.0,900.622,587.8232,696.92957,588.54755
0.24,0.12,0.0,962.67645,586.73114,758.95294,588.53705
0.27,0.12,0.0,1024.9666,585.5872,821.7129,588.5603
0.0,0.15,0.0,484.55154,652.0856,287.5813,647.07745
0.03,0.15,0.0,541.9693,651.7761,343.3484,647.6995
0.06,0.15,0.0,600.0211,651.5369,399.95294,648.37006
0.09,0.15,0.0,658.9964,651.14813,457.80527,648.8573
0.12,0.15,0.0,718.727,650.6866,516.60547,649.2744
0.15,0.15,0.0,779.1301,650.21405,576.13434,649.65894
0.18,0.15,0.0,840.1769,649.6845,636.4994,650.1022
0.21,0.15,0.0,901.7776,649.077,697.621,650.5842
0.24,0.15,0.0,963.7304,648.2335,759.62354,650.93506
0.27,0.15,0.0,1025.89,647.30457,822.3461,651.3509
0.0,0.18,0.0,486.12558,710.61914,288.64563,705.7505
0.03,0.18,0.0,543.4015,710.80865,344.20926,706.9802
0.06,0.18,0.0,601.50305,710.91064,400.85544,708.0829
0.09,0.18,0.0,660.4131,710.9021,458.6028,709.0508
0.12,0.18,0.0,720.0628,710.8504,517.2682,709.9678
0.15,0.18,0.0,780.3751,710.68005,576.7826,710.8204
0.18,0.18,0.0,841.336,710.4739,637.12994,711.70374
0.21,0.18,0.0,902.8014,710.10175,698.2554,712.5749
0.24,0.18,0.0,964.5997,709.5465,760.2247,713.3439
0.27,0.18,0.0,1026.547,708.6913,822.9187,713.9914
0.0,0.21,0.0,487.79062,768.85095,289.86157,764.13525
0.03,0.21,0.0,544.9054,769.5015,345.23944,765.94543
0.06,0.21,0.0,603.0112,769.99725,401.86523,767.52686
0.09,0.21,0.0,661.8282,770.3587,459.53973,769.0164
0.12,0.21,0.0,721.3387,770.721,517.9723,770.4987
0.15,0.21,0.0,781.56964,770.8535,577.4865,771.76495
0.18,0.21,0.0,842.36945,770.84924,637.83185,773.03894
0.21,0.21,0.0,903.6269,770.7222,698.886,774.30164
0.24,0.21,0.0,965.2371,770.32367,760.7817,775.4283
0.27,0.21,0.0,1026.93,769.64636,823.3587,776.41034
0.0,0.24,0.0,489.4805,826.7137,291.2581,822.1317
0.03,0.24,0.0,546.53784,827.7593,346.5395,824.4922
0.06,0.24,0.0,604.5515,828.5679,403.11044,826.5564
0.09,0.24,0.0,663.19464,829.37537,460.51355,828.61115
0.12,0.24,0.0,722.5292,830.1512,518.77765,830.6762
0.15,0.24,0.0,782.60834,830.4718,578.24634,832.35693
0.18,0.24,0.0,843.2405,830.70557,638.48395,833.9911
0.21,0.24,0.0,904.2651,830.8374,699.45404,835.7128
0.24,0.24,0.0,965.5816,830.5244,761.2211,837.0795
0.27,0.24,0.0,1026.9689,829.94385,823.6083,838.3648
0.0,0.27,0.0,491.28723,883.90607,292.92255,879.57184
0.03,0.27,0.0,548.2157,885.36646,348.0822,882.44434
0.06,0.27,0.0,606.1007,886.5057,404.53452,885.02515
0.09,0.27,0.0,664.5709,887.6463,461.7416,887.59076
0.12,0.27,0.0,723.6443,888.9235,519.706,890.2909
0.15,0.27,0.0,783.5476,889.3938,579.0496,892.3221
0.18,0.27,0.0,843.9019,889.83514,639.163,894.3561
0.21,0.27,0.0,904.6547,890.25256,699.9029,896.5171
0.24,0.27,0.0,965.6597,889.8876,761.5106,898.04395
0.27,0.27,0.0,1026.6884,889.4481,823.68365,899.62897
