0.0,0.0,0.0,477.63232,162.25287,290.4549,158.2368
0.03,0.0,0.0,534.2484,158.5416,345.11572,154.6221
0.06,0.0,0.0,591.6988,154.93433,400.88196,151.15373
0.09,0.0,0.0,649.90344,151.41078,457.67233,147.79044
0.12,0.0,0.0,708.8904,148.00835,515.4558,144.62486
0.15,0.0,0.0,768.5396,144.72955,574.1402,141.52397
0.18,0.0,0.0,828.70294,141.60513,633.69946,138.56107
0.21,0.0,0.0,889.26544,138.68533,694.0182,135.67546
0.24,0.0,0.0,950.114,136.0372,755.0792,132.93109
0.27,0.0,0.0,1011.1082,133.66919,816.75507,130.34985
0.0,0.03,0.0,478.5361,219.77002,289.8962,215.34192
0.03,0.03,0.0,535.33405,216.49387,344.79626,212.2704
0.06,0.03,0.0,592.89984,213.27242,400.77115,209.31932
0.09,0.03,0.0,651.2951,210.11952,457.79404,206.48764
0.12,0.03,0.0,710.4212,207.04413,515.7686,203.76459
0.15,0.03,0.0,770.17865,204.04604,574.59534,201.1466
0.18,0.03,0.0,830.55066,201.14648,634.28925,198.5319
0.21,0.03,0.0,891.3746,198.40417,694.745,196.02185
0.24,0.03,0.0,952.5406,195.8749,755.9765,193.58025
0.27,0.03,0.0,1013.81067,193.5585,817.8662,191.2408
0.0,0.06,0.0,479.51236,277.71692,289.58682,272.88248
0.03,0.06,0.0,536.42584,274.8957,344.6817,270.40207
0.06,0.06,0.0,594.1365,272.07883,400.85016,267.97858
0.09,0.06,0.0,652.60925,269.31686,458.0116,265.63492
0.12,0.06,0.0,711.85425,266.56458,516.16223,263.41922
0.15,0.06,0.0,771.74365,263.85614,575.07874,261.19434
0.18,0.06,0.0,832.2757,261.19943,634.8577,259.03336
0.21,0.06,0.0,893.29236,258.66205,695.43866,256.85233
0.24,0.06,0.0,954.67554,256.2922,756.7945,254.74052
0.27,0.06,0.0,1016.1843,254.09328,818.8669,252.70772
0.0,0.09,0.0,480.61804,335.9404,289.45917,330.88156
0.03,0.09,0.0,537.6612,333.558,344.7764,328.92902
0.06,0.09,0.0,595.3828,331.13785,401.0318,326.9573
0.09,0.09,0.0,653.93506,328.74283,458.3348,325.1154
0.12,0.09,0.0,713.27094,326.3876,516.63385,323.34576
0.15,0.09,0.0,773.2606,323.988,575.6295,321.58408
0.18,0.09,0.0,833.88635,321.597,635.42334,319.77512
0.21,0.09,0.0,895.06683,319.28696,696.0696,318.0003
0.24,0.09,0.0,956.61304,317.14984,757.50934,316.29025
0.27,0.09,0.0,1018.3314,315.053,819.7075,314.5288
0.0,0.12,0.0,481.81747,394.37378,289.54562,389.16522
0.03,0.12,0.0,538.9635,392.39838,345.07855,387.68875
0.06,0.12,0.0,596.6824,390.36313,401.31415,386.21085
0.09,0.12,0.0,655.27,388.35547,458.74323,384.80988
0.12,0.12,0.0,714.65515,386.33896,517.1682,383.4582
0.15,0.12,0.0,774.7035,384.27176,576.2223,382.10782
0.18,0.12,0.0,835.42035,382.21606,636.01337,380.7348
0.21,0.12,0.0,896.6836,380.19443,696.67224,379.35406
0.24,0.12,0.0,958.3243,378.28412,758.23486,378.0137
0.27,0.12,0.0,1020.18787,376.36453,820.49713,376.63028
0.0,0.15,0.0,483.13248,452.86865,289.8963,447.62106
0.03,0.15,0.0,540.2867,451.28094,345.4083,446.57822
0.06,0.15,0.0,598.0042,449.62363,401.7564,445.60757
0.09,0.15,0.0,656.64404,447.9991,459.2575,444.6392
0.12,0.15,0.0,716.0243,446.34875,517.6903,443.67508
0.15,0.15,0.0,776.09296,444.6361,576.78156,442.7331
0.18,0.15,0.0,836.85504,442.9401,636.665,441.7598
0.21,0.15,0.0,898.1599,441.229,697.30164,440.7665
0.24,0.15,0.0,959.8934,439.56143,758.89813,439.8573
0.27,0.15,0.0,1021.8662,437.898,821.21625,438.88318
0.0,0.18,0.0,484.50433,511.38727,290.35455,506.14642
0.03,0.18,0.0,541.57513,510.17395,345.80722,505.62854
0.06,0.18,0.0,599.42957,508.93002,402.34497,505.11014
0.09,0.18,0.0,658.0321,507.6577,459.87814,504.51898
0.12,0.18,0.0,717.3899,506.3818,518.19464,503.95596
0.15,0.18,0.0,777.4592,505.07858,577.3664,503.42273
0.18,0.18,0.0,838.2316,503.73126,637.27844,502.84637
0.21,0.18,0.0,899.58136,502.31772,697.99677,502.32172
0.24,0.18,0.0,961.3525,500.88406,759.54767,501.75235
0.27,0.18,0.0,1023.29364,499.51035,821.9465,501.1954
0.0,0.21,0.0,485.84396,569.887,290.88898,564.735
0.03,0.21,0.0,542.9409,569.05524,346.36176,564.70184
0.06,0.21,0.0,600.8222,568.1859,402.9749,564.5957
0.09,0.21,0.0,659.42993,567.2843,460.4579,564.46356
0.12,0.21,0.0,718.708,566.4161,518.7347,564.34235
0.15,0.21,0.0,778.8104,565.4357,577.94305,564.15753
0.18,0.21,0.0,839.58075,564.4352,637.92,563.9973
0.21,0.21,0.0,900.8754,563.3776,698.67725,563.8895
0.24,0.21,0.0,962.59045,562.27466,760.23737,563.73975
0.27,0.21,0.0,1024.5387,561.0646,822.6397,563.62616
0.0,0.24,0.0,487.19595,628.3379,291.574,623.3059
0.03,0.24,0.0,544.25977,627.92737,346.999,623.78845
0.06,0.24,0.0,602.2222,627.3886,403.70773,624.1318
0.09,0.24,0.0,660.79193,626.88043,461.06644,624.44275
0.12,0.24,0.0,720.03845,626.3997,519.2611,624.7452
0.15,0.24,0.0,780.14453,625.7521,578.5376,624.98804
0.18,0.24,0.0,840.83997,625.08417,638.56464,625.2408
0.21,0.24,0.0,902.0801,624.3955,699.28784,625.5634
0.24,0.24,0.0,963.7056,623.499,760.9338,625.823
0.27,0.24,0.0,1025.5347,622.4799,823.2969,626.06854
0.0,0.27,0.0,488.59778,686.70105,292.34976,681.7921
0.03,0.27,0.0,545.6709,686.6461,347.8031,682.725
0.06,0.27,0.0,603.6541,686.4676,404.46796,683.4918
0.09,0.27,0.0,662.1834,686.35504,461.79724,684.3118
0.12,0.27,0.0,721.35297,686.30743,519.8161,685.1969
0.15,0.27,0.0,781.4106,685.92645,579.1928,685.7932
0.18,0.27,0.0,842.01984,685.5736,639.2,686.4696
0.21,0.27,0.0,903.1463,685.20483,699.8855,687.2399
0.24,0.27,0.0,964.6286,684.4277,761.5727,687.7926
0.27,0.27,0.0,1026.3022,683.63727,823.886,688.4275
0.0,0.0,0.0,471.31363,346.57224,268.9992,341.36398
0.03,0.0,0.0,533.43146,346.87814,331.4361,342.1155
0.06,0.0,0.0,594.85315,347.21484,393.6537,342.97403
0.09,0.0,0.0,655.6152,347.54703,455.44553,343.94348
0.12,0.0,0.0,715.64465,347.91724,516.68665,344.99777
0.15,0.0,0.0,774.93933,348.32202,577.29987,346.08224
0.18,0.0,0.0,833.4105,348.72873,637.12885,347.1495
0.21,0.0,0.0,891.0034,349.22574,696.34503,348.26056
0.24,0.0,0.0,947.6319,349.7855,754.8563,349.33676
0.27,0.0,0.0,1003.1099,350.44788,812.7103,350.47537
0.0,0.03,0.0,471.77548,408.67975,268.2813,403.29254
0.03,0.03,0.0,533.92896,408.6242,330.87567,403.8249
0.06,0.03,0.0,595.4133,408.5974,393.18112,404.44318
0.09,0.03,0.0,656.15155,408.60098,455.0644,405.10086
0.12,0.03,0.0,716.2133,408.58008,516.3833,405.8226
0.15,0.03,0.0,775.5317,408.5817,576.9826,406.55374
0.18,0.03,0.0,834.06635,408.60767,636.9123,407.29736
0.21,0.03,0.0,891.716,408.64413,696.1424,408.00543
0.24,0.03,0.0,948.38763,408.74493,754.6972,408.7578
0.27,0.03,0.0,1003.9806,408.90805,812.6182,409.52673
0.0,0.06,0.0,472.29346,470.82162,267.74915,465.4119
0.03,0.06,0.0,534.4583,470.45645,330.3846,465.7211
0.06,0.06,0.0,595.9514,470.07053,392.81036,466.0067
0.09,0.06,0.0,656.7226,469.69305,454.71603,466.37888
0.12,0.06,0.0,716.7487,469.3049,516.0892,466.72348
0.15,0.06,0.0,776.03815,468.93814,576.74585,467.1079
0.18,0.06,0.0,834.6292,468.5422,636.7064,467.47443
0.21,0.06,0.0,892.33716,468.16165,695.9709,467.8628
0.24,0.06,0.0,949.04346,467.80814,754.53314,468.27225
0.27,0.06,0.0,1004.6185,467.47314,812.4597,468.65457
0.0,0.09,0.0,472.8641,533.0321,267.41452,527.5966
0.03,0.09,0.0,535.0184,532.278,330.0748,527.7111
0.06,0.09,0.0,596.51404,531.5176,392.4822,527.7433
0.09,0.09,0.0,657.3069,530.7642,454.43597,527.7156
0.12,0.09,0.0,717.31824,529.9965,515.7784,527.7161
0.15,0.09,0.0,776.5743,529.23303,576.4654,527.72394
0.18,0.09,0.0,835.1807,528.4545,636.498,527.74255
0.21,0.09,0.0,892.9189,527.69885,695.799,527.792
0.24,0.09,0.0,949.53107,526.8667,754.3719,527.8389
0.27,0.09,0.0,1005.16705,526.04535,812.33777,527.88947
0.0,0.12,0.0,473.526,595.1596,267.2233,589.85486
0.03,0.12,0.0,535.6071,594.0394,329.88156,589.65405
0.06,0.12,0.0,597.1168,592.96155,392.2235,589.45166
0.09,0.12,0.0,657.8627,591.83075,454.18735,589.1164
0.12,0.12,0.0,717.7832,590.6682,515.5533,588.71716
0.15,0.12,0.0,777.0784,589.49304,576.2019,588.38525
0.18,0.12,0.0,835.6687,588.3754,636.2872,588.0791
0.21,0.12,0.0,893.4005,587.1867,695.6522,587.7883
0.24,0.12,0.0,949.8705,585.8662,754.17896,587.45496
0.27,0.12,0.0,1005.4891,584.6157,812.1674,587.15576
0.0,0.15,0.0,474.18887,657.112,267.32,651.88116
0.03,0.15,0.0,536.2372,655.70374,329.84637,651.52734
0.06,0.15,0.0,597.6887,654.30914,392.11404,651.10364
0.09,0.15,0.0,658.41766,652.81726,453.99652,650.5023
0.12,0.15,0.0,718.33887,651.2596,515.3189,649.7897
0.15,0.15,0.0,777.53516,649.70667,576.0013,649.0984
0.18,0.15,0.0,836.0476,648.1602,636.0706,648.4399
0.21,0.15,0.0,893.71655,646.51746,695.4642,647.831
0.24,0.15,0.0,950.1512,644.7551,754.01227,647.0766
0.27,0.15,0.0,1005.58276,642.9514,811.9376,646.3993
0.0,0.18,0.0,474.9703,718.8841,267.62674,713.74414
0.03,0.18,0.0,536.9384,717.21106,329.94983,713.25824
0.06,0.18,0.0,598.2789,715.44714,392.12427,712.56506
0.09,0.18,0.0,658.9107,713.59033,453.90088,711.7179
0.12,0.18,0.0,718.83813,711.6862,515.17145,710.7874
0.15,0.18,0.0,777.9924,709.72363,575.8101,709.787
0.18,0.18,0.0,836.34784,707.7161,635.83215,708.77954
0.21,0.18,0.0,893.8469,705.67645,695.1973,707.7834
0.24,0.18,0.0,950.2475,703.43823,753.8172,706.7024
0.27,0.18,0.0,1005.45685,701.07,811.6366,705.55786
0.0,0.21,0.0,475.92657,780.2895,268.26166,775.2234
0.03,0.21,0.0,537.7159,778.35925,330.31516,774.63275
0.06,0.21,0.0,598.902,776.23553,392.29492,773.7468
0.09,0.21,0.0,659.4198,774.03613,453.94,772.68164
0.12,0.21,0.0,719.32184,771.84174,515.10126,771.57916
0.15,0.21,0.0,778.3051,769.41797,575.68585,770.2329
0.18,0.21,0.0,836.504,766.9411,635.6281,768.8839
0.21,0.21,0.0,893.8618,764.4051,694.96655,767.54926
0.24,0.21,0.0,950.0949,761.67365,753.5071,766.0824
0.27,0.21,0.0,1005.14905,758.8122,811.26373,764.532
0.0,0.24,0.0,477.0277,841.1549,269.12112,836.2243
0.03,0.24,0.0,538.5963,838.98596,330.9299,835.54285
0.06,0.24,0.0,599.5731,836.4976,392.68353,834.4324
0.09,0.24,0.0,659.97327,834.02405,454.11337,833.2532
0.12,0.24,0.0,719.7574,831.5466,515.1334,832.02496
0.15,0.24,0.0,778.54517,828.6064,575.5753,830.33856
0.18,0.24,0.0,836.54266,825.68695,635.4217,828.65424
0.21,0.24,0.0,893.74805,822.68604,694.68085,827.01306
0.24,0.24,0.0,949.6785,819.40955,753.0894,825.08826
0.27,0.24,0.0,1004.55255,815.98004,810.7629,823.125
0.0,0.27,0.0,478.29504,901.3203,270.31076,896.5765
0.03,0.27,0.0,539.58356,898.88324,331.84915,895.7399
0.06,0.27,0.0,600.30505,896.06366,393.27658,894.45374
0.09,0.27,0.0,660.464,893.25244,454.43646,893.144
0.12,0.27,0.0,720.14264,890.5521,515.3132,891.8727
0.15,0.27,0.0,778.63873,887.1597,575.52203,889.8516
0.18,0.27,0.0,836.3955,883.7396,635.23126,887.8657
0.21,0.27,0.0,893.45874,880.3533,694.41693,885.9473
0.24,0.27,0.0,948.99695,876.41125,752.5991,883.4916
0.27,0.27,0.0,1003.73724,872.5127,810.1237,881.16003
0.0,0.0,0.0,476.109,358.13696,282.99673,353.0418
0.03,0.0,0.0,535.0816,357.20398,341.28387,352.5106
0.06,0.0,0.0,594.1556,356.27975,400.03833,352.1527
0.09,0.0,0.0,653.22754,355.36664,459.02905,351.8176
0.12,0.0,0.0,712.3508,354.50568,518.2397,351.57123
0.15,0.0,0.0,771.3882,353.61426,577.5177,351.3615
0.18,0.0,0.0,830.3637,352.78973,636.8173,351.19873
0.21,0.0,0.0,889.09607,352.0102,696.1338,350.98743
0.24,0.0,0.0,947.5012,351.32877,755.4954,350.82626
0.27,0.0,0.0,1005.39966,350.75314,814.834,350.68124
0.0,0.03,0.0,476.0163,416.26413,280.93372,410.99686
0.03,0.03,0.0,535.374,415.3566,339.6035,410.6294
0.06,0.03,0.0,594.7379,414.43417,398.74026,410.34308
0.09,0.03,0.0,654.1787,413.54477,458.15564,410.10803
0.12,0.03,0.0,713.59064,412.65018,517.7107,409.8788
0.15,0.03,0.0,772.96844,411.73465,577.3549,409.69687
0.18,0.03,0.0,832.2895,410.86496,636.97345,409.50925
0.21,0.03,0.0,891.3994,409.97137,696.6254,409.3312
0.24,0.03,0.0,950.1464,409.17175,756.3499,409.15344
0.27,0.03,0.0,1008.4319,408.3968,816.0281,408.98422
0.0,0.06,0.0,475.94427,475.03644,278.9835,469.72305
0.03,0.06,0.0,535.6315,474.15704,338.01718,469.49408
0.06,0.06,0.0,595.3496,473.23557,397.5193,469.25882
0.09,0.06,0.0,655.09894,472.3552,457.29877,469.06232
0.12,0.06,0.0,714.8183,471.44348,517.19434,468.8801
0.15,0.06,0.0,774.50446,470.5069,577.1397,468.68884
0.18,0.06,0.0,834.16095,469.55508,637.122,468.5026
0.21,0.06,0.0,893.6079,468.62015,697.10834,468.32678
0.24,0.06,0.0,952.69,467.69696,757.1641,468.1676
0.27,0.06,0.0,1011.31946,466.7712,817.22394,468.01056
0.0,0.09,0.0,475.94394,534.42596,277.1365,529.12836
0.03,0.09,0.0,535.9711,533.5729,336.531,529.012
0.06,0.09,0.0,595.9765,532.62134,396.30884,528.8493
0.09,0.09,0.0,656.04346,531.74524,456.44672,528.68756
0.12,0.09,0.0,716.06506,530.82367,516.6787,528.54694
0.15,0.09,0.0,776.047,529.89105,576.94293,528.37805
0.18,0.09,0.0,836.03796,528.87964,637.2783,528.16693
0.21,0.09,0.0,895.8113,527.8715,697.62976,528.02344
0.24,0.09,0.0,955.16187,526.8424,757.9916,527.882
0.27,0.09,0.0,1014.0575,525.7507,818.4046,527.67676
0.0,0.12,0.0,475.99478,594.40826,275.4871,589.17535
0.03,0.12,0.0,536.3192,593.57715,335.1871,589.20966
0.06,0.12,0.0,596.6169,592.64685,395.14273,589.1284
0.09,0.12,0.0,656.99835,591.74084,455.5625,589.02057
0.12,0.12,0.0,717.33484,590.8202,516.19476,588.90607
0.15,0.12,0.0,777.6118,589.84515,576.79944,588.73096
0.18,0.12,0.0,837.86176,588.7892,637.4664,588.563
0.21,0.12,0.0,897.9417,587.6845,698.1705,588.404
0.24,0.12,0.0,957.44916,586.5713,758.83685,588.27484
0.27,0.12,0.0,1016.63513,585.28784,819.5726,588.06903
0.0,0.15,0.0,476.12427,654.9107,274.00778,649.6931
0.03,0.15,0.0,536.7073,654.128,333.91168,649.93726
0.06,0.15,0.0,597.2753,653.24963,394.1375,650.03406
0.09,0.15,0.0,657.94434,652.30835,454.81216,650.0072
0.12,0.15,0.0,718.5733,651.3821,515.6905,649.9323
0.15,0.15,0.0,779.13727,650.35767,576.6454,649.7929
0.18,0.15,0.0,839.6251,649.24664,637.65656,649.67346
0.21,0.15,0.0,899.9262,648.0204,698.72626,649.4881
0.24,0.15,0.0,959.66925,646.71454,759.6918,649.3307
0.27,0.15,0.0,1018.97424,645.29486,820.6816,649.12946
0.0,0.18,0.0,476.3658,715.857,272.81635,710.69855
0.03,0.18,0.0,537.1363,715.1474,332.79373,711.14667
0.06,0.18,0.0,597.9866,714.3026,393.2452,711.3815
0.09,0.18,0.0,658.90265,713.42346,454.11487,711.52216
0.12,0.18,0.0,719.7954,712.44055,515.2331,711.53204
0.15,0.18,0.0,780.62115,711.3083,576.48535,711.48254
0.18,0.18,0.0,841.2762,710.1274,637.8154,711.36273
0.21,0.18,0.0,901.77026,708.80365,699.1564,711.1976
0.24,0.18,0.0,961.7132,707.2755,760.5012,710.9916
0.27,0.18,0.0,1021.0783,705.5794,821.73114,710.6842
0.0,0.21,0.0,476.72513,777.0851,271.8161,771.9561
0.03,0.21,0.0,537.68353,776.47595,331.87646,772.6683
0.06,0.21,0.0,598.75397,775.6769,392.57654,773.14825
0.09,0.21,0.0,659.8744,774.7779,453.64047,773.418
0.12,0.21,0.0,720.9834,773.77875,514.88477,773.5424
0.15,0.21,0.0,782.0218,772.5792,576.44763,773.54987
0.18,0.21,0.0,842.8622,771.2278,638.0239,773.48883
0.21,0.21,0.0,903.43506,769.74115,699.648,773.34064
0.24,0.21,0.0,963.5161,768.01587,761.2215,773.035
0.27,0.21,0.0,1022.94586,766.07623,822.6675,772.6479
0.0,0.24,0.0,477.25183,838.40076,271.10077,833.3238
0.03,0.24,0.0,538.2938,837.92993,331.25772,834.3439
0.06,0.24,0.0,599.58594,837.15674,392.07962,835.0187
0.09,0.24,0.0,660.8522,836.3054,453.22424,835.49426
0.12,0.24,0.0,722.16034,835.2718,514.6591,835.8368
0.15,0.24,0.0,783.3205,833.965,576.40533,835.9003
0.18,0.24,0.0,844.28674,832.5058,638.1893,835.84845
0.21,0.24,0.0,904.9408,830.8397,700.0403,835.7207
0.24,0.24,0.0,965.04376,828.81964,761.8369,835.3719
0.27,0.24,0.0,1024.5173,826.5675,823.47797,834.8268
0.0,0.27,0.0,477.9241,899.6451,270.6834,894.70593
0.03,0.27,0.0,539.08453,899.27155,330.91708,895.98145
0.06,0.27,0.0,600.44324,898.544,391.82962,896.8729
0.09,0.27,0.0,661.8316,897.7063,453.06223,897.6043
0.12,0.27,0.0,723.2732,896.7535,514.54065,898.19574
0.15,0.27,0.0,784.4827,895.25256,576.4484,898.26874
0.18,0.27,0.0,845.48425,893.5961,638.41327,898.2701
0.21,0.27,0.0,906.2412,891.75616,700.41925,898.1839
0.24,0.27,0.0,966.2081,889.3937,762.31805,897.6383
0.27,0.27,0.0,1025.7369,886.8927,824.0826,897.016
0.0,0.0,0.0,467.17032,350.9847,265.38025,345.82404
0.03,0.0,0.0,528.96954,349.8838,326.2967,345.1366
0.06,0.0,0.0,590.9265,348.80234,387.81052,344.57425
0.09,0.0,0.0,652.9103,347.7837,449.6482,344.12723
0.12,0.0,0.0,714.95044,346.77094,511.79333,343.78464
0.15,0.0,0.0,777.0129,345.72446,574.0458,343.5289
0.18,0.0,0.0,838.9188,344.75854,636.3568,343.22687
0.21,0.0,0.0,900.626,343.9217,698.7147,342.9526
0.24,0.0,0.0,961.96954,343.21805,761.1415,342.71176
0.27,0.0,0.0,1022.7605,342.6625,823.512,342.59055
0.0,0.03,0.0,469.04996,412.86365,267.09668,407.49753
0.03,0.03,0.0,530.59814,411.77402,327.86887,406.99606
0.06,0.03,0.0,592.2326,410.7268,389.15198,406.57993
0.09,0.03,0.0,653.92773,409.7404,450.80417,406.24323
0.12,0.03,0.0,715.6604,408.68927,512.6705,405.9634
0.15,0.03,0.0,777.4243,407.69284,574.61584,405.70038
0.18,0.03,0.0,839.0984,406.71735,636.6259,405.4629
0.21,0.03,0.0,900.5584,405.787,698.66394,405.22974
0.24,0.03,0.0,961.6849,404.93326,760.79486,405.0267
0.27,0.03,0.0,1022.25635,404.1799,822.93774,404.86407
0.0,0.06,0.0,470.9952,474.10632,268.99478,468.75986
0.03,0.06,0.0,532.247,473.11288,329.50864,468.39386
0.06,0.06,0.0,593.55676,472.09988,390.58148,468.0906
0.09,0.06,0.0,654.9562,471.10257,451.94437,467.81094
0.12,0.06,0.0,716.387,470.09122,513.53467,467.56097
0.15,0.06,0.0,777.786,469.08368,575.1875,467.33478
0.18,0.06,0.0,839.1639,468.06003,636.87866,467.10425
0.21,0.06,0.0,900.4029,467.10333,698.63074,466.9103
0.24,0.06,0.0,961.22284,466.13004,760.46594,466.7059
0.27,0.06,0.0,1021.5494,465.18454,822.3066,466.557
0.0,0.09,0.0,472.94427,534.7481,270.98868,529.44055
0.03,0.09,0.0,533.8942,533.7687,331.30743,529.1988
0.06,0.09,0.0,594.8896,532.83887,391.99838,529.0246
0.09,0.09,0.0,655.9744,531.84357,453.11334,528.8089
0.12,0.09,0.0,717.05396,530.8071,514.39276,528.5463
0.15,0.09,0.0,778.1376,529.79877,575.7356,528.32587
0.18,0.09,0.0,839.2489,528.8211,637.1434,528.18005
0.21,0.09,0.0,900.1295,527.8071,698.6038,528.0267
0.24,0.09,0.0,960.6206,526.6898,760.1334,527.8274
0.27,0.09,0.0,1020.62537,525.6403,821.6801,527.7078
0.0,0.12,0.0,474.93567,594.7122,273.22385,589.4726
0.03,0.12,0.0,535.5813,593.73145,333.21146,589.3671
0.06,0.12,0.0,596.2288,592.9283,393.5367,589.4061
0.09,0.12,0.0,656.98956,591.94696,454.29596,589.2277
0.12,0.12,0.0,717.738,590.84595,515.29205,588.9532
0.15,0.12,0.0,778.4917,589.8332,576.3093,588.7539
0.18,0.12,0.0,839.2402,588.8814,637.4252,588.66486
0.21,0.12,0.0,899.8016,587.8587,698.59216,588.5711
0.24,0.12,0.0,959.8589,586.5537,759.78406,588.3292
0.27,0.12,0.0,1019.55133,585.4095,820.9986,588.2576
0.0,0.15,0.0,477.0277,653.9322,275.65405,648.76184
0.03,0.15,0.0,537.26605,653.0385,335.2305,648.8482
0.06,0.15,0.0,597.5549,652.26935,395.15182,649.03564
0.09,0.15,0.0,657.9704,651.3283,455.5445,648.9928
0.12,0.15,0.0,718.4064,650.24365,516.19507,648.77264
0.15,0.15,0.0,778.7963,649.2083,576.9219,648.616
0.18,0.15,0.0,839.15753,648.18616,637.69385,648.5564
0.21,0.15,0.0,899.32556,647.1399,698.58185,648.49554
0.24,0.15,0.0,958.98376,645.7127,759.4269,648.2667
0.27,0.15,0.0,1018.24493,644.34326,820.2939,648.12646
0.0,0.18,0.0,479.16583,712.3227,278.23553,707.23755
0.03,0.18,0.0,538.96063,711.6239,337.31903,707.61554
0.06,0.18,0.0,598.9054,710.80414,396.92566,707.8736
0.09,0.18,0.0,658.9614,709.8534,456.89612,707.94226
0.12,0.18,0.0,719.0346,708.8769,517.1128,707.93964
0.15,0.18,0.0,779.01984,707.8177,577.5013,707.83594
0.18,0.18,0.0,838.9642,706.70966,637.98334,707.75116
0.21,0.18,0.0,898.7008,705.5335,698.51935,707.7392
0.24,0.18,0.0,957.98944,704.07556,759.0677,707.54565
0.27,0.18,0.0,1016.69446,702.4389,819.5194,707.2839
0.0,0.21,0.0,481.35297,769.84656,281.0037,764.90027
0.03,0.21,0.0,540.69867,769.2881,339.5906,765.52423
0.06,0.21,0.0,600.2951,768.415,398.78625,765.8186
0.09,0.21,0.0,659.93164,767.5578,458.35217,766.0874
0.12,0.21,0.0,719.59515,766.67883,518.1197,766.2951
0.15,0.21,0.0,779.20337,765.52814,578.1475,766.22656
0.18,0.21,0.0,838.673,764.27826,638.29346,766.1685
0.21,0.21,0.0,897.93256,762.9689,698.4341,766.13477
0.24,0.21,0.0,956.75275,761.3747,758.5983,765.93414
0.27,0.21,0.0,1015.0366,759.58295,818.6862,765.6011
0.0,0.24,0.0,483.615,826.42926,283.9005,821.57495
0.03,0.24,0.0,542.5614,825.9213,342.05466,822.4071
0.06,0.24,0.0,601.6781,825.0614,400.8296,822.81525
0.09,0.24,0.0,660.8921,824.2643,459.88,823.2772
0.12,0.24,0.0,720.1375,823.5348,519.2225,823.7813
0.15,0.24,0.0,779.2524,822.1774,578.80664,823.7075
0.18,0.24,0.0,838.2391,820.81616,638.56134,823.65466
0.21,0.24,0.0,897.0209,819.46545,698.3247,823.7017
0.24,0.24,0.0,955.2994,817.59125,758.0666,823.3494
0.27,0.24,0.0,1013.06067,815.6046,817.68915,822.9925
0.0,0.27,0.0,486.00436,881.87695,287.02646,877.2184
0.03,0.27,0.0,544.4554,881.39075,344.70688,878.2034
0.06,0.27,0.0,603.0999,880.50726,403.01404,878.7284
0.09,0.27,0.0,661.81824,879.7589,461.57538,879.34937
0.12,0.27,0.0,720.59686,879.17523,520.3715,880.18665
0.15,0.27,0.0,779.21643,877.6264,579.5559,880.0681
0.18,0.27,0.0,837.66925,876.1727,638.80554,880.0697
0.21,0.27,0.0,895.95856,874.7995,698.1639,880.23505
0.24,0.27,0.0,953.6242,872.6074,757.43243,879.64105
0.27,0.27,0.0,1010.86066,870.5348,816.58356,879.2784
0.0,0.0,0.0,342.57056,262.95285,156.07457,257.74185
0.03,0.0,0.0,398.02554,259.68304,208.77191,254.63397
0.06,0.0,0.0,454.45007,256.48578,262.78287,251.66333
0.09,0.0,0.0,511.86053,253.3845,318.12662,248.8032
0.12,0.0,0.0,570.2106,250.31361,374.76645,246.0701
0.15,0.0,0.0,629.40405,247.28717,432.4661,243.46072
0.18,0.0,0.0,689.36224,244.31361,491.21024,240.9425
0.21,0.0,0.0,750.0531,241.33922,550.8261,238.48729
0.24,0.0,0.0,811.42084,238.49925,611.3463,236.03539
0.27,0.0,0.0,873.3693,235.70892,672.69415,233.67162
0.0,0.03,0.0,343.33084,320.94138,155.4573,315.225
0.03,0.03,0.0,398.91193,318.161,208.2907,312.68948
0.06,0.03,0.0,455.51425,315.47885,262.53122,310.28244
0.09,0.03,0.0,513.0532,312.82596,318.0801,308.02194
0.12,0.03,0.0,571.50256,310.2046,374.87973,305.8272
0.15,0.03,0.0,630.75146,307.59064,432.75812,303.71848
0.18,0.03,0.0,690.7998,304.9782,491.59906,301.68277
0.21,0.03,0.0,751.5681,302.372,551.3459,299.70163
0.24,0.03,0.0,813.0616,299.79703,611.9399,297.70233
0.27,0.03,0.0,875.17163,297.2992,673.34766,295.74075
0.0,0.06,0.0,344.2554,379.18045,155.11389,372.9986
0.03,0.06,0.0,399.9351,376.92166,208.0864,371.09613
0.06,0.06,0.0,456.65182,374.6837,262.48383,369.29324
0.09,0.06,0.0,514.3024,372.50482,318.18008,367.56073
0.12,0.06,0.0,572.82556,370.31113,375.13547,365.88095
0.15,0.06,0.0,632.11035,368.12103,433.12775,364.26755
0.18,0.06,0.0,692.20337,365.87137,492.05417,362.6979
0.21,0.06,0.0,753.032,363.61282,551.8537,361.15036
0.24,0.06,0.0,814.6139,361.3824,612.506,359.6106
0.27,0.06,0.0,876.84686,359.17606,673.9719,358.06635
0.0,0.09,0.0,345.30927,437.5576,154.97899,431.01584
0.03,0.09,0.0,401.16705,435.80948,208.18184,429.7732
0.06,0.09,0.0,457.87836,434.0313,262.58472,428.4778
0.09,0.09,0.0,515.59393,432.22318,318.43933,427.28555
0.12,0.09,0.0,574.1748,430.48816,375.5393,426.12717
0.15,0.09,0.0,633.48444,428.67548,433.62378,424.94537
0.18,0.09,0.0,693.5413,426.80463,492.51688,423.8355
0.21,0.09,0.0,754.46924,424.97745,552.40125,422.68805
0.24,0.09,0.0,816.0983,423.0918,613.1319,421.60657
0.27,0.09,0.0,878.3655,421.21466,674.5892,420.4499
0.0,0.12,0.0,346.59204,496.06943,155.25137,489.27167
0.03,0.12,0.0,402.5077,494.75473,208.54889,488.5711
0.06,0.12,0.0,459.155,493.41214,262.85983,487.866
0.09,0.12,0.0,516.90247,492.03995,318.77603,487.17914
0.12,0.12,0.0,575.56244,490.65634,376.02692,486.47556
0.15,0.12,0.0,634.903,489.2595,434.1267,485.75797
0.18,0.12,0.0,694.94934,487.823,493.11517,485.07703
0.21,0.12,0.0,755.8536,486.33044,552.93134,484.36365
0.24,0.12,0.0,817.5388,484.86172,613.76184,483.6711
0.27,0.12,0.0,879.81976,483.36685,675.2194,482.9166
0.0,0.15,0.0,348.03534,554.5292,155.84721,547.518
0.03,0.15,0.0,403.90097,553.6808,209.08464,547.4086
0.06,0.15,0.0,460.55603,552.8188,263.40457,547.316
0.09,0.15,0.0,518.3197,551.8736,319.34363,547.1329
0.12,0.15,0.0,576.93463,550.8541,376.55383,546.8931
0.15,0.15,0.0,636.29474,549.84045,434.68457,546.6426
0.18,0.15,0.0,696.37573,548.80054,493.69193,546.3457
0.21,0.15,0.0,757.22186,547.774,553.52313,546.0821
0.24,0.15,0.0,818.9026,546.63446,614.3607,545.79144
0.27,0.15,0.0,881.2146,545.4809,675.8756,545.5427
0.0,0.18,0.0,349.5805,612.9199,156.70009,605.7024
0.03,0.18,0.0,405.3282,612.566,209.76472,606.22864
0.06,0.18,0.0,462.0467,612.1366,264.2369,606.6777
0.09,0.18,0.0,519.77423,611.6111,320.1005,607.0496
0.12,0.18,0.0,578.2999,611.02356,377.11774,607.3065
0.15,0.18,0.0,637.6565,610.4285,435.255,607.5374
0.18,0.18,0.0,697.76685,609.7606,494.2914,607.71246
0.21,0.18,0.0,758.6283,609.1121,554.1437,607.8836
0.24,0.18,0.0,820.257,608.3917,614.9462,608.0458
0.27,0.18,0.0,882.5083,607.5577,676.5903,608.20105
0.0,0.21,0.0,351.24887,671.1551,157.79373,663.7789
0.03,0.21,0.0,406.8673,671.30927,210.77182,664.95703
0.06,0.21,0.0,463.65674,671.3074,265.26755,665.958
0.09,0.21,0.0,521.286,671.20776,320.99622,666.8812
0.12,0.21,0.0,579.70447,671.1164,377.82855,667.7261
0.15,0.21,0.0,639.0591,670.8628,435.934,668.41547
0.18,0.21,0.0,699.13776,670.6185,494.9624,669.0437
0.21,0.21,0.0,759.9716,670.3646,554.8021,669.7175
0.24,0.21,0.0,821.5566,669.96326,615.60565,670.3013
0.27,0.21,0.0,883.71466,669.4459,677.2358,670.9008
0.0,0.24,0.0,353.04318,729.13763,159.08919,721.61334
0.03,0.24,0.0,408.5893,729.8121,211.97,723.4
0.06,0.24,0.0,465.34818,730.2338,266.49536,724.9565
0.09,0.24,0.0,522.8186,730.667,322.01468,726.4989
0.12,0.24,0.0,581.0927,731.03125,378.6198,727.9606
0.15,0.24,0.0,640.45636,731.15204,436.74124,729.1234
0.18,0.24,0.0,700.5148,731.2861,495.71344,730.28815
0.21,0.24,0.0,761.2483,731.3996,555.4735,731.43787
0.24,0.24,0.0,822.7288,731.2851,616.27014,732.4777
0.27,0.24,0.0,884.7509,731.0632,677.8941,733.4767
0.0,0.27,0.0,355.0007,786.7613,160.69394,779.1058
0.03,0.27,0.0,410.51566,787.8849,213.52736,781.45264
0.06,0.27,0.0,467.12692,788.7609,267.94946,783.5897
0.09,0.27,0.0,524.49335,789.6687,323.32776,785.72
0.12,0.27,0.0,582.547,790.6439,379.60446,787.90466
0.15,0.27,0.0,641.85345,791.0891,437.63684,789.5558
0.18,0.27,0.0,701.80035,791.5684,496.52234,791.2111
0.21,0.27,0.0,762.3915,792.0857,556.12994,792.9633
0.24,0.27,0.0,823.76306,792.13257,616.9892,794.2929
0.27,0.27,0.0,885.55676,792.233,678.4933,795.8079
0.0,0.0,0.0,328.76266,246.55397,133.68762,241.61478
0.03,0.0,0.0,390.43823,246.88846,194.3004,242.02335
0.06,0.0,0.0,451.8595,247.45685,255.1776,242.69118
0.09,0.0,0.0,512.8836,248.11978,316.14206,243.58246
0.12,0.0,0.0,573.36206,248.90657,377.0625,244.70479
0.15,0.0,0.0,633.217,249.7923,437.6655,246.03708
0.18,0.0,0.0,692.40826,250.72049,497.85455,247.47125
0.21,0.0,0.0,750.8656,251.71082,557.48444,248.9771
0.24,0.0,0.0,808.5806,252.7733,616.5099,250.5454
0.27,0.0,0.0,865.4721,253.95132,674.91254,252.1299
0.0,0.03,0.0,328.64398,307.661,132.06253,302.0443
0.03,0.03,0.0,390.52295,307.83975,192.91418,302.4455
0.06,0.03,0.0,452.09775,308.17294,254.01164,303.02707
0.09,0.03,0.0,513.23816,308.60596,315.23837,303.83206
0.12,0.03,0.0,573.79724,309.14368,376.3496,304.7689
0.15,0.03,0.0,633.71136,309.67566,437.12766,305.87213
0.18,0.03,0.0,692.9665,310.2717,497.41678,307.0361
0.21,0.03,0.0,751.4979,310.8544,557.16736,308.28568
0.24,0.03,0.0,809.3,311.50314,616.22845,309.56494
0.27,0.03,0.0,866.2741,312.22516,674.70654,310.87173
0.0,0.06,0.0,328.7327,369.1024,130.75644,362.91266
0.03,0.06,0.0,390.74353,369.08533,191.76987,363.24405
0.06,0.06,0.0,452.44537,369.16357,253.10898,363.74557
0.09,0.06,0.0,513.66406,369.3395,314.5056,364.3889
0.12,0.06,0.0,574.27637,369.53403,375.77045,365.12656
0.15,0.06,0.0,634.2219,369.73822,436.6665,365.9481
0.18,0.06,0.0,693.5013,369.9582,497.05856,366.85303
0.21,0.06,0.0,752.08923,370.18253,556.84894,367.78125
0.24,0.06,0.0,809.9429,370.43832,615.9956,368.72464
0.27,0.06,0.0,866.97986,370.73862,674.4427,369.6661
0.0,0.09,0.0,329.0126,430.6921,129.77557,424.05222
0.03,0.09,0.0,391.1159,430.4875,191.01129,424.3624
0.06,0.09,0.0,452.88177,430.28348,252.39946,424.69528
0.09,0.09,0.0,514.15594,430.14664,313.92517,425.1442
0.12,0.09,0.0,574.75916,430.00174,375.27747,425.63748
0.15,0.09,0.0,634.73517,429.8939,436.2813,426.19843
0.18,0.09,0.0,694.0592,429.71756,496.763,426.76242
0.21,0.09,0.0,752.6872,429.5979,556.58606,427.3685
0.24,0.09,0.0,810.5014,429.48346,615.7196,427.98514
0.27,0.09,0.0,867.6131,429.3581,674.2346,428.56177
0.0,0.12,0.0,329.4888,492.41953,129.19942,485.39462
0.03,0.12,0.0,391.62836,491.93558,190.51591,485.6269
0.06,0.12,0.0,453.4246,491.44907,251.89043,485.80493
0.09,0.12,0.0,514.6768,490.9785,313.5311,486.07184
0.12,0.12,0.0,575.2922,490.49365,374.8987,486.27707
0.15,0.12,0.0,635.2374,490.01315,435.9287,486.52164
0.18,0.12,0.0,694.60126,489.52283,496.4644,486.76685
0.21,0.12,0.0,753.22925,489.0179,556.3494,487.0201
0.24,0.12,0.0,810.9872,488.53546,615.4585,487.29016
0.27,0.12,0.0,868.1736,488.03284,674.0089,487.54767
0.0,0.15,0.0,330.1393,554.14966,128.96834,546.78455
0.03,0.15,0.0,392.2302,553.40533,190.2067,546.932
0.06,0.15,0.0,453.96124,552.6441,251.58617,547.01294
0.09,0.15,0.0,515.2221,551.82684,313.19864,547.02954
0.12,0.15,0.0,575.82446,550.9777,374.6277,547.0076
0.15,0.15,0.0,635.7584,550.1528,435.65045,546.9147
0.18,0.15,0.0,695.083,549.32587,496.16312,546.84863
0.21,0.15,0.0,753.7579,548.4726,556.0832,546.7542
0.24,0.15,0.0,811.5212,547.597,615.2453,546.65784
0.27,0.15,0.0,868.62494,546.73706,673.8009,546.59985
0.0,0.18,0.0,330.93835,615.7361,129.07063,608.0924
0.03,0.18,0.0,392.90848,614.7628,190.1615,608.2046
0.06,0.18,0.0,454.6114,613.7326,251.55139,608.1519
0.09,0.18,0.0,515.7845,612.6029,313.08524,607.98846
0.12,0.18,0.0,576.3979,611.4372,374.4102,607.71
0.15,0.18,0.0,636.3003,610.2491,435.39703,607.3604
0.18,0.18,0.0,695.57874,609.0703,495.8779,606.9571
0.21,0.18,0.0,754.2032,607.87506,555.7884,606.5692
0.24,0.18,0.0,812.02234,606.6458,615.03125,606.1315
0.27,0.18,0.0,868.96704,605.33636,673.58954,605.7339
0.0,0.21,0.0,331.94513,677.1162,129.52303,669.24744
0.03,0.21,0.0,393.74866,675.9704,190.46663,669.29706
0.06,0.21,0.0,455.32626,674.6419,251.73398,669.09875
0.09,0.21,0.0,516.45844,673.2649,313.08884,668.7806
0.12,0.21,0.0,576.98566,671.8053,374.31564,668.3282
0.15,0.21,0.0,636.8721,670.2472,435.23703,667.7202
0.18,0.21,0.0,696.0777,668.67883,495.6741,667.04114
0.21,0.21,0.0,754.6684,667.1559,555.5721,666.353
0.24,0.21,0.0,812.4092,665.53033,614.82007,665.60815
0.27,0.21,0.0,869.3341,663.8423,673.3847,664.85925
0.0,0.24,0.0,333.1115,738.19934,130.27435,730.107
0.03,0.24,0.0,394.79584,736.87134,191.05241,730.113
0.06,0.24,0.0,456.18582,735.29156,252.17352,729.8112
0.09,0.24,0.0,517.147,733.64374,313.30753,729.3908
0.12,0.24,0.0,577.62335,731.9975,374.37936,728.84326
0.15,0.24,0.0,637.4296,730.0564,435.17892,727.9495
0.18,0.24,0.0,696.53894,728.12805,495.5287,727.0084
0.21,0.24,0.0,755.0869,726.2533,555.3916,726.0997
0.24,0.24,0.0,812.7161,724.2039,614.5886,725.01886
0.27,0.24,0.0,869.52893,722.0604,673.14795,723.9799
0.0,0.27,0.0,334.56625,798.80347,131.39024,790.4895
0.03,0.27,0.0,395.9838,797.3074,191.97807,790.44775
0.06,0.27,0.0,457.16586,795.48486,252.89774,790.0372
0.09,0.27,0.0,517.9587,793.6119,313.80865,789.5531
0.12,0.27,0.0,578.36017,791.85175,374.62625,789.01
0.15,0.27,0.0,637.98004,789.5194,435.27332,787.88666
0.18,0.27,0.0,696.9906,787.2686,495.50116,786.70776
0.21,0.27,0.0,755.4973,785.0653,555.29913,785.6253
0.24,0.27,0.0,812.87854,782.4712,614.38025,784.1232
0.27,0.27,0.0,869.5911,779.9521,672.93506,782.7779
0.0,0.0,0.0,340.42078,262.82202,153.51208,257.73843
0.03,0.0,0.0,398.31378,261.42972,209.5457,256.46634
0.06,0.0,0.0,456.56375,260.21524,266.44107,255.42079
0.09,0.0,0.0,515.0891,259.06915,323.9918,254.5097
0.12,0.0,0.0,573.8376,258.03485,382.17554,253.83945
0.15,0.0,0.0,632.62494,257.10004,440.71503,253.30179
0.18,0.0,0.0,691.4647,256.21335,499.51794,252.89113
0.21,0.0,0.0,750.2596,255.35132,558.405,252.54092
0.24,0.0,0.0,808.9144,254.66081,617.4298,252.27051
0.27,0.0,0.0,867.41534,253.97081,676.5093,252.0438
0.0,0.03,0.0,339.18063,319.62836,150.07216,313.97684
0.03,0.03,0.0,397.49103,318.38626,206.56042,312.977
0.06,0.03,0.0,456.16528,317.26703,263.9219,312.15018
0.09,0.03,0.0,515.131,316.23285,321.98538,311.45886
0.12,0.03,0.0,574.26245,315.26767,380.57834,310.9614
0.15,0.03,0.0,633.4099,314.3572,439.5421,310.53815
0.18,0.03,0.0,692.5645,313.4183,498.75027,310.19977
0.21,0.03,0.0,751.73987,312.5461,558.0501,309.9403
0.24,0.03,0.0,810.80035,311.72357,617.4459,309.6771
0.27,0.03,0.0,869.7297,310.95804,676.8813,309.46884
0.0,0.06,0.0,338.0553,377.26443,146.84958,371.13068
0.03,0.06,0.0,396.77588,376.1602,203.75209,370.4278
0.06,0.06,0.0,455.90198,375.16217,261.5258,369.758
0.09,0.06,0.0,515.22406,374.18463,320.02823,369.2832
0.12,0.06,0.0,574.6883,373.2833,379.0544,368.87592
0.15,0.06,0.0,634.16547,372.36267,438.45114,368.5551
0.18,0.06,0.0,693.69385,371.3913,498.04495,368.28043
0.21,0.06,0.0,753.2069,370.47256,557.7265,368.05823
0.24,0.06,0.0,812.6633,369.61096,617.4594,367.85117
0.27,0.06,0.0,871.9401,368.75732,677.23584,367.63785
0.0,0.09,0.0,337.07217,435.6449,143.83678,429.12222
0.03,0.09,0.0,396.22382,434.7122,201.20572,428.65027
0.06,0.09,0.0,455.6437,433.70218,259.2876,428.18616
0.09,0.09,0.0,515.35834,432.7967,318.21463,427.85663
0.12,0.09,0.0,575.1572,431.93274,377.66617,427.59842
0.15,0.09,0.0,634.976,431.01825,437.43945,427.36414
0.18,0.09,0.0,694.81934,430.04352,497.3638,427.09488
0.21,0.09,0.0,754.66125,429.09192,557.38495,426.86218
0.24,0.09,0.0,814.4414,428.22296,617.47266,426.71637
0.27,0.09,0.0,874.109,427.25742,677.5461,426.4814
0.0,0.12,0.0,336.24857,494.7277,141.16791,487.8074
0.03,0.12,0.0,395.77194,493.91312,198.8725,487.67883
0.06,0.12,0.0,455.47552,492.94498,257.19684,487.377
0.09,0.12,0.0,515.51416,492.06204,316.45526,487.18335
0.12,0.12,0.0,575.66016,491.24942,376.33768,487.06003
0.15,0.12,0.0,635.78,490.33658,436.42603,486.8631
0.18,0.12,0.0,695.95215,489.34335,496.6881,486.62277
0.21,0.12,0.0,756.11566,488.36295,557.06,486.37347
0.24,0.12,0.0,816.2047,487.47717,617.5049,486.2688
0.27,0.12,0.0,876.21075,486.45374,677.9208,486.0033
0.0,0.15,0.0,335.6305,554.4399,138.77379,547.1942
0.03,0.15,0.0,395.37772,553.7169,196.70592,547.3311
0.06,0.15,0.0,455.4048,552.8468,255.31409,547.2529
0.09,0.15,0.0,515.71735,551.9953,314.87646,547.22327
0.12,0.15,0.0,576.1729,551.1447,375.0451,547.1628
0.15,0.15,0.0,636.6024,550.2432,435.4487,547.0241
0.18,0.15,0.0,697.1177,549.27325,496.03934,546.8319
0.21,0.15,0.0,757.6037,548.28064,556.7681,546.60864
0.24,0.15,0.0,817.97217,547.3422,617.52264,546.49164
0.27,0.15,0.0,878.2587,546.30084,678.32074,546.2968
0.0,0.18,0.0,335.12708,614.67285,136.69757,607.13983
0.03,0.18,0.0,395.05664,614.0738,194.74165,607.5318
0.06,0.18,0.0,455.4091,613.312,253.67792,607.7679
0.09,0.18,0.0,515.9869,612.52203,313.4814,607.8966
0.12,0.18,0.0,576.6893,611.6685,373.7921,607.9172
0.15,0.18,0.0,637.4561,610.7515,434.4861,607.87384
0.18,0.18,0.0,698.2362,609.79565,495.41544,607.7731
0.21,0.18,0.0,759.0249,608.83484,556.4462,607.61847
0.24,0.18,0.0,819.71216,607.79144,617.55365,607.44684
0.27,0.18,0.0,880.2291,606.7106,678.6981,607.2909
0.0,0.21,0.0,334.78574,675.34033,134.8983,667.50256
0.03,0.21,0.0,394.9181,674.8736,193.05846,668.175
0.06,0.21,0.0,455.49692,674.26636,252.27232,668.72644
0.09,0.21,0.0,516.31433,673.5231,312.1692,669.0576
0.12,0.21,0.0,577.2387,672.6758,372.66705,669.24164
0.15,0.21,0.0,638.31,671.8002,433.61667,669.3411
0.18,0.21,0.0,699.3865,670.8717,494.82877,669.29626
0.21,0.21,0.0,760.4467,669.83844,556.1698,669.21594
0.24,0.21,0.0,821.39777,668.7743,617.61426,669.1044
0.27,0.21,0.0,882.1437,667.57733,679.1077,668.9685
0.0,0.24,0.0,334.60892,736.32855,133.40031,728.18695
0.03,0.24,0.0,394.87952,736.0439,191.69957,729.2193
0.06,0.24,0.0,455.6992,735.60864,251.08691,730.0271
0.09,0.24,0.0,516.6876,734.9811,311.06836,730.6353
0.12,0.24,0.0,577.83234,734.2371,371.70096,731.05
0.15,0.24,0.0,639.16406,733.3687,432.84918,731.28876
0.18,0.24,0.0,700.5145,732.41327,494.33066,731.3996
0.21,0.24,0.0,761.8153,731.3594,555.92285,731.42914
0.24,0.24,0.0,822.98706,730.1731,617.67957,731.31946
0.27,0.24,0.0,883.93146,728.8266,679.47595,731.2003
0.0,0.27,0.0,334.66226,797.4791,132.2707,789.0459
0.03,0.27,0.0,395.12216,797.4407,190.66751,790.4421
0.06,0.27,0.0,456.05045,797.1184,250.18797,791.52545
0.09,0.27,0.0,517.21423,796.63544,310.2643,792.4646
0.12,0.27,0.0,578.50354,796.0874,370.83646,793.19214
0.15,0.27,0.0,640.0945,795.18933,432.2856,793.5967
0.18,0.27,0.0,701.60156,794.1986,493.93372,793.82635
0.21,0.27,0.0,763.13513,793.1174,555.7162,794.0023
0.24,0.27,0.0,824.4349,791.7524,617.7638,793.9236
0.27,0.27,0.0,885.54675,790.31506,679.83075,793.84015
0.0,0.0,0.0,325.20288,251.20761,130.54034,246.3121
0.03,0.0,0.0,385.66183,249.52881,188.81276,244.71353
0.06,0.0,0.0,446.65057,248.06624,248.11267,243.32347
0.09,0.0,0.0,507.9682,246.72136,308.2504,242.21112
0.12,0.0,0.0,569.5359,245.51613,369.07727,241.28436
0.15,0.0,0.0,631.253,244.40132,430.4127,240.57066
0.18,0.0,0.0,692.98047,243.3703,492.05322,240.01465
0.21,0.0,0.0,754.7027,242.41008,553.9212,239.55696
0.24,0.0,0.0,816.3603,241.6136,615.91846,239.20732
0.27,0.0,0.0,877.79376,240.92627,678.0175,238.94008
0.0,0.03,0.0,327.20847,312.5797,131.89719,307.01065
0.03,0.03,0.0,387.60013,311.1374,190.17915,305.7529
0.06,0.03,0.0,448.40927,309.85748,249.40297,304.71634
0.09,0.03,0.0,509.5387,308.64236,309.52545,303.88022
0.12,0.03,0.0,570.8916,307.5348,370.22714,303.18427
0.15,0.03,0.0,632.327,306.47046,431.4268,302.6337
0.18,0.03,0.0,693.8324,305.43872,492.87607,302.1755
0.21,0.03,0.0,755.35535,304.4694,554.5053,301.8406
0.24,0.03,0.0,816.7887,303.56015,616.24445,301.5499
0.27,0.03,0.0,878.0605,302.78717,678.07367,301.28564
0.0,0.06,0.0,329.4404,373.6802,133.66878,367.5415
0.03,0.06,0.0,389.60678,372.4197,191.84164,366.63815
0.06,0.06,0.0,450.28354,371.26065,250.95644,365.8617
0.09,0.06,0.0,511.18503,370.15973,310.94107,365.23044
0.12,0.06,0.0,572.257,369.1233,371.48242,364.73846
0.15,0.06,0.0,633.4381,368.09995,432.4939,364.3029
0.18,0.06,0.0,694.66925,367.08688,493.7482,363.9708
0.21,0.06,0.0,755.876,366.11502,555.122,363.692
0.24,0.06,0.0,817.07916,365.1689,616.5888,363.46207
0.27,0.06,0.0,878.1332,364.28595,678.0979,363.1796
0.0,0.09,0.0,331.7962,434.30847,135.69142,427.73474
0.03,0.09,0.0,391.8196,433.21237,193.82309,427.14334
0.06,0.09,0.0,452.1963,432.19095,252.72789,426.64896
0.09,0.09,0.0,512.8511,431.15897,312.53748,426.226
0.12,0.09,0.0,573.6914,430.14,372.907,425.8085
0.15,0.09,0.0,634.56085,429.15414,433.6796,425.46597
0.18,0.09,0.0,695.4585,428.18173,494.65497,425.23062
0.21,0.09,0.0,756.3999,427.20264,555.74896,424.97827
0.24,0.09,0.0,817.30505,426.20786,616.9115,424.74216
0.27,0.09,0.0,878.1183,425.28668,678.14136,424.55182
0.0,0.12,0.0,334.34177,494.43387,138.10086,487.47797
0.03,0.12,0.0,394.15927,493.4354,196.05174,487.1519
0.06,0.12,0.0,454.1835,492.56247,254.65242,486.95706
0.09,0.12,0.0,514.5616,491.5888,314.22318,486.68802
0.12,0.12,0.0,575.10364,490.5495,374.4132,486.34857
0.15,0.12,0.0,635.6269,489.5734,434.8838,486.11655
0.18,0.12,0.0,696.2769,488.65533,495.60483,485.9162
0.21,0.12,0.0,756.9123,487.72797,556.39087,485.72775
0.24,0.12,0.0,817.4728,486.67172,617.2833,485.46808
0.27,0.12,0.0,877.98346,485.73105,678.2014,485.33377
0.0,0.15,0.0,337.04733,553.9069,140.83516,546.71704
0.03,0.15,0.0,396.48746,553.03577,198.47046,546.67334
0.06,0.15,0.0,456.2103,552.28265,256.81943,546.69415
0.09,0.15,0.0,516.30334,551.3531,316.0504,546.581
0.12,0.15,0.0,576.4645,550.36066,375.94284,546.37683
0.15,0.15,0.0,636.7342,549.4071,436.16672,546.2079
0.18,0.15,0.0,697.03107,548.5005,496.52084,546.0316
0.21,0.15,0.0,757.35535,547.601,556.99677,545.92126
0.24,0.15,0.0,817.6091,546.5584,617.6377,545.67096
0.27,0.15,0.0,877.803,545.5598,678.2447,545.53253
0.0,0.18,0.0,339.87494,612.70074,143.84473,605.23535
0.03,0.18,0.0,398.90247,612.02563,201.0743,605.55304
0.06,0.18,0.0,458.33356,611.2806,259.17337,605.75024
0.09,0.18,0.0,518.06146,610.4212,318.105,605.8009
0.12,0.18,0.0,577.887,609.5328,377.5366,605.7886
0.15,0.18,0.0,637.8107,608.59094,437.4206,605.6909
0.18,0.18,0.0,697.7832,607.6978,497.48904,605.5924
0.21,0.18,0.0,757.7934,606.81116,557.6639,605.5254
0.24,0.18,0.0,817.71423,605.80066,617.97925,605.36053
0.27,0.18,0.0,877.5042,604.72095,678.33264,605.219
0.0,0.21,0.0,342.7856,670.7348,147.0588,663.10925
0.03,0.21,0.0,401.41064,670.23584,203.89285,663.6913
0.06,0.21,0.0,460.49744,669.53467,261.68542,664.03973
0.09,0.21,0.0,519.8432,668.7586,320.2642,664.31683
0.12,0.21,0.0,579.30505,668.05444,379.23953,664.56116
0.15,0.21,0.0,638.878,667.093,438.71967,664.54376
0.18,0.21,0.0,698.5233,666.17535,498.47638,664.499
0.21,0.21,0.0,758.1787,665.28564,558.3417,664.4735
0.24,0.21,0.0,817.7589,664.28864,618.3491,664.40344
0.27,0.21,0.0,877.1513,663.1407,678.39014,664.2754
0.0,0.24,0.0,345.80194,727.9747,150.49017,720.1727
0.03,0.24,0.0,404.02097,727.6415,206.97633,721.05414
0.06,0.24,0.0,462.76633,726.9897,264.42044,721.575
0.09,0.24,0.0,521.6491,726.3988,322.4604,722.1079
0.12,0.24,0.0,580.7077,725.84674,381.00766,722.62366
0.15,0.24,0.0,639.9667,724.85986,440.15414,722.64923
0.18,0.24,0.0,699.2407,723.94,499.536,722.69324
0.21,0.24,0.0,758.53314,723.07086,559.03766,722.86847
0.24,0.24,0.0,817.68695,721.9623,618.69006,722.75085
0.27,0.24,0.0,876.70447,720.7595,678.46356,722.68555
0.0,0.27,0.0,348.97525,784.3293,154.1616,776.39276
0.03,0.27,0.0,406.77393,784.10596,210.27232,777.45264
0.06,0.27,0.0,465.07126,783.51904,267.36713,778.1645
0.09,0.27,0.0,523.5541,783.02686,324.93958,778.9198
0.12,0.27,0.0,582.16425,782.7595,382.8949,779.8329
0.15,0.27,0.0,641.05115,781.6993,441.6624,779.93005
0.18,0.27,0.0,699.9199,780.77576,500.66885,780.08417
0.21,0.27,0.0,758.81335,780.0131,559.757,780.4538
0.24,0.27,0.0,817.4962,778.6255,619.08606,780.23846
0.27,0.27,0.0,876.1009,777.42786,678.4583,780.3078
0.0,0.0,0.0,470.88318,140.65172,274.65225,136.76672
0.03,0.0,0.0,532.08887,141.75826,335.84177,137.90756
0.06,0.0,0.0,592.7853,143.1021,396.86456,139.31326
0.09,0.0,0.0,652.8382,144.55286,457.64423,140.95859
0.12,0.0,0.0,712.24207,146.18875,518.0182,142.83746
0.15,0.0,0.0,770.8462,147.94159,577.87555,144.88805
0.18,0.0,0.0,828.58673,149.86151,637.1155,147.04301
0.21,0.0,0.0,885.4148,151.90141,695.7097,149.29031
0.24,0.0,0.0,941.2204,154.17287,753.5788,151.65288
0.27,0.0,0.0,995.8906,156.59595,810.71136,154.14668
0.0,0.03,0.0,470.88608,201.14134,273.0961,196.77922
0.03,0.03,0.0,532.3248,202.05768,334.57538,197.82802
0.06,0.03,0.0,593.1486,203.10452,395.89877,199.11801
0.09,0.03,0.0,653.39233,204.26385,456.9113,200.62962
0.12,0.03,0.0,712.9084,205.52986,517.4848,202.2957
0.15,0.03,0.0,771.65063,206.88675,577.4764,204.07228
0.18,0.03,0.0,829.5728,208.31746,636.889,205.91747
0.21,0.03,0.0,886.58685,209.87738,695.5676,207.83647
0.24,0.03,0.0,942.60675,211.60945,753.5814,209.81764
0.27,0.03,0.0,997.48193,213.50832,810.86865,211.8504
0.0,0.06,0.0,471.08014,262.19092,271.7886,257.37976
0.03,0.06,0.0,532.6249,262.88165,333.5309,258.34985
0.06,0.06,0.0,593.601,263.61053,395.11032,259.50092
0.09,0.06,0.0,653.9172,264.4441,456.29248,260.80975
0.12,0.06,0.0,713.5271,265.35837,517.01044,262.21796
0.15,0.06,0.0,772.3536,266.27185,577.11066,263.71548
0.18,0.06,0.0,830.4167,267.24802,636.618,265.23724
0.21,0.06,0.0,887.57544,268.34662,695.41406,266.7893
0.24,0.06,0.0,943.74817,269.58078,753.5111,268.40582
0.27,0.06,0.0,998.8159,270.94937,810.9224,270.03537
0.0,0.09,0.0,471.35556,323.57968,270.7369,318.4515
0.03,0.09,0.0,533.0162,324.0228,332.71567,319.28946
0.06,0.09,0.0,594.09283,324.4102,394.4563,320.19714
0.09,0.09,0.0,654.4498,324.9137,455.81345,321.28024
0.12,0.09,0.0,714.06366,325.43417,516.6252,322.44193
0.15,0.09,0.0,772.9729,325.988,576.7883,323.6423
0.18,0.09,0.0,831.2006,326.51178,636.3686,324.83237
0.21,0.09,0.0,888.4902,327.14337,695.2545,325.99905
0.24,0.09,0.0,944.6788,327.9012,753.3492,327.27524
0.27,0.09,0.0,999.9394,328.71124,810.896,328.4761
0.0,0.12,0.0,471.76944,385.2292,269.92374,379.89526
0.03,0.12,0.0,533.48596,385.35712,332.08218,380.54807
0.06,0.12,0.0,594.62463,385.43808,393.95807,381.1918
0.09,0.12,0.0,654.989,385.54196,455.44376,381.98953
0.12,0.12,0.0,714.62744,385.70193,516.3025,382.8431
0.15,0.12,0.0,773.5185,385.8385,576.5165,383.71054
0.18,0.12,0.0,831.83527,385.96298,636.13544,384.55246
0.21,0.12,0.0,889.2709,386.16125,695.098,385.3816
0.24,0.12,0.0,945.4591,386.4483,753.17426,386.30368
0.27,0.12,0.0,1000.87317,386.75824,810.78516,387.16
0.0,0.15,0.0,472.25903,446.96222,269.34924,441.539
0.03,0.15,0.0,533.9771,446.7175,331.58942,441.9245
0.06,0.15,0.0,595.13776,446.46777,393.5482,442.3602
0.09,0.15,0.0,655.5387,446.2192,455.08105,442.82654
0.12,0.15,0.0,715.1465,446.01172,516.00134,443.33337
0.15,0.15,0.0,774.0969,445.76468,576.2666,443.89438
0.18,0.15,0.0,832.3762,445.5309,635.86646,444.3746
0.21,0.15,0.0,889.89636,445.30905,694.8396,444.85062
0.24,0.15,0.0,946.16455,445.1439,753.0195,445.40164
0.27,0.15,0.0,1001.5297,444.95013,810.6358,445.93262
0.0,0.18,0.0,472.8016,508.70197,268.995,503.3438
0.03,0.18,0.0,534.5682,508.0889,331.1635,503.44638
0.06,0.18,0.0,595.64325,507.53812,393.19595,503.57672
0.09,0.18,0.0,656.0307,506.94754,454.76202,503.7667
0.12,0.18,0.0,715.6845,506.32327,515.6944,503.93536
0.15,0.18,0.0,774.61615,505.7231,575.9746,504.05524
0.18,0.18,0.0,832.8952,505.09988,635.61536,504.21762
0.21,0.18,0.0,890.3341,504.48553,694.599,504.415
0.24,0.18,0.0,946.7756,503.85828,752.8643,504.58667
0.27,0.18,0.0,1002.0243,503.22296,810.43665,504.76675
0.0,0.21,0.0,473.38803,570.4298,268.71973,565.1413
0.03,0.21,0.0,535.13,569.4693,330.9214,565.04083
0.06,0.21,0.0,596.17883,568.5521,392.92258,564.8867
0.09,0.21,0.0,656.53015,567.57,454.45242,564.7545
0.12,0.21,0.0,716.25696,566.61456,515.4615,564.55756
0.15,0.21,0.0,775.1507,565.63666,575.74365,564.34357
0.18,0.21,0.0,833.3268,564.6281,635.3733,564.1326
0.21,0.21,0.0,890.76276,563.6219,694.3853,563.9854
0.24,0.21,0.0,947.14825,562.54736,752.6954,563.843
0.27,0.21,0.0,1002.4355,561.48975,810.28766,563.68463
0.0,0.24,0.0,474.03958,632.1308,268.65964,626.89667
0.03,0.24,0.0,535.7196,630.8464,330.78455,626.6083
0.06,0.24,0.0,596.70953,629.5146,392.7417,626.1746
0.09,0.24,0.0,657.0752,628.1868,454.22223,625.71436
0.12,0.24,0.0,716.83826,626.91235,515.19855,625.2615
0.15,0.24,0.0,775.625,625.5021,575.50476,624.6654
0.18,0.24,0.0,833.7227,624.12006,635.1523,624.13824
0.21,0.24,0.0,891.13873,622.70044,694.19165,623.6841
0.24,0.24,0.0,947.39966,621.2082,752.46893,623.1395
0.27,0.24,0.0,1002.61444,619.60583,810.0922,622.6265
0.0,0.27,0.0,474.80063,693.6401,268.7877,688.51227
0.03,0.27,0.0,536.37805,692.04236,330.8402,688.0196
0.06,0.27,0.0,597.2682,690.2894,392.6569,687.3256
0.09,0.27,0.0,657.57,688.6429,454.0562,686.61194
0.12,0.27,0.0,717.364,687.0923,515.0387,685.9708
0.15,0.27,0.0,776.0368,685.23645,575.2839,685.0013
0.18,0.27,0.0,834.0711,683.40076,634.9249,684.1321
0.21,0.27,0.0,891.4643,681.6329,694.0546,683.35785
0.24,0.27,0.0,947.45465,679.5183,752.2106,682.38245
0.27,0.27,0.0,1002.65564,677.4884,809.849,681.4907
0.0,0.0,0.0,475.56775,161.90253,287.87317,157.9172
0.03,0.0,0.0,533.80945,160.67595,345.15997,156.72058
0.06,0.0,0.0,592.18365,159.5898,402.89667,155.79208
0.09,0.0,0.0,650.6204,158.61534,461.05704,155.0489
0.12,0.0,0.0,709.0937,157.84995,519.46985,154.52165
0.15,0.0,0.0,767.48083,157.19774,578.0913,154.11258
0.18,0.0,0.0,825.6468,156.7076,636.7653,153.83818
0.21,0.0,0.0,883.56433,156.3734,695.44763,153.6519
0.24,0.0,0.0,941.0759,156.29854,754.14435,153.63914
0.27,0.0,0.0,998.05426,156.46605,812.7081,153.73364
0.0,0.03,0.0,475.11948,217.71823,285.1439,213.2958
0.03,0.03,0.0,533.812,216.56644,342.9696,212.35342
0.06,0.03,0.0,592.6446,215.55226,401.2274,211.58751
0.09,0.03,0.0,651.4933,214.60028,459.88437,211.01205
0.12,0.03,0.0,710.39185,213.79623,518.7509,210.55127
0.15,0.03,0.0,769.2216,213.03616,577.7959,210.22311
0.18,0.03,0.0,827.88007,212.42296,636.879,209.9599
0.21,0.03,0.0,886.248,211.9718,696.01154,209.81042
0.24,0.03,0.0,944.2718,211.67314,755.1352,209.6949
0.27,0.03,0.0,1001.7894,211.62279,814.16656,209.70016
0.0,0.06,0.0,474.78296,274.54044,282.5944,269.7503
0.03,0.06,0.0,533.87646,273.48685,340.88074,268.99246
0.06,0.06,0.0,593.11993,272.47183,399.64816,268.3788
0.09,0.06,0.0,652.38135,271.5624,458.7408,267.9342
0.12,0.06,0.0,711.6596,270.7143,518.0735,267.61237
0.15,0.06,0.0,770.8748,269.9048,577.4856,267.33972
0.18,0.06,0.0,829.98114,269.15656,636.9913,267.0758
0.21,0.06,0.0,888.81006,268.56763,696.5027,266.9014
0.24,0.06,0.0,947.2844,268.10037,756.0434,266.78867
0.27,0.06,0.0,1005.24365,267.8261,815.52075,266.68588
0.0,0.09,0.0,474.51157,332.1948,280.1621,327.09778
0.03,0.09,0.0,534.0434,331.2458,338.98325,326.61203
0.06,0.09,0.0,593.6336,330.232,398.1548,326.05234
0.09,0.09,0.0,653.2928,329.32272,457.71732,325.73026
0.12,0.09,0.0,712.91095,328.50943,517.47723,325.51767
0.15,0.09,0.0,772.489,327.6657,577.2583,325.30133
0.18,0.09,0.0,832.003,326.76282,637.10767,325.0313
0.21,0.09,0.0,891.2991,326.0137,697.0006,324.80002
0.24,0.09,0.0,950.13727,325.47424,756.8782,324.70898
0.27,0.09,0.0,1008.5589,324.8813,816.77277,324.5258
0.0,0.12,0.0,474.38248,390.66272,277.9839,385.40088
0.03,0.12,0.0,534.28595,389.798,337.25546,385.04767
0.06,0.12,0.0,594.2238,388.75424,396.7834,384.5692
0.09,0.12,0.0,654.19794,387.88116,456.7317,384.33673
0.12,0.12,0.0,714.1483,387.0346,516.91254,384.20645
0.15,0.12,0.0,774.0749,386.16068,577.0656,384.0061
0.18,0.12,0.0,833.9687,385.18826,637.2571,383.73642
0.21,0.12,0.0,893.69403,384.2804,697.5057,383.48334
0.24,0.12,0.0,952.8793,383.63516,757.71594,383.44147
0.27,0.12,0.0,1011.70746,382.87155,818.00244,383.19275
0.0,0.15,0.0,474.30057,449.85345,275.9501,444.52615
0.03,0.15,0.0,534.5561,448.98578,335.56796,444.26724
0.06,0.15,0.0,594.8011,447.97598,395.49652,443.92282
0.09,0.15,0.0,655.10095,447.09457,455.8397,443.69693
0.12,0.15,0.0,715.4008,446.22476,516.3499,443.56766
0.15,0.15,0.0,775.64874,445.3204,576.848,443.3938
0.18,0.15,0.0,835.894,444.32977,637.3961,443.18704
0.21,0.15,0.0,895.96094,443.34473,697.9541,442.91486
0.24,0.15,0.0,955.544,442.52835,758.54504,442.80606
0.27,0.15,0.0,1014.67004,441.65314,819.1757,442.63184
0.0,0.18,0.0,474.28717,509.69647,274.0643,504.3522
0.03,0.18,0.0,534.8424,508.80682,333.94455,504.1675
0.06,0.18,0.0,595.432,507.90247,394.28607,504.0023
0.09,0.18,0.0,656.0492,507.00684,454.98242,503.80475
0.12,0.18,0.0,716.66315,506.0649,515.77905,503.61337
0.15,0.18,0.0,777.23175,505.11484,576.65906,503.46072
0.18,0.18,0.0,837.7466,504.13348,637.5244,503.29123
0.21,0.18,0.0,898.152,503.07718,698.46844,503.09097
0.24,0.18,0.0,958.1064,502.11356,759.4045,502.9396
0.27,0.18,0.0,1017.451,501.0884,820.3717,502.77777
0.0,0.21,0.0,474.29675,570.15125,272.31335,564.8357
0.03,0.21,0.0,535.1653,569.26074,332.4745,564.76825
0.06,0.21,0.0,596.05505,568.37683,393.15692,564.74
0.09,0.21,0.0,656.9665,567.46027,454.12234,564.62115
0.12,0.21,0.0,717.92194,566.49097,515.21106,564.41046
0.15,0.21,0.0,778.79694,565.5342,576.4504,564.2641
0.18,0.21,0.0,839.6098,564.5042,637.6666,564.0886
0.21,0.21,0.0,900.2953,563.45844,698.96405,563.9215
0.24,0.21,0.0,960.518,562.3206,760.24915,563.7957
0.27,0.21,0.0,1020.197,561.1177,821.5802,563.645
0.0,0.24,0.0,474.34244,631.15204,270.6662,625.9072
0.03,0.24,0.0,535.47296,630.342,331.06366,626.0322
0.06,0.24,0.0,596.70294,629.4607,392.0903,626.10565
0.09,0.24,0.0,657.9308,628.53076,453.3074,626.05676
0.12,0.24,0.0,719.19745,627.5242,514.6869,625.89105
0.15,0.24,0.0,780.362,626.5502,576.2354,625.77356
0.18,0.24,0.0,841.4335,625.4869,637.8481,625.6393
0.21,0.24,0.0,902.3604,624.3086,699.4724,625.46814
0.24,0.24,0.0,962.7679,623.0614,761.1232,625.3918
0.27,0.24,0.0,1022.63513,621.6519,822.7492,625.1516
0.0,0.27,0.0,474.4633,692.6478,269.17892,687.4366
0.03,0.27,0.0,535.8882,691.9,329.8493,687.779
0.06,0.27,0.0,597.39923,691.04736,391.139,687.9837
0.09,0.27,0.0,658.88367,690.1141,452.56332,688.07324
0.12,0.27,0.0,720.44543,689.10406,514.13995,688.04205
0.15,0.27,0.0,781.85876,688.06903,576.07245,687.9409
0.18,0.27,0.0,843.1409,686.91974,638.01556,687.8371
0.21,0.27,0.0,904.3365,685.59875,700.0023,687.67706
0.24,0.27,0.0,964.82196,684.15576,761.9125,687.4902
0.27,0.27,0.0,1024.9192,682.5291,823.82715,687.2408
0.0,0.0,0.0,466.75967,145.56387,271.001,141.72066
0.03,0.0,0.0,527.74036,144.04369,330.79062,140.20264
0.06,0.0,0.0,588.86975,142.74794,391.16476,138.97063
0.09,0.0,0.0,650.14056,141.57744,452.00778,137.94511
0.12,0.0,0.0,711.437,140.61345,513.2517,137.20656
0.15,0.0,0.0,772.66437,139.84515,574.6981,136.61368
0.18,0.0,0.0,833.72705,139.29108,636.2798,136.21246
0.21,0.0,0.0,894.4518,138.93234,697.91437,135.965
0.24,0.0,0.0,954.73035,138.89491,759.48645,135.865
0.27,0.0,0.0,1014.3847,139.15881,821.0062,136.00723
0.0,0.03,0.0,468.247,206.9008,271.78616,202.54977
0.03,0.03,0.0,529.063,205.53325,331.5627,201.3535
0.06,0.03,0.0,590.049,204.30812,391.9309,200.35916
0.09,0.03,0.0,651.15735,203.20773,452.70596,199.58107
0.12,0.03,0.0,712.3016,202.25633,513.80133,198.9752
0.15,0.03,0.0,773.38916,201.40459,575.1088,198.50372
0.18,0.03,0.0,834.32855,200.686,636.5139,198.13788
0.21,0.03,0.0,894.9891,200.1766,697.9589,197.89226
0.24,0.03,0.0,955.23126,199.90836,759.3745,197.74626
0.27,0.03,0.0,1014.8575,199.87202,820.84393,197.75893
0.0,0.06,0.0,469.8055,268.1704,272.86142,263.39807
0.03,0.06,0.0,530.47174,266.95612,332.56668,262.45688
0.06,0.06,0.0,591.2618,265.8103,392.8432,261.69934
0.09,0.06,0.0,652.18384,264.75735,453.54218,261.07834
0.12,0.06,0.0,713.09174,263.7548,514.4789,260.61536
0.15,0.06,0.0,773.9749,262.82907,575.5505,260.23254
0.18,0.06,0.0,834.74756,262.0153,636.7147,259.91858
0.21,0.06,0.0,895.3092,261.3628,697.961,259.67078
0.24,0.06,0.0,955.44025,260.858,759.2247,259.48242
0.27,0.06,0.0,1015.0072,260.57617,820.42084,259.40173
0.0,0.09,0.0,471.50827,329.1778,274.16275,324.0619
0.03,0.09,0.0,531.9837,328.05545,333.83133,323.3423
0.06,0.09,0.0,592.56055,326.9556,393.94016,322.76703
0.09,0.09,0.0,653.1789,325.87778,454.44623,322.31586
0.12,0.09,0.0,713.8515,324.90845,515.2326,321.92987
0.15,0.09,0.0,774.5255,323.97165,576.05426,321.5922
0.18,0.09,0.0,835.0944,323.088,636.9755,321.32916
0.21,0.09,0.0,895.4687,322.2906,697.939,321.14493
0.24,0.09,0.0,955.40674,321.62372,758.9208,320.90625
0.27,0.09,0.0,1014.8906,321.11172,819.95184,320.76233
0.0,0.12,0.0,473.29013,389.72507,275.74094,384.45358
0.03,0.12,0.0,533.5344,388.67828,335.3076,383.89206
0.06,0.12,0.0,593.82025,387.6818,395.17496,383.50797
0.09,0.12,0.0,654.19556,386.65314,455.4838,383.12665
0.12,0.12,0.0,714.56055,385.65067,516.03064,382.79315
0.15,0.12,0.0,774.91266,384.6513,576.628,382.51782
0.18,0.12,0.0,835.29333,383.72064,637.1994,382.31973
0.21,0.12,0.0,895.4861,382.88647,697.89496,382.1117
0.24,0.12,0.0,955.1798,382.0377,758.61334,381.86447
0.27,0.12,0.0,1014.53076,381.3455,819.40546,381.7184
0.0,0.15,0.0,475.17065,449.74307,277.52682,444.41898
0.03,0.15,0.0,535.11017,448.7452,336.84845,444.02563
0.06,0.15,0.0,595.0803,447.8152,396.4936,443.76114
0.09,0.15,0.0,655.1647,446.83923,456.55807,443.44614
0.12,0.15,0.0,715.2716,445.80655,516.8515,443.14474
0.15,0.15,0.0,775.3287,444.80127,577.1387,442.88684
0.18,0.15,0.0,835.4226,443.86743,637.4597,442.71732
0.21,0.15,0.0,895.3578,442.96973,697.86096,442.52383
0.24,0.15,0.0,954.79913,442.01755,758.28284,442.30823
0.27,0.15,0.0,1013.9103,441.17517,818.7872,442.1656
0.0,0.18,0.0,477.0874,509.19327,279.48505,503.8908
0.03,0.18,0.0,536.66345,508.27844,338.45105,503.6259
0.06,0.18,0.0,596.37494,507.33035,397.94287,503.43637
0.09,0.18,0.0,656.1503,506.3621,457.70544,503.18237
0.12,0.18,0.0,715.9352,505.38184,517.6426,502.9501
0.15,0.18,0.0,775.69653,504.39166,577.663,502.73218
0.18,0.18,0.0,835.4843,503.43448,637.7021,502.53305
0.21,0.18,0.0,895.1019,502.46817,697.827,502.41782
0.24,0.18,0.0,954.3688,501.4674,757.9819,502.25266
0.27,0.18,0.0,1013.1126,500.44333,818.1707,502.0656
0.0,0.21,0.0,478.9755,568.05005,281.5025,562.78345
0.03,0.21,0.0,538.24603,567.1542,340.18365,562.71985
0.06,0.21,0.0,597.67395,566.18994,399.40417,562.52356
0.09,0.21,0.0,657.1273,565.22327,458.85345,562.3405
0.12,0.21,0.0,716.6001,564.3423,518.44165,562.2106
0.15,0.21,0.0,776.0565,563.3325,578.2145,561.9758
0.18,0.21,0.0,835.50494,562.2947,637.9635,561.80334
0.21,0.21,0.0,894.7849,561.33246,697.7862,561.71027
0.24,0.21,0.0,953.73364,560.2647,757.6707,561.57733
0.27,0.21,0.0,1012.1836,559.1123,817.5598,561.41595
0.0,0.24,0.0,480.9163,626.288,283.62042,621.1071
0.03,0.24,0.0,539.85974,625.42474,342.01584,621.15155
0.06,0.24,0.0,598.9592,624.40826,400.93634,620.9952
0.09,0.24,0.0,658.075,623.51105,460.0162,620.96844
0.12,0.24,0.0,717.2657,622.7014,519.28345,620.96545
0.15,0.24,0.0,776.3694,621.62524,578.7027,620.7019
0.18,0.24,0.0,835.434,620.5916,638.20435,620.5391
0.21,0.24,0.0,894.4221,619.5846,697.7371,620.5222
0.24,0.24,0.0,952.96155,618.3849,757.33234,620.32916
0.27,0.24,0.0,1011.0619,617.09375,816.9118,620.1871
0.0,0.27,0.0,482.84012,683.83826,285.88828,678.74335
0.03,0.27,0.0,541.49225,682.97723,343.9316,678.9076
0.06,0.27,0.0,600.26025,681.95337,402.5088,678.81396
0.09,0.27,0.0,659.0424,681.0626,461.2312,678.87067
0.12,0.27,0.0,717.90125,680.40576,520.0931,679.1151
0.15,0.27,0.0,776.6225,679.1948,579.2759,678.78687
0.18,0.27,0.0,835.3308,678.1162,638.4682,678.66986
0.21,0.27,0.0,893.9625,677.1466,697.712,678.7673
0.24,0.27,0.0,952.0006,675.63354,756.96893,678.4168
0.27,0.27,0.0,1009.77466,674.27014,816.2271,678.33765
0.0,0.0,0.0,614.49347,256.6448,422.55957,252.76674
0.03,0.0,0.0,672.5075,253.82014,479.3794,250.3858
0.06,0.0,0.0,731.26215,251.02711,537.09753,248.05954
0.09,0.0,0.0,790.66223,248.2782,595.596,245.74387
0.12,0.0,0.0,850.6276,245.63213,654.90546,243.50659
0.15,0.0,0.0,911.0138,243.08812,714.9954,241.29762
0.18,0.0,0.0,971.7132,240.77396,775.85345,239.12918
0.21,0.0,0.0,1032.4801,238.62865,837.3285,237.09181
0.24,0.0,0.0,1093.0974,236.73297,899.37555,235.15804
0.27,0.0,0.0,1153.44,235.11937,961.82367,233.43822
0.0,0.03,0.0,615.7869,315.14322,422.80887,311.186
0.03,0.03,0.0,673.901,312.6409,479.7563,309.2519
0.06,0.03,0.0,732.70966,310.17285,537.5513,307.37466
0.09,0.03,0.0,792.2134,307.72702,596.16156,305.50964
0.12,0.03,0.0,852.2997,305.34195,655.5241,303.65552
0.15,0.03,0.0,912.86304,303.0552,715.70306,301.7911
0.18,0.03,0.0,973.734,300.86118,776.6588,299.97675
0.21,0.03,0.0,1034.7142,298.8388,838.311,298.18283
0.24,0.03,0.0,1095.5922,297.02133,900.5338,296.53995
0.27,0.03,0.0,1156.143,295.39447,963.16864,295.02905
0.0,0.06,0.0,617.0864,373.78552,423.17145,369.8404
0.03,0.06,0.0,675.2327,371.6628,480.22586,368.35248
0.06,0.06,0.0,734.09375,369.54242,538.0739,366.88968
0.09,0.06,0.0,793.6781,367.41443,596.7285,365.43536
0.12,0.06,0.0,853.859,365.31512,656.1568,363.97882
0.15,0.06,0.0,914.54266,363.26877,716.39435,362.516
0.18,0.06,0.0,975.54816,361.28955,777.3674,361.0252
0.21,0.06,0.0,1036.6931,359.41464,839.1506,359.59653
0.24,0.06,0.0,1097.7129,357.6441,901.53174,358.2437
0.27,0.06,0.0,1158.438,356.07007,964.3259,356.97028
0.0,0.09,0.0,618.3802,432.4858,423.5696,428.65222
0.03,0.09,0.0,676.61456,430.73816,480.73596,427.5924
0.06,0.09,0.0,735.46594,428.95508,538.6026,426.49225
0.09,0.09,0.0,795.07764,427.1856,597.3292,425.44977
0.12,0.09,0.0,855.35144,425.4297,656.7864,424.3924
0.15,0.09,0.0,916.0685,423.64423,717.04486,423.31754
0.18,0.09,0.0,977.2038,421.91928,778.0768,422.2128
0.21,0.09,0.0,1038.4519,420.20853,839.9062,421.17203
0.24,0.09,0.0,1099.5057,418.60913,902.4194,420.1692
0.27,0.09,0.0,1160.4215,417.03708,965.3313,419.15048
0.0,0.12,0.0,619.7241,491.2119,424.05615,487.58893
0.03,0.12,0.0,678.0146,489.84177,481.32736,486.87924
0.06,0.12,0.0,736.8148,488.4542,539.13086,486.19086
0.09,0.12,0.0,796.4695,486.9829,597.91644,485.51007
0.12,0.12,0.0,856.73224,485.56674,657.4558,484.85367
0.15,0.12,0.0,917.5079,484.10675,717.7254,484.17697
0.18,0.12,0.0,978.6854,482.60422,778.7903,483.5339
0.21,0.12,0.0,1039.9781,481.11768,840.6571,482.87076
0.24,0.12,0.0,1101.0997,479.63058,903.2184,482.18542
0.27,0.12,0.0,1161.9967,478.15253,966.18176,481.53506
0.0,0.15,0.0,621.09827,549.9278,424.66562,546.53973
0.03,0.15,0.0,679.3357,548.8876,481.90012,546.25793
0.06,0.15,0.0,738.18427,547.8975,539.7354,545.99426
0.09,0.15,0.0,797.82477,546.8073,598.5209,545.7032
0.12,0.15,0.0,858.0833,545.6918,658.08453,545.4028
0.15,0.15,0.0,918.84064,544.543,718.41125,545.1654
0.18,0.15,0.0,979.98395,543.3379,779.5202,544.895
0.21,0.15,0.0,1041.2745,542.0504,841.37274,544.62616
0.24,0.15,0.0,1102.3612,540.70197,903.9114,544.3069
0.27,0.15,0.0,1163.1893,539.261,966.8835,543.97186
0.0,0.18,0.0,622.4488,608.596,425.31122,605.5145
0.03,0.18,0.0,680.6363,607.97485,482.4256,605.6816
0.06,0.18,0.0,739.5405,607.2967,540.38715,605.8007
0.09,0.18,0.0,799.1323,606.5827,599.1926,605.9095
0.12,0.18,0.0,859.3617,605.7989,658.7204,606.04
0.15,0.18,0.0,920.0616,604.912,719.0766,606.1442
0.18,0.18,0.0,981.10187,603.94476,780.18756,606.29553
0.21,0.18,0.0,1042.257,602.87,842.0503,606.4144
0.24,0.18,0.0,1103.3422,601.6298,904.5534,606.4734
0.27,0.18,0.0,1163.9985,600.26105,967.45966,606.38367
0.0,0.21,0.0,623.84973,667.20337,425.94974,664.4954
0.03,0.21,0.0,682.0041,666.94556,483.06552,665.09827
0.06,0.21,0.0,740.8953,666.6005,541.0757,665.60535
0.09,0.21,0.0,800.42914,666.209,599.8823,666.1088
0.12,0.21,0.0,860.53577,665.7344,659.3443,666.6692
0.15,0.21,0.0,921.1593,665.09985,719.7298,667.17163
0.18,0.21,0.0,982.0098,664.3409,780.8545,667.66235
0.21,0.21,0.0,1043.0626,663.443,842.66187,668.145
0.24,0.21,0.0,1103.9525,662.33594,905.0523,668.48175
0.27,0.21,0.0,1164.5023,660.9621,967.88336,668.689
0.0,0.24,0.0,625.15607,725.69495,426.71298,723.3429
0.03,0.24,0.0,683.3082,725.7679,483.78046,724.4201
0.06,0.24,0.0,742.17865,725.6825,541.84595,725.3378
0.09,0.24,0.0,801.61536,725.6157,600.5228,726.2961
0.12,0.24,0.0,861.60333,725.4921,659.96967,727.3077
0.15,0.24,0.0,922.04956,725.0259,720.34393,728.0961
0.18,0.24,0.0,982.76105,724.4325,781.44226,728.9055
0.21,0.24,0.0,1043.625,723.7167,843.11615,729.7451
0.24,0.24,0.0,1104.2408,722.606,905.408,730.3111
0.27,0.24,0.0,1164.5763,721.3545,968.08704,730.7424
0.0,0.27,0.0,626.5112,783.9015,427.53983,781.9869
0.03,0.27,0.0,684.5904,784.2664,484.60764,783.4799
0.06,0.27,0.0,743.38226,784.4209,542.6157,784.7355
0.09,0.27,0.0,802.7057,784.638,601.26874,786.1905
0.12,0.27,0.0,862.50775,784.849,660.5736,787.7062
0.15,0.27,0.0,922.74567,784.4963,720.91077,788.75916
0.18,0.27,0.0,983.2143,784.0377,781.9136,789.87665
0.21,0.27,0.0,1043.8364,783.5017,843.4738,791.05316
0.24,0.27,0.0,1104.1614,782.3381,905.55365,791.7303
0.27,0.27,0.0,1164.2529,781.0954,967.999,792.3684
0.0,0.0,0.0,614.7511,239.7214,413.59937,235.75699
0.03,0.0,0.0,675.85913,240.76236,475.7308,237.22899
0.06,0.0,0.0,736.17334,241.85878,537.25275,238.82831
0.09,0.0,0.0,795.68097,243.013,598.14935,240.48178
0.12,0.0,0.0,854.3008,244.29588,658.4072,242.21089
0.15,0.0,0.0,911.91644,245.67273,717.93536,243.98044
0.18,0.0,0.0,968.483,247.20006,776.69037,245.79146
0.21,0.0,0.0,1023.81525,248.8928,834.6693,247.6696
0.24,0.0,0.0,1077.8069,250.70322,891.77924,249.65942
0.27,0.0,0.0,1130.4072,252.67195,947.93097,251.7737
0.0,0.03,0.0,615.246,301.45297,412.9625,297.37878
0.03,0.03,0.0,676.4296,302.076,475.2418,298.62045
0.06,0.03,0.0,736.8493,302.7456,536.90356,299.89908
0.09,0.03,0.0,796.44727,303.4835,597.8874,301.273
0.12,0.03,0.0,855.1684,304.30286,658.1773,302.66092
0.15,0.03,0.0,912.9306,305.1958,717.7837,304.0376
0.18,0.03,0.0,969.6478,306.19327,776.63104,305.43408
0.21,0.03,0.0,1025.1117,307.28607,834.7207,306.90298
0.24,0.03,0.0,1079.2852,308.53305,891.98016,308.41745
0.27,0.03,0.0,1132.0542,309.87973,948.2919,310.04895
0.0,0.06,0.0,615.79004,363.37744,412.4563,359.32507
0.03,0.06,0.0,676.9864,363.65207,474.84854,360.2569
0.06,0.06,0.0,737.4416,363.93338,536.58966,361.23816
0.09,0.06,0.0,797.099,364.2213,597.6265,362.24106
0.12,0.06,0.0,855.8975,364.54004,657.95013,363.27512
0.15,0.06,0.0,913.7533,364.9671,717.56396,364.28458
0.18,0.06,0.0,970.5645,365.4448,776.5086,365.28055
0.21,0.06,0.0,1026.2063,366.0291,834.701,366.35513
0.24,0.06,0.0,1080.4436,366.66745,892.0736,367.4572
0.27,0.06,0.0,1133.3365,367.404,948.4754,368.61734
0.0,0.09,0.0,616.3778,425.36102,412.02872,421.454
0.03,0.09,0.0,677.5453,425.2776,474.5093,422.0604
0.06,0.09,0.0,738.05194,425.13818,536.27795,422.65244
0.09,0.09,0.0,797.72125,425.03516,597.425,423.3178
0.12,0.09,0.0,856.514,424.95578,657.70154,423.97174
0.15,0.09,0.0,914.42926,424.90887,717.34515,424.64426
0.18,0.09,0.0,971.3878,424.89767,776.37115,425.2484
0.21,0.09,0.0,1027.096,424.92554,834.6503,425.92496
0.24,0.09,0.0,1081.3224,425.01157,891.99994,426.6272
0.27,0.09,0.0,1134.3463,425.1553,948.5599,427.36176
0.0,0.12,0.0,616.93567,487.42432,411.69876,483.692
0.03,0.12,0.0,678.07416,486.93457,474.20935,483.9223
0.06,0.12,0.0,738.6235,486.42035,536.05383,484.17953
0.09,0.12,0.0,798.3519,485.92188,597.16254,484.46228
0.12,0.12,0.0,857.0754,485.40903,657.48694,484.73068
0.15,0.12,0.0,914.98236,484.9075,717.1262,485.01172
0.18,0.12,0.0,972.0015,484.40637,776.21844,485.34433
0.21,0.12,0.0,1027.8179,483.94208,834.5838,485.62833
0.24,0.12,0.0,1081.9404,483.45477,891.88745,485.93207
0.27,0.12,0.0,1135.0193,482.99615,948.5337,486.2504
0.0,0.15,0.0,617.4817,549.4447,411.41342,545.9716
0.03,0.15,0.0,678.6336,548.5597,473.9011,545.86804
0.06,0.15,0.0,739.1883,547.67535,535.78375,545.7753
0.09,0.15,0.0,798.87305,546.77924,596.929,545.68317
0.12,0.15,0.0,857.57623,545.849,657.28375,545.57367
0.15,0.15,0.0,915.4727,544.9104,716.9558,545.50635
0.18,0.15,0.0,972.4263,543.9481,776.0205,545.4418
0.21,0.15,0.0,1028.2361,542.9613,834.4539,545.4047
0.24,0.15,0.0,1082.4191,541.92755,891.77997,545.28015
0.27,0.15,0.0,1135.382,540.87476,948.3467,545.1949
0.0,0.18,0.0,618.02875,611.4332,411.1681,608.2972
0.03,0.18,0.0,679.20624,610.1465,473.66174,607.84674
0.06,0.18,0.0,739.64996,608.87573,535.52106,607.4172
0.09,0.18,0.0,799.26556,607.5863,596.64667,606.93097
0.12,0.18,0.0,858.0692,606.25745,657.0763,606.46985
0.15,0.18,0.0,915.8653,604.8346,716.77826,606.01794
0.18,0.18,0.0,972.7018,603.3931,775.85,605.63855
0.21,0.18,0.0,1028.3982,601.9099,834.1841,605.1849
0.24,0.18,0.0,1082.6184,600.30566,891.6009,604.6911
0.27,0.18,0.0,1135.4073,598.6356,948.0306,604.11176
0.0,0.21,0.0,618.6348,673.30133,411.06055,670.5435
0.03,0.21,0.0,679.77295,671.66736,473.48685,669.84106
0.06,0.21,0.0,740.0917,669.9384,535.2746,669.02094
0.09,0.21,0.0,799.6697,668.24005,596.4174,668.16864
0.12,0.21,0.0,858.4562,666.47797,656.8893,667.4168
0.15,0.21,0.0,916.12036,664.6236,716.59424,666.55804
0.18,0.21,0.0,972.75525,662.61365,775.5995,665.731
0.21,0.21,0.0,1028.3687,660.6061,833.9104,664.90454
0.24,0.21,0.0,1082.4955,658.44196,891.28,663.9672
0.27,0.21,0.0,1135.1846,656.1727,947.6788,662.9507
0.0,0.24,0.0,619.26276,735.0107,411.09854,732.6418
0.03,0.24,0.0,680.3556,732.9843,473.37973,731.68176
0.06,0.24,0.0,740.5152,730.799,535.1138,730.4911
0.09,0.24,0.0,800.0097,728.65155,596.2196,729.3825
0.12,0.24,0.0,858.7706,726.51624,656.74677,728.31854
0.15,0.24,0.0,916.2127,724.0653,716.36145,727.0121
0.18,0.24,0.0,972.707,721.5725,775.3009,725.76807
0.21,0.24,0.0,1028.1498,719.07263,833.59705,724.5215
0.24,0.24,0.0,1082.0723,716.2436,890.8048,723.0762
0.27,0.24,0.0,1134.6433,713.37,947.0945,721.5551
0.0,0.27,0.0,619.9384,796.3649,411.2707,794.44104
0.03,0.27,0.0,680.875,793.88525,473.44806,793.1671
0.06,0.27,0.0,740.86127,791.24133,535.0201,791.67645
0.09,0.27,0.0,800.2007,788.6606,596.03845,790.24457
0.12,0.27,0.0,858.94714,786.16266,656.5832,788.98096
0.15,0.27,0.0,916.1126,783.14417,716.0896,787.18384
0.18,0.27,0.0,972.3694,780.1025,774.9194,785.5077
0.21,0.27,0.0,1027.7402,777.0473,833.1979,783.8944
0.24,0.27,0.0,1081.2551,773.5798,890.1161,781.8506
0.27,0.27,0.0,1133.7312,770.13763,946.3636,779.8959
0.0,0.0,0.0,612.47,256.65387,420.58862,252.7551
0.03,0.0,0.0,671.34735,255.75394,479.32156,252.28848
0.06,0.0,0.0,730.15076,254.91016,538.20557,251.97734
0.09,0.0,0.0,788.8727,254.11078,597.20123,251.67195
0.12,0.0,0.0,847.4149,253.4962,656.27686,251.46999
0.15,0.0,0.0,905.73315,252.97623,715.33295,251.31918
0.18,0.0,0.0,963.57336,252.61389,774.3624,251.2393
0.21,0.0,0.0,1020.8718,252.45227,833.3295,251.23047
0.24,0.0,0.0,1077.3865,252.45972,892.0853,251.34624
0.27,0.0,0.0,1133.0736,252.67525,950.51575,251.63739
0.0,0.03,0.0,613.1235,313.92538,419.263,309.94263
0.03,0.03,0.0,672.3407,312.98495,478.42963,309.57773
0.06,0.03,0.0,731.5186,312.10406,537.7389,309.30948
0.09,0.03,0.0,790.6485,311.27228,597.1023,309.09912
0.12,0.03,0.0,849.62146,310.52744,656.5178,308.92596
0.15,0.03,0.0,908.3101,309.86536,715.968,308.7353
0.18,0.03,0.0,966.6362,309.3357,775.39386,308.58517
0.21,0.03,0.0,1024.3282,308.93915,834.7518,308.5134
0.24,0.03,0.0,1081.3152,308.69098,893.955,308.51755
0.27,0.03,0.0,1137.3934,308.6083,952.8496,308.6678
0.0,0.06,0.0,613.8086,371.89468,418.0276,367.95337
0.03,0.06,0.0,673.3545,370.99936,477.5885,367.67142
0.06,0.06,0.0,732.9076,370.08655,537.2885,367.4485
0.09,0.06,0.0,792.36145,369.1893,596.9915,367.24875
0.12,0.06,0.0,851.7209,368.38254,656.7814,367.1183
0.15,0.06,0.0,910.8061,367.59827,716.53925,366.90234
0.18,0.06,0.0,969.53485,366.87775,776.3642,366.72696
0.21,0.06,0.0,1027.654,366.2709,836.1201,366.5999
0.24,0.06,0.0,1085.0216,365.79977,895.76117,366.55908
0.27,0.06,0.0,1141.4716,365.43103,955.03827,366.5588
0.0,0.09,0.0,614.51514,430.56683,416.8598,426.68158
0.03,0.09,0.0,674.3665,429.70135,476.82816,426.5087
0.06,0.09,0.0,734.24304,428.7042,536.8434,426.26578
0.09,0.09,0.0,794.0832,427.80966,596.9414,426.0694
0.12,0.09,0.0,853.7662,426.95853,657.0488,425.94342
0.15,0.09,0.0,913.21893,426.07034,717.13605,425.77362
0.18,0.09,0.0,972.31067,425.1825,777.3178,425.57065
0.21,0.09,0.0,1030.8489,424.38324,837.46564,425.3952
0.24,0.09,0.0,1088.5035,423.71582,897.4826,425.35318
0.27,0.09,0.0,1145.3125,423.00806,957.1856,425.2247
0.0,0.12,0.0,615.23413,489.91165,415.71832,486.19025
0.03,0.12,0.0,675.41046,489.0574,476.08972,486.05997
0.06,0.12,0.0,735.61334,488.0136,536.4255,485.79013
0.09,0.12,0.0,795.76196,487.06268,596.8492,485.60126
0.12,0.12,0.0,855.75836,486.17828,657.30084,485.49927
0.15,0.12,0.0,915.5193,485.2049,717.72516,485.34607
0.18,0.12,0.0,974.9876,484.22235,778.3036,485.14374
0.21,0.12,0.0,1033.8535,483.18573,838.82404,484.9582
0.24,0.12,0.0,1091.7157,482.31754,899.1133,484.87604
0.27,0.12,0.0,1148.8901,481.28394,959.1788,484.68948
0.0,0.15,0.0,615.9375,549.8636,414.6682,546.40814
0.03,0.15,0.0,676.4724,548.9541,475.33496,546.25995
0.06,0.15,0.0,736.9712,547.9654,535.9924,546.0117
0.09,0.15,0.0,797.4499,547.00964,596.789,545.85846
0.12,0.15,0.0,857.6896,546.01294,657.5655,545.7615
0.15,0.15,0.0,917.78394,544.9597,718.3866,545.60126
0.18,0.15,0.0,977.493,543.84546,779.2458,545.4133
0.21,0.15,0.0,1036.6523,542.6415,840.11615,545.20734
0.24,0.15,0.0,1094.7902,541.4982,900.71674,545.07745
0.27,0.15,0.0,1152.1151,540.2077,961.0836,544.8138
0.0,0.18,0.0,616.70654,610.4284,413.67194,607.25464
0.03,0.18,0.0,677.52386,609.4834,474.56708,607.1499
0.06,0.18,0.0,738.3278,608.5094,535.61163,607.00073
0.09,0.18,0.0,799.06067,607.5093,596.72675,606.8546
0.12,0.18,0.0,859.6156,606.4243,657.8421,606.6986
0.15,0.18,0.0,919.959,605.27594,719.0102,606.57733
0.18,0.18,0.0,979.8662,604.0379,780.21484,606.3902
0.21,0.18,0.0,1039.1948,602.64856,841.36597,606.1971
0.24,0.18,0.0,1097.6179,601.17883,902.33014,605.9513
0.27,0.18,0.0,1155.0328,599.6254,962.8695,605.5912
0.0,0.21,0.0,617.4867,671.5191,412.73767,668.67926
0.03,0.21,0.0,678.57996,670.57996,473.91257,668.6684
0.06,0.21,0.0,739.6455,669.5589,535.2918,668.5844
0.09,0.21,0.0,800.63995,668.5038,596.6708,668.46155
0.12,0.21,0.0,861.50946,667.34766,658.1723,668.30664
0.15,0.21,0.0,922.038,666.0275,719.64026,668.1631
0.18,0.21,0.0,982.0246,664.6074,781.10944,667.9811
0.21,0.21,0.0,1041.5448,662.99396,842.5548,667.71155
0.24,0.21,0.0,1100.1115,661.273,903.7705,667.3465
0.27,0.21,0.0,1157.659,659.3323,964.55585,666.9164
0.0,0.24,0.0,618.3029,733.0666,411.90845,730.6149
0.03,0.24,0.0,679.68634,732.16504,473.34772,730.7245
0.06,0.24,0.0,740.9582,731.08295,534.97705,730.7723
0.09,0.24,0.0,802.15906,729.9348,596.6671,730.68353
0.12,0.24,0.0,863.2768,728.6639,658.46204,730.59094
0.15,0.24,0.0,923.87415,727.17004,720.23865,730.351
0.18,0.24,0.0,984.0153,725.5222,781.9922,730.15247
0.21,0.24,0.0,1043.6511,723.68475,843.67096,729.7468
0.24,0.24,0.0,1102.2349,721.59735,905.03406,729.2661
0.27,0.24,0.0,1159.8931,719.324,966.02216,728.57666
0.0,0.27,0.0,619.1234,794.9772,411.21323,792.8906
0.03,0.27,0.0,680.70514,793.9868,472.84375,793.1547
0.06,0.27,0.0,742.2018,792.85547,534.74896,793.23035
0.09,0.27,0.0,803.58105,791.56146,596.6845,793.22906
0.12,0.27,0.0,864.89703,790.18396,658.72644,793.2059
0.15,0.27,0.0,925.5276,788.4646,720.7731,792.9304
0.18,0.27,0.0,985.7837,786.56854,782.76056,792.58234
0.21,0.27,0.0,1045.5106,784.4571,844.6771,792.1529
0.24,0.27,0.0,1104.0251,782.0115,906.1115,791.41675
0.27,0.27,0.0,1161.7295,779.33453,967.2453,790.56476
0.0,0.0,0.0,610.1347,244.47314,409.50778,240.5251
0.03,0.0,0.0,671.81384,243.4166,471.02896,239.90315
0.06,0.0,0.0,733.51117,242.42953,532.8082,239.40652
0.09,0.0,0.0,795.14795,241.55429,594.69696,239.00291
0.12,0.0,0.0,856.59595,240.8188,656.7072,238.71251
0.15,0.0,0.0,917.76556,240.24298,718.7261,238.45877
0.18,0.0,0.0,978.3757,239.90779,780.76324,238.31857
0.21,0.0,0.0,1038.3655,239.77621,842.66406,238.29814
0.24,0.0,0.0,1097.5017,239.86896,904.3545,238.43428
0.27,0.0,0.0,1155.6115,240.24985,965.6416,238.818
0.0,0.03,0.0,611.3481,306.50705,410.53607,302.5035
0.03,0.03,0.0,672.7723,305.45343,471.9264,301.99362
0.06,0.03,0.0,734.2479,304.44556,533.50085,301.62213
0.09,0.03,0.0,795.6241,303.511,595.1376,301.27216
0.12,0.03,0.0,856.9164,302.67184,656.8655,300.9841
0.15,0.03,0.0,917.86884,301.92847,718.67206,300.75348
0.18,0.03,0.0,978.4229,301.3659,780.46985,300.5455
0.21,0.03,0.0,1038.3138,300.9685,842.1986,300.4523
0.24,0.03,0.0,1097.3461,300.7729,903.7167,300.489
0.27,0.03,0.0,1155.4294,300.7663,964.9248,300.64523
0.0,0.06,0.0,612.5292,368.10443,411.69492,364.0967
0.03,0.06,0.0,673.69385,367.0752,472.87454,363.7227
0.06,0.06,0.0,734.88586,366.05225,534.2034,363.38782
0.09,0.06,0.0,796.05255,365.08023,595.5833,363.11603
0.12,0.06,0.0,857.0745,364.1882,657.0419,362.84775
0.15,0.06,0.0,917.83124,363.3057,718.5379,362.60712
0.18,0.06,0.0,978.2109,362.55984,780.094,362.41595
0.21,0.06,0.0,1037.9663,361.93024,841.59045,362.23633
0.24,0.06,0.0,1096.8882,361.42587,902.9273,362.16858
0.27,0.06,0.0,1154.8455,361.09543,963.9416,362.20502
0.0,0.09,0.0,613.74536,429.14252,412.93066,425.2351
0.03,0.09,0.0,674.61847,428.08624,473.88898,424.8872
0.06,0.09,0.0,735.5415,427.10907,534.9211,424.65067
0.09,0.09,0.0,796.41016,426.10388,596.04565,424.3837
0.12,0.09,0.0,857.13965,425.09384,657.20105,424.11536
0.15,0.09,0.0,917.6549,424.15253,718.40717,423.8924
0.18,0.09,0.0,977.8583,423.30328,779.67804,423.7108
0.21,0.09,0.0,1037.4324,422.49673,840.94055,423.56177
0.24,0.09,0.0,1096.1292,421.74783,902.02747,423.4167
0.27,0.09,0.0,1153.9202,421.08054,962.86285,423.3791
0.0,0.12,0.0,614.9592,489.54095,414.2571,485.86084
0.03,0.12,0.0,675.5357,488.51453,474.96033,485.52292
0.06,0.12,0.0,736.1315,487.57013,535.6763,485.34204
0.09,0.12,0.0,796.7021,486.5355,596.52576,485.0728
0.12,0.12,0.0,857.14496,485.45868,657.3881,484.81335
0.15,0.12,0.0,917.3672,484.47763,718.28375,484.58963
0.18,0.12,0.0,977.31635,483.49454,779.2728,484.47473
0.21,0.12,0.0,1036.675,482.57205,840.28455,484.36203
0.24,0.12,0.0,1095.0013,481.52472,901.06085,484.1115
0.27,0.12,0.0,1152.622,480.59537,961.6463,484.00522
0.0,0.15,0.0,616.18054,549.34937,415.63553,545.8486
0.03,0.15,0.0,676.43634,548.3011,476.01767,545.59204
0.06,0.15,0.0,736.7237,547.3907,536.4226,545.4467
0.09,0.15,0.0,796.9756,546.39233,596.9685,545.2416
0.12,0.15,0.0,857.0695,545.2679,657.54785,544.94635
0.15,0.15,0.0,916.99255,544.1747,718.15814,544.7682
0.18,0.15,0.0,976.577,543.10486,778.8627,544.64954
0.21,0.15,0.0,1035.63,542.0647,839.57025,544.5509
0.24,0.15,0.0,1093.732,540.7631,900.02094,544.2853
0.27,0.15,0.0,1151.0157,539.5726,960.2833,544.1143
0.0,0.18,0.0,617.37427,608.4539,417.0628,605.26764
0.03,0.18,0.0,677.3172,607.476,477.0615,605.1232
0.06,0.18,0.0,737.2678,606.52734,537.2192,604.9468
0.09,0.18,0.0,797.1645,605.4782,597.4446,604.7577
0.12,0.18,0.0,856.9652,604.39294,657.72614,604.5569
0.15,0.18,0.0,916.5131,603.2344,718.0368,604.3878
0.18,0.18,0.0,975.70374,602.0274,778.4184,604.2417
0.21,0.18,0.0,1034.3815,600.7799,838.7744,604.13947
0.24,0.18,0.0,1092.2166,599.35034,898.9577,603.89166
0.27,0.18,0.0,1149.1104,597.8179,958.81805,603.5496
0.0,0.21,0.0,618.6102,666.9187,418.54303,664.0586
0.03,0.21,0.0,678.2046,665.9917,478.1707,664.016
0.06,0.21,0.0,737.80426,664.9235,538.0198,663.81555
0.09,0.21,0.0,797.34326,663.87445,597.92004,663.67847
0.12,0.21,0.0,856.8027,662.82996,657.91064,663.6022
0.15,0.21,0.0,915.9284,661.50684,717.92126,663.37897
0.18,0.21,0.0,974.67926,660.1502,777.9567,663.2089
0.21,0.21,0.0,1032.9225,658.73596,837.9652,663.0485
0.24,0.21,0.0,1090.3956,657.0935,897.7733,662.7393
0.27,0.21,0.0,1146.8796,655.30164,957.2397,662.33215
0.0,0.24,0.0,619.8045,724.6998,420.07748,722.1748
0.03,0.24,0.0,679.0586,723.7546,479.36072,722.2303
0.06,0.24,0.0,738.2731,722.57654,538.8481,722.0046
0.09,0.24,0.0,797.4372,721.50366,598.42596,721.9749
0.12,0.24,0.0,856.50433,720.4662,658.0956,722.02014
0.15,0.24,0.0,915.1689,718.96875,717.7497,721.68646
0.18,0.24,0.0,973.487,717.46606,777.44556,721.4463
0.21,0.24,0.0,1031.3351,715.9047,837.07855,721.3075
0.24,0.24,0.0,1088.2795,713.979,896.4492,720.83307
0.27,0.24,0.0,1144.3695,711.9033,955.54315,720.30194
0.0,0.27,0.0,621.00934,781.63434,421.72913,779.49786
0.03,0.27,0.0,679.8737,780.60785,480.62128,779.56067
0.06,0.27,0.0,738.6812,779.31506,539.7605,779.3538
0.09,0.27,0.0,797.4297,778.18414,598.9673,779.3883
0.12,0.27,0.0,856.1167,777.22266,658.2577,779.6637
0.15,0.27,0.0,914.2518,775.4928,717.5554,779.191
0.18,0.27,0.0,972.09454,773.76855,776.8702,778.9088
0.21,0.27,0.0,1029.5162,772.1408,836.1165,778.7765
0.24,0.27,0.0,1085.8464,769.76794,894.9922,777.9866
0.27,0.27,0.0,1141.5865,767.5271,953.63086,777.3902
0.0,0.0,0.0,477.7145,357.87683,285.18262,352.71356
0.03,0.0,0.0,535.0571,355.60675,340.7339,350.8901
0.06,0.0,0.0,593.162,353.33484,397.35306,349.12143
0.09,0.0,0.0,652.01495,351.03198,455.01068,347.41434
0.12,0.0,0.0,711.65186,348.76233,513.5622,345.74493
0.15,0.0,0.0,772.0402,346.45807,572.9472,344.10696
0.18,0.0,0.0,833.1016,344.1843,633.15356,342.49557
0.21,0.0,0.0,894.69867,341.96838,694.16003,340.8395
0.24,0.0,0.0,956.70795,339.81873,756.0067,339.20752
0.27,0.0,0.0,1018.8928,337.81903,818.65186,337.6157
0.0,0.03,0.0,478.97928,416.67392,285.35654,411.3958
0.03,0.03,0.0,536.3403,414.79636,341.04517,410.05798
0.06,0.03,0.0,594.5006,412.92664,397.7828,408.77124
0.09,0.03,0.0,653.41016,411.0148,455.47125,407.5271
0.12,0.03,0.0,713.0902,409.12125,514.12006,406.29526
0.15,0.03,0.0,773.4948,407.17133,573.53625,405.0737
0.18,0.03,0.0,834.6209,405.22394,633.78534,403.84503
0.21,0.03,0.0,896.2759,403.288,694.81616,402.6207
0.24,0.03,0.0,958.39343,401.41776,756.7041,401.3852
0.27,0.03,0.0,1020.7059,399.60663,819.4279,400.15936
0.0,0.06,0.0,480.29898,475.55035,285.69302,470.21762
0.03,0.06,0.0,537.67114,474.07843,341.419,469.37918
0.06,0.06,0.0,595.8507,472.57043,398.21756,468.5733
0.09,0.06,0.0,654.7678,471.0397,456.01138,467.74405
0.12,0.06,0.0,714.4782,469.51376,514.704,466.91788
0.15,0.06,0.0,774.9048,467.95923,574.1317,466.1176
0.18,0.06,0.0,836.0657,466.392,634.4127,465.2787
0.21,0.06,0.0,897.7985,464.7446,695.49615,464.4657
0.24,0.06,0.0,959.9413,463.1439,757.4316,463.65308
0.27,0.06,0.0,1022.3053,461.55167,820.156,462.83035
0.0,0.09,0.0,481.5904,534.40094,286.1046,529.1744
0.03,0.09,0.0,539.05023,533.3321,341.94595,528.8187
0.06,0.09,0.0,597.1737,532.19586,398.67667,528.42004
0.09,0.09,0.0,656.15576,531.0722,456.51932,528.0365
0.12,0.09,0.0,715.8738,529.9163,515.27673,527.6095
0.15,0.09,0.0,776.2805,528.71326,574.7581,527.19415
0.18,0.09,0.0,837.4506,527.4922,635.0373,526.7677
0.21,0.09,0.0,899.2057,526.2689,696.16327,526.39294
0.24,0.09,0.0,961.32776,524.9585,758.0988,525.99963
0.27,0.09,0.0,1023.7007,523.5443,820.8874,525.6251
0.0,0.12,0.0,482.9852,593.2449,286.78326,588.11475
0.03,0.12,0.0,540.5183,592.53485,342.6333,588.21173
0.06,0.12,0.0,598.551,591.85175,399.24713,588.34985
0.09,0.12,0.0,657.5312,591.077,457.09006,588.3715
0.12,0.12,0.0,717.2688,590.26404,515.91614,588.34515
0.15,0.12,0.0,777.6984,589.4409,575.39014,588.3456
0.18,0.12,0.0,838.79706,588.6033,635.69574,588.347
0.21,0.12,0.0,900.51483,587.6948,696.7945,588.41486
0.24,0.12,0.0,962.59094,586.6467,758.83575,588.4145
0.27,0.12,0.0,1024.8682,585.48486,821.61755,588.4342
0.0,0.15,0.0,484.4964,651.95386,287.66403,646.9347
0.03,0.15,0.0,541.9106,651.65405,343.37695,647.5661
0.06,0.15,0.0,599.95496,651.415,399.96274,648.23267
0.09,0.15,0.0,658.9083,651.0364,457.7486,648.7323
0.12,0.15,0.0,718.6466,650.5641,516.5093,649.12787
0.15,0.15,0.0,779.0248,650.0753,576.0234,649.595
0.18,0.15,0.0,840.0689,649.5786,636.37335,649.9776
0.21,0.15,0.0,901.6485,648.9763,697.481,650.4517
0.24,0.15,0.0,963.64417,648.11053,759.4998,650.82324
0.27,0.15,0.0,1025.8354,647.19507,822.26025,651.2359
0.0,0.18,0.0,486.0554,710.49005,288.7123,705.57635
0.03,0.18,0.0,543.34607,710.6844,344.2175,706.84906
0.06,0.18,0.0,601.43964,710.7823,400.83362,707.915
0.09,0.18,0.0,660.3287,710.7886,458.56146,708.9211
0.12,0.18,0.0,719.94745,710.7248,517.1986,709.8549
0.15,0.18,0.0,780.27905,710.5815,576.68665,710.7046
0.18,0.18,0.0,841.25604,710.365,637.0278,711.5735
0.21,0.18,0.0,902.7153,710.0084,698.14246,712.4639
0.24,0.18,0.0,964.5079,709.45233,760.0956,713.231
0.27,0.18,0.0,1026.4595,708.6085,822.7977,713.92444
0.0,0.21,0.0,487.695,768.7247,289.94467,763.97705
0.03,0.21,0.0,544.87573,769.3757,345.28986,765.77716
0.06,0.21,0.0,602.9315,769.83997,401.90048,767.369
0.09,0.21,0.0,661.7535,770.2307,459.4634,768.8565
0.12,0.21,0.0,721.23267,770.58685,517.90356,770.3515
0.15,0.21,0.0,781.4636,770.71277,577.3947,771.64594
0.18,0.21,0.0,842.27014,770.74963,637.7057,772.9202
0.21,0.21,0.0,903.54517,770.6129,698.7827,774.2043
0.24,0.21,0.0,965.16364,770.22064,760.656,775.3356
0.27,0.21,0.0,1026.8469,769.5725,823.2542,776.3667
0.0,0.24,0.0,489.42728,826.54956,291.3689,821.93
0.03,0.24,0.0,546.4698,827.6349,346.56622,824.3048
0.06,0.24,0.0,604.4784,828.4251,403.0842,826.4069
0.09,0.24,0.0,663.1032,829.234,460.46826,828.4756
0.12,0.24,0.0,722.4293,830.0308,518.7008,830.5428
0.15,0.24,0.0,782.52747,830.3674,578.1525,832.23444
0.18,0.24,0.0,843.13086,830.5883,638.38,833.8967
0.21,0.24,0.0,904.1961,830.75555,699.3307,835.6253
0.24,0.24,0.0,965.4998,830.4333,761.10156,837.0298
0.27,0.24,0.0,1026.9124,829.8709,823.5415,838.3211
0.0,0.27,0.0,491.25595,883.78204,292.9905,879.3997
0.03,0.27,0.0,548.1702,885.2565,348.14236,882.28265
0.06,0.27,0.0,606.05023,886.36597,404.508,884.81573
0.09,0.27,0.0,664.4899,887.54407,461.67966,887.4407
0.12,0.27,0.0,723.56366,888.78265,519.6086,890.1687
0.15,0.27,0.0,783.4654,889.3108,578.9822,892.2126
0.18,0.27,0.0,843.8225,889.74023,639.03296,894.3038
0.21,0.27,0.0,904.5957,890.1342,699.8067,896.4565
0.24,0.27,0.0,965.5469,889.77844,761.4443,897.99
0.27,0.27,0.0,1026.6277,889.3638,823.6047,899.6339
