0.0,0.0,0.0,477.56274,164.66472,289.5544,161.1951
0.03,0.0,0.0,534.2483,161.04196,344.26794,157.66583
0.06,0.0,0.0,591.7721,157.545,400.1125,154.33055
0.09,0.0,0.0,650.039,154.13597,457.06622,151.07304
0.12,0.0,0.0,709.08984,150.83302,514.96497,147.9868
0.15,0.0,0.0,768.79266,147.67914,573.74365,145.02313
0.18,0.0,0.0,829.1013,144.66063,633.3647,142.16785
0.21,0.0,0.0,889.816,141.8584,693.7142,139.41849
0.24,0.0,0.0,950.8471,139.27396,754.7604,136.77153
0.27,0.0,0.0,1012.02106,137.0647,816.41473,134.31529
0.0,0.03,0.0,478.2872,222.14082,289.0403,218.4375
0.03,0.03,0.0,535.1525,218.9859,344.00137,215.46211
0.06,0.03,0.0,592.83936,215.90842,400.07983,212.61526
0.09,0.03,0.0,651.28125,212.8596,457.20288,209.90233
0.12,0.03,0.0,710.46765,209.91138,515.294,207.30511
0.15,0.03,0.0,770.3386,207.01366,574.2216,204.76305
0.18,0.03,0.0,830.8397,204.20981,633.9716,202.2954
0.21,0.03,0.0,891.84033,201.61833,694.4557,199.88803
0.24,0.03,0.0,953.14935,199.19202,755.6748,197.54808
0.27,0.03,0.0,1014.66254,197.03357,817.50586,195.34335
0.0,0.06,0.0,479.1788,280.1042,288.73114,276.13522
0.03,0.06,0.0,536.1629,277.41797,343.8851,273.7617
0.06,0.06,0.0,593.9238,274.70895,400.146,271.43365
0.09,0.06,0.0,652.45294,272.07657,457.44608,269.17834
0.12,0.06,0.0,711.7679,269.464,515.6671,267.07257
0.15,0.06,0.0,771.77594,266.873,574.68243,264.97864
0.18,0.06,0.0,832.427,264.32266,634.5528,262.90088
0.21,0.06,0.0,893.6019,261.91684,695.1467,260.86728
0.24,0.06,0.0,955.1863,259.6922,756.4746,258.87564
0.27,0.06,0.0,1016.95905,257.64908,818.4217,256.8814
0.0,0.09,0.0,480.10474,338.33316,288.59903,334.2218
0.03,0.09,0.0,537.2343,336.09583,344.0362,332.39053
0.06,0.09,0.0,595.0274,333.7778,400.3306,330.53925
0.09,0.09,0.0,653.6377,331.51053,457.74365,328.8227
0.12,0.09,0.0,713.05066,329.2705,516.12537,327.15402
0.15,0.09,0.0,773.1551,327.039,575.24207,325.49237
0.18,0.09,0.0,833.89825,324.7969,635.0964,323.78778
0.21,0.09,0.0,895.2615,322.6298,695.7607,322.13266
0.24,0.09,0.0,957.00006,320.63608,757.1878,320.5181
0.27,0.09,0.0,1018.9915,318.69998,819.2424,318.82968
0.0,0.12,0.0,481.14212,396.7991,288.7265,392.58963
0.03,0.12,0.0,538.3945,394.9461,344.3195,391.2565
0.06,0.12,0.0,596.1318,393.0164,400.62564,389.88907
0.09,0.12,0.0,654.8564,391.14923,458.1781,388.60495
0.12,0.12,0.0,714.3123,389.30508,516.69415,387.4033
0.15,0.12,0.0,774.43866,387.39432,575.82,386.15237
0.18,0.12,0.0,835.3077,385.45776,635.6866,384.87354
0.21,0.12,0.0,896.7877,383.59448,696.33496,383.56964
0.24,0.12,0.0,958.6606,381.89917,757.8369,382.31564
0.27,0.12,0.0,1020.7993,380.1361,819.95355,380.9752
0.0,0.15,0.0,482.28506,455.35562,289.1015,451.11584
0.03,0.15,0.0,539.5079,453.87057,344.6442,450.26373
0.06,0.15,0.0,597.3192,452.3872,401.0169,449.37924
0.09,0.15,0.0,656.0909,450.86557,458.72952,448.52985
0.12,0.15,0.0,715.55554,449.36786,517.2327,447.69333
0.15,0.15,0.0,775.73285,447.8371,576.3729,446.84494
0.18,0.15,0.0,836.6585,446.30212,636.24963,445.9648
0.21,0.15,0.0,898.17505,444.78036,696.89795,445.06064
0.24,0.15,0.0,960.13995,443.2844,758.4217,444.1585
0.27,0.15,0.0,1022.3837,441.8434,820.5712,443.21423
0.0,0.18,0.0,483.45532,513.95605,289.5883,509.69443
0.03,0.18,0.0,540.60474,512.8651,345.01596,509.32257
0.06,0.18,0.0,598.5399,511.76562,401.5647,508.89346
0.09,0.18,0.0,657.3291,510.63794,459.29495,508.48798
0.12,0.18,0.0,716.7691,509.50748,517.76215,508.0102
0.15,0.18,0.0,776.9513,508.36377,576.90936,507.53015
0.18,0.18,0.0,837.9194,507.1919,636.8276,507.0649
0.21,0.18,0.0,899.5056,505.96844,697.49084,506.5529
0.24,0.18,0.0,961.4829,504.792,758.9161,506.03796
0.27,0.18,0.0,1023.73883,503.6423,821.1792,505.47635
0.0,0.21,0.0,484.59714,572.5859,290.1579,568.24524
0.03,0.21,0.0,541.755,571.9006,345.52484,568.39075
0.06,0.21,0.0,599.76624,571.14923,402.23175,568.40845
0.09,0.21,0.0,658.56165,570.38434,459.91318,568.36487
0.12,0.21,0.0,717.9642,569.65485,518.21857,568.3161
0.15,0.21,0.0,778.2205,568.88916,577.4346,568.2184
0.18,0.21,0.0,839.1717,568.07904,637.40894,568.12933
0.21,0.21,0.0,900.698,567.2893,698.0193,568.06506
0.24,0.21,0.0,962.70013,566.3926,759.4913,567.9037
0.27,0.21,0.0,1024.9233,565.42615,821.7468,567.8003
0.0,0.24,0.0,485.76395,631.225,290.85846,626.7491
0.03,0.24,0.0,542.91077,630.94855,346.2009,627.36945
0.06,0.24,0.0,601.025,630.531,402.95428,627.81757
0.09,0.24,0.0,659.77875,630.14874,460.50916,628.2385
0.12,0.24,0.0,719.1522,629.8699,518.6683,628.65106
0.15,0.24,0.0,779.44604,629.4261,577.9428,628.9353
0.18,0.24,0.0,840.33905,628.9523,637.91125,629.2282
0.21,0.24,0.0,901.8448,628.5214,698.5282,629.6104
0.24,0.24,0.0,963.75653,627.87006,760.0483,629.82935
0.27,0.24,0.0,1025.9012,627.13794,822.22736,630.0774
0.0,0.27,0.0,486.95383,689.79254,291.70187,685.06213
0.03,0.27,0.0,544.1461,689.9034,347.05048,686.1725
0.06,0.27,0.0,602.29944,689.83234,403.7686,687.05493
0.09,0.27,0.0,661.0187,689.8561,461.18497,687.9479
0.12,0.27,0.0,720.3123,690.0265,519.1825,688.9129
0.15,0.27,0.0,780.57745,689.90094,578.4737,689.5648
0.18,0.27,0.0,841.46075,689.736,638.45435,690.28
0.21,0.27,0.0,902.82074,689.6489,699.0251,691.0546
0.24,0.27,0.0,964.6326,689.12115,760.5188,691.5752
0.27,0.27,0.0,1026.5795,688.6373,822.6089,692.19635
0.0,0.0,0.0,470.7254,348.9912,268.16428,344.66284
0.03,0.0,0.0,532.9322,349.431,330.7353,345.55594
0.06,0.0,0.0,594.44507,349.90775,393.02823,346.58417
0.09,0.0,0.0,655.2716,350.4032,454.96207,347.68616
0.12,0.0,0.0,715.37946,350.9129,516.33276,348.83524
0.15,0.0,0.0,774.78033,351.4317,577.0561,350.07742
0.18,0.0,0.0,833.3863,352.01257,636.9873,351.26453
0.21,0.0,0.0,891.17834,352.65384,696.20764,352.47498
0.24,0.0,0.0,947.9773,353.36465,754.6784,353.64032
0.27,0.0,0.0,1003.7441,354.17654,812.4235,354.82883
0.0,0.03,0.0,471.00385,411.12936,267.44757,406.69437
0.03,0.03,0.0,533.253,411.2367,330.13754,407.388
0.06,0.03,0.0,594.8295,411.36252,392.57315,408.13312
0.09,0.03,0.0,655.6585,411.4707,454.57578,408.9515
0.12,0.03,0.0,715.8199,411.62274,516.0233,409.80975
0.15,0.03,0.0,775.21844,411.76645,576.7388,410.65912
0.18,0.03,0.0,833.9037,411.94574,636.7115,411.48575
0.21,0.03,0.0,891.7677,412.18646,695.9518,412.30884
0.24,0.03,0.0,948.6364,412.43112,754.44684,413.12073
0.27,0.03,0.0,1004.50305,412.7716,812.2172,413.89655
0.0,0.06,0.0,471.3326,473.34418,266.95648,468.86258
0.03,0.06,0.0,533.6129,473.10403,329.71823,469.33008
0.06,0.06,0.0,595.20044,472.86432,392.19662,469.7954
0.09,0.06,0.0,656.0574,472.65015,454.25482,470.2875
0.12,0.06,0.0,716.22253,472.42148,515.7209,470.78244
0.15,0.06,0.0,775.65137,472.1978,576.43585,471.25027
0.18,0.06,0.0,834.35046,471.99518,636.44446,471.71832
0.21,0.06,0.0,892.25146,471.8054,695.6709,472.17624
0.24,0.06,0.0,949.1778,471.63608,754.16034,472.61325
0.27,0.06,0.0,1005.08765,471.49625,811.9683,473.01602
0.0,0.09,0.0,471.67188,535.65173,266.65192,531.0595
0.03,0.09,0.0,533.97565,535.03125,329.3968,531.3505
0.06,0.09,0.0,595.5752,534.42194,391.87198,531.5307
0.09,0.09,0.0,656.493,533.82513,453.93942,531.65405
0.12,0.09,0.0,716.61664,533.21857,515.40765,531.7396
0.15,0.09,0.0,776.0417,532.63385,576.15173,531.86957
0.18,0.09,0.0,834.8193,532.0699,636.1496,531.95435
0.21,0.09,0.0,892.73724,531.48456,695.4019,532.022
0.24,0.09,0.0,949.59,530.88916,753.8476,532.09814
0.27,0.09,0.0,1005.5326,530.2811,811.71405,532.1843
0.0,0.12,0.0,472.1086,597.9424,266.50888,593.2411
0.03,0.12,0.0,534.35297,596.95795,329.2199,593.2463
0.06,0.12,0.0,596.01495,596.01654,391.62366,593.20306
0.09,0.12,0.0,656.8874,595.0375,453.6725,592.9865
0.12,0.12,0.0,716.9617,594.0271,515.09796,592.7132
0.15,0.12,0.0,776.3976,593.0645,575.802,592.43243
0.18,0.12,0.0,835.1988,592.1697,635.8602,592.18634
0.21,0.12,0.0,893.1349,591.18835,695.12463,591.8922
0.24,0.12,0.0,949.852,590.1276,753.5425,591.5985
0.27,0.12,0.0,1005.8037,589.05835,811.3926,591.28253
0.0,0.15,0.0,472.58328,660.12244,266.66296,655.2177
0.03,0.15,0.0,534.77716,658.8251,329.1823,655.0134
0.06,0.15,0.0,596.4142,657.57404,391.5173,654.72656
0.09,0.15,0.0,657.2671,656.2186,453.44672,654.2445
0.12,0.15,0.0,717.3644,654.85913,514.7833,653.63983
0.15,0.15,0.0,776.76886,653.51935,575.47504,653.0012
0.18,0.15,0.0,835.53674,652.196,635.521,652.4094
0.21,0.15,0.0,893.3734,650.8007,694.8212,651.7796
0.24,0.15,0.0,950.0109,649.25055,753.219,651.04736
0.27,0.15,0.0,1005.84033,647.6993,810.99634,650.3832
0.0,0.18,0.0,473.10925,722.1358,266.99323,716.8643
0.03,0.18,0.0,535.27747,720.64374,329.3177,716.5669
0.06,0.18,0.0,596.80054,719.03424,391.48566,716.06
0.09,0.18,0.0,657.5899,717.2845,453.2991,715.2839
0.12,0.18,0.0,717.6839,715.57355,514.5297,714.405
0.15,0.18,0.0,777.0755,713.8352,575.16846,713.489
0.18,0.18,0.0,835.72815,712.08905,635.15704,712.5212
0.21,0.18,0.0,893.4838,710.2561,694.45703,711.5585
0.24,0.18,0.0,950.0848,708.2129,752.86523,710.4384
0.27,0.18,0.0,1005.6243,706.07916,810.48517,709.2649
0.0,0.21,0.0,473.78958,783.8993,267.61362,778.1268
0.03,0.21,0.0,535.8409,782.15955,329.68,777.7443
0.06,0.21,0.0,597.2393,780.17664,391.65283,776.9556
0.09,0.21,0.0,657.93823,778.0668,453.26566,775.9468
0.12,0.21,0.0,718.0236,776.06995,514.38763,774.9056
0.15,0.21,0.0,777.30725,773.86725,574.9241,773.66516
0.18,0.21,0.0,835.75806,771.615,634.81036,772.3369
0.21,0.21,0.0,893.44275,769.3692,694.06396,771.0589
0.24,0.21,0.0,949.898,766.8319,752.4057,769.5297
0.27,0.21,0.0,1005.25824,764.17957,809.9344,767.9195
0.0,0.24,0.0,474.6258,845.18665,268.4804,838.827
0.03,0.24,0.0,536.47253,843.2298,330.27084,838.3284
0.06,0.24,0.0,597.70197,840.83417,391.9852,837.3099
0.09,0.24,0.0,658.2966,838.47394,453.37146,836.1736
0.12,0.24,0.0,718.35785,836.1882,514.36066,835.03314
0.15,0.24,0.0,777.40686,833.5071,574.71454,833.4294
0.18,0.24,0.0,835.6666,830.7609,634.4593,831.72815
0.21,0.24,0.0,893.25366,828.08765,693.61035,830.1545
0.24,0.24,0.0,949.4295,824.973,751.803,828.1615
0.27,0.24,0.0,1004.58716,821.7722,809.25116,826.13293
0.0,0.27,0.0,475.67294,905.75085,269.6865,898.74774
0.03,0.27,0.0,537.2483,903.51013,331.15707,898.17316
0.06,0.27,0.0,598.20337,900.8189,392.5536,896.9378
0.09,0.27,0.0,658.6265,898.15234,453.67123,895.66296
0.12,0.27,0.0,718.5959,895.69257,514.42664,894.49524
0.15,0.27,0.0,777.3839,892.4825,574.52686,892.5471
0.18,0.27,0.0,835.45087,889.2754,634.10767,890.5735
0.21,0.27,0.0,892.8401,886.1664,693.1322,888.6685
0.24,0.27,0.0,948.62616,882.3735,751.0474,886.1802
0.27,0.27,0.0,1003.7458,878.7895,808.4182,883.83154
0.0,0.0,0.0,475.58615,360.65662,282.20193,356.41916
0.03,0.0,0.0,534.6335,359.80264,340.57993,356.06396
0.06,0.0,0.0,593.7448,359.02408,399.41574,355.78836
0.09,0.0,0.0,652.869,358.2484,458.57257,355.58963
0.12,0.0,0.0,712.06885,357.498,517.8809,355.45938
0.15,0.0,0.0,771.2136,356.76575,577.2438,355.39166
0.18,0.0,0.0,830.31024,356.07794,636.60815,355.31577
0.21,0.0,0.0,889.21405,355.46783,695.94916,355.2391
0.24,0.0,0.0,947.8254,354.89548,755.2364,355.14194
0.27,0.0,0.0,1005.97437,354.47495,814.4629,355.0642
0.0,0.03,0.0,475.30054,418.79498,280.14554,414.4748
0.03,0.03,0.0,534.73,417.97186,338.90506,414.24658
0.06,0.03,0.0,594.1882,417.20654,398.12552,414.09262
0.09,0.03,0.0,653.6473,416.44016,457.66064,413.95786
0.12,0.03,0.0,713.1828,415.68814,517.3383,413.87497
0.15,0.03,0.0,772.6396,414.95227,577.02136,413.8318
0.18,0.03,0.0,832.1206,414.20285,636.7076,413.73483
0.21,0.03,0.0,891.4015,413.50186,696.3824,413.64505
0.24,0.03,0.0,950.4129,412.85156,755.99365,413.5177
0.27,0.03,0.0,1008.9467,412.27902,815.56976,413.42075
0.0,0.06,0.0,475.06296,477.5923,278.20062,473.22052
0.03,0.06,0.0,534.8053,476.8423,337.31418,473.16455
0.06,0.06,0.0,594.61194,476.0607,396.89246,473.05518
0.09,0.06,0.0,654.40717,475.29022,456.75546,472.9811
0.12,0.06,0.0,714.27936,474.51373,516.7985,472.91837
0.15,0.06,0.0,774.07104,473.76413,576.8107,472.8701
0.18,0.06,0.0,833.88837,473.0243,636.8207,472.74173
0.21,0.06,0.0,893.54767,472.2644,696.78204,472.64594
0.24,0.06,0.0,952.89026,471.52402,756.7229,472.51025
0.27,0.06,0.0,1011.75275,470.80878,816.6462,472.37982
0.0,0.09,0.0,474.81924,537.06976,276.3689,532.6121
0.03,0.09,0.0,534.96,536.3439,335.86032,532.71783
0.06,0.09,0.0,595.06726,535.5574,395.6789,532.6615
0.09,0.09,0.0,655.2205,534.7806,455.87088,532.62646
0.12,0.09,0.0,715.3716,534.04443,516.2317,532.596
0.15,0.09,0.0,775.51636,533.29376,576.5867,532.5127
0.18,0.09,0.0,835.6532,532.4664,636.89435,532.39026
0.21,0.09,0.0,895.6641,531.6627,697.1793,532.23944
0.24,0.09,0.0,955.2398,530.88257,757.41223,532.1662
0.27,0.09,0.0,1014.47186,529.99255,817.6936,531.9807
0.0,0.12,0.0,474.65854,597.1938,274.7496,592.5906
0.03,0.12,0.0,535.10016,596.49994,334.499,592.8209
0.06,0.12,0.0,595.50244,595.705,394.50433,592.8863
0.09,0.12,0.0,655.9817,594.93976,455.0063,592.9121
0.12,0.12,0.0,716.48615,594.2002,515.6805,592.86774
0.15,0.12,0.0,776.92737,593.4212,576.3225,592.8096
0.18,0.12,0.0,837.4062,592.5815,636.9571,592.6498
0.21,0.12,0.0,897.68634,591.7138,697.5808,592.52124
0.24,0.12,0.0,957.50494,590.80835,758.13306,592.4338
0.27,0.12,0.0,1016.98425,589.76514,818.70496,592.22736
0.0,0.15,0.0,474.5475,657.8898,273.33307,653.0391
0.03,0.15,0.0,535.2611,657.2419,333.23264,653.4246
0.06,0.15,0.0,595.9913,656.47644,393.44882,653.6363
0.09,0.15,0.0,656.7848,655.73663,454.20242,653.756
0.12,0.15,0.0,717.60645,654.9737,515.14417,653.7799
0.15,0.15,0.0,778.3362,654.1712,576.07135,653.7171
0.18,0.15,0.0,839.1059,653.3064,637.0254,653.59894
0.21,0.15,0.0,899.61273,652.33154,697.9791,653.445
0.24,0.15,0.0,959.644,651.29626,758.82825,653.2929
0.27,0.15,0.0,1019.3246,650.0486,819.64667,653.0633
0.0,0.18,0.0,474.54193,719.0968,272.15244,713.8618
0.03,0.18,0.0,535.46185,718.5145,332.05447,714.4379
0.06,0.18,0.0,596.4891,717.83673,392.58405,714.8429
0.09,0.18,0.0,657.59174,717.1036,453.4732,715.0618
0.12,0.18,0.0,718.6925,716.329,514.5714,715.1649
0.15,0.18,0.0,779.7231,715.41986,575.79376,715.1896
0.18,0.18,0.0,840.6343,714.48883,637.07465,715.1191
0.21,0.18,0.0,901.43567,713.4281,698.3072,714.9293
0.24,0.18,0.0,961.655,712.1449,759.4579,714.7046
0.27,0.18,0.0,1021.3305,710.7062,820.495,714.3886
0.0,0.21,0.0,474.63013,780.6479,271.1545,774.8682
0.03,0.21,0.0,535.77734,780.1974,331.13733,775.718
0.06,0.21,0.0,597.04913,779.5814,391.83954,776.3213
0.09,0.21,0.0,658.4036,778.8248,452.93604,776.67194
0.12,0.21,0.0,719.71875,778.0282,514.16364,776.89465
0.15,0.21,0.0,781.01025,777.0908,575.64343,776.96564
0.18,0.21,0.0,842.1556,776.0045,637.1216,776.92114
0.21,0.21,0.0,903.0534,774.7911,698.62396,776.7638
0.24,0.21,0.0,963.4195,773.2903,759.99866,776.4678
0.27,0.21,0.0,1023.17285,771.6232,821.20874,776.0384
0.0,0.24,0.0,474.86823,842.39136,270.44315,835.94104
0.03,0.24,0.0,536.1722,842.0827,330.50534,837.1355
0.06,0.24,0.0,597.6457,841.4775,391.31894,837.8768
0.09,0.24,0.0,659.2014,840.7773,452.4626,838.44904
0.12,0.24,0.0,720.7689,840.0061,513.8038,838.8764
0.15,0.24,0.0,782.20386,838.91345,575.4511,838.9636
0.18,0.24,0.0,843.4408,837.68713,637.1477,838.9343
0.21,0.24,0.0,904.4927,836.3125,698.8388,838.78503
0.24,0.24,0.0,964.8789,834.5645,760.4029,838.38165
0.27,0.24,0.0,1024.711,832.5995,821.80414,837.8128
0.0,0.27,0.0,475.2598,904.08484,270.0343,896.93884
0.03,0.27,0.0,536.74066,903.90686,330.15576,898.3723
0.06,0.27,0.0,598.3371,903.33325,391.0269,899.34265
0.09,0.27,0.0,660.0036,902.6644,452.19476,900.127
0.12,0.27,0.0,721.7258,901.95886,513.57043,900.8022
0.15,0.27,0.0,783.23334,900.70874,575.35223,900.94086
0.18,0.27,0.0,844.5464,899.3154,637.1697,900.919
0.21,0.27,0.0,905.67316,897.7513,699.0127,900.86096
0.24,0.27,0.0,965.9927,895.64374,760.62964,900.2519
0.27,0.27,0.0,1025.916,893.4316,822.1822,899.5888
0.0,0.0,0.0,466.60754,353.3549,264.52505,349.09204
0.03,0.0,0.0,528.5186,352.40158,325.54617,348.5445
0.06,0.0,0.0,590.51666,351.4333,387.17947,348.14133
0.09,0.0,0.0,652.5439,350.5917,449.1308,347.82993
0.12,0.0,0.0,714.65247,349.69833,511.41412,347.61392
0.15,0.0,0.0,776.80414,348.85577,573.744,347.48438
0.18,0.0,0.0,838.88184,348.0645,636.1089,347.33127
0.21,0.0,0.0,900.74023,347.36688,698.439,347.1693
0.24,0.0,0.0,962.2955,346.81683,760.83777,347.02444
0.27,0.0,0.0,1023.31635,346.39728,823.08167,346.97635
0.0,0.03,0.0,468.30734,415.25055,266.24304,410.8696
0.03,0.03,0.0,529.9282,414.30338,327.0937,410.51733
0.06,0.03,0.0,591.656,413.41522,388.50314,410.24805
0.09,0.03,0.0,653.40955,412.5498,450.25546,410.05872
0.12,0.03,0.0,715.2635,411.69275,512.2403,409.9061
0.15,0.03,0.0,777.1183,410.87048,574.2926,409.7665
0.18,0.03,0.0,838.90814,410.0447,636.3384,409.64005
0.21,0.03,0.0,900.5668,409.32056,698.36835,409.5165
0.24,0.03,0.0,961.90094,408.65686,760.4263,409.37213
0.27,0.03,0.0,1022.7416,408.04617,822.409,409.2433
0.0,0.06,0.0,470.04327,476.56924,268.1478,472.15106
0.03,0.06,0.0,531.3721,475.70105,328.77115,471.99072
0.06,0.06,0.0,592.8177,474.85336,389.90906,471.83896
0.09,0.06,0.0,654.2789,474.00912,451.40195,471.69595
0.12,0.06,0.0,715.81995,473.14117,513.1035,471.56342
0.15,0.06,0.0,777.3574,472.32816,574.81665,471.43118
0.18,0.06,0.0,838.91516,471.5109,636.5455,471.32748
0.21,0.06,0.0,900.3023,470.7199,698.24243,471.1981
0.24,0.06,0.0,961.3828,469.98514,759.9507,471.0426
0.27,0.06,0.0,1021.956,469.23456,821.667,470.89838
0.0,0.09,0.0,471.78928,537.32294,270.18146,532.8752
0.03,0.09,0.0,532.8581,536.4662,330.56302,532.8069
0.06,0.09,0.0,593.96497,535.6701,391.35614,532.8082
0.09,0.09,0.0,655.1504,534.86865,452.5176,532.7398
0.12,0.09,0.0,716.3706,534.01776,513.9289,532.59375
0.15,0.09,0.0,777.5937,533.1846,575.3317,532.4331
0.18,0.09,0.0,838.85126,532.4087,636.7326,532.3636
0.21,0.09,0.0,899.9752,531.59607,698.1298,532.2547
0.24,0.09,0.0,960.70056,530.6946,759.5068,532.06177
0.27,0.09,0.0,1021.00806,529.8597,820.89276,531.97815
0.0,0.12,0.0,473.564,597.49,272.42422,592.90045
0.03,0.12,0.0,534.32874,596.61536,332.49405,592.96686
0.06,0.12,0.0,595.11426,595.9492,392.82666,593.15375
0.09,0.12,0.0,655.99304,595.0972,453.70728,593.10126
0.12,0.12,0.0,716.9019,594.21124,514.7874,592.9165
0.15,0.12,0.0,777.8195,593.4161,575.83234,592.8009
0.18,0.12,0.0,838.77924,592.6504,636.911,592.75916
0.21,0.12,0.0,899.5407,591.8554,697.99994,592.6713
0.24,0.12,0.0,959.8691,590.82983,759.0311,592.4479
0.27,0.12,0.0,1019.8354,589.89105,820.0787,592.3733
0.0,0.15,0.0,475.41568,656.88727,274.89374,652.0982
0.03,0.15,0.0,535.8045,656.1683,334.45218,652.3863
0.06,0.15,0.0,596.2484,655.55634,394.4333,652.735
0.09,0.15,0.0,656.8394,654.69037,454.91922,652.6939
0.12,0.15,0.0,717.4252,653.80835,515.6028,652.6091
0.15,0.15,0.0,778.01556,653.01807,576.33234,652.5311
0.18,0.15,0.0,838.5857,652.2482,637.08624,652.51154
0.21,0.15,0.0,899.01215,651.3817,697.85077,652.4632
0.24,0.15,0.0,958.95795,650.2191,758.5523,652.1955
0.27,0.15,0.0,1018.49664,649.1366,819.23004,652.07794
0.0,0.18,0.0,477.31488,715.5858,277.4599,710.47046
0.03,0.18,0.0,537.25104,715.05457,336.51096,711.0606
0.06,0.18,0.0,597.4379,714.4123,396.16763,711.4349
0.09,0.18,0.0,657.6722,713.54785,456.21463,711.50336
0.12,0.18,0.0,717.9138,712.73035,516.46277,711.551
0.15,0.18,0.0,778.14874,711.9089,576.78973,711.5523
0.18,0.18,0.0,838.3357,711.06165,637.22125,711.5503
0.21,0.18,0.0,898.3296,710.1272,697.64154,711.5183
0.24,0.18,0.0,957.88116,708.8748,758.02057,711.2462
0.27,0.18,0.0,1016.9246,707.5145,818.2614,710.9568
0.0,0.21,0.0,479.2516,773.50214,280.18222,767.9494
0.03,0.21,0.0,538.8535,773.1267,338.75827,768.80096
0.06,0.21,0.0,598.62476,772.4097,397.99612,769.2039
0.09,0.21,0.0,658.4654,771.55743,457.60025,769.3847
0.12,0.21,0.0,718.3494,770.8912,517.39294,769.7127
0.15,0.21,0.0,778.2182,769.97437,577.3124,769.6959
0.18,0.21,0.0,837.94684,768.9578,637.38153,769.6493
0.21,0.21,0.0,897.52094,768.002,697.43134,769.71423
0.24,0.21,0.0,956.6048,766.59344,757.3869,769.4169
0.27,0.21,0.0,1015.1902,765.0341,817.2323,769.02155
0.0,0.24,0.0,481.30716,830.4741,283.10294,824.41077
0.03,0.24,0.0,540.40686,830.19244,341.19125,825.4553
0.06,0.24,0.0,599.8246,829.39764,400.00717,825.9235
0.09,0.24,0.0,659.272,828.7012,459.05045,826.3631
0.12,0.24,0.0,718.7421,828.1906,518.3475,826.9498
0.15,0.24,0.0,778.1513,827.07697,577.9061,826.90594
0.18,0.24,0.0,837.42175,825.94763,637.497,826.8324
0.21,0.24,0.0,896.5264,824.93054,697.12836,826.9772
0.24,0.24,0.0,955.1079,823.2353,756.68243,826.4876
0.27,0.24,0.0,1013.1774,821.5342,816.05945,826.07263
0.0,0.27,0.0,483.44858,886.34735,286.22757,879.71655
0.03,0.27,0.0,542.1599,886.0632,343.82278,880.8948
0.06,0.27,0.0,601.0821,885.2731,402.09735,881.44763
0.09,0.27,0.0,660.06085,884.6655,460.66037,882.0959
0.12,0.27,0.0,719.1059,884.3283,519.3851,883.03156
0.15,0.27,0.0,777.9738,883.04645,578.4851,882.9319
0.18,0.27,0.0,836.77814,881.78125,637.64386,882.9228
0.21,0.27,0.0,895.36865,880.69977,696.81726,883.1117
0.24,0.27,0.0,953.3553,878.6489,755.8328,882.3779
0.27,0.27,0.0,1010.97363,876.88873,814.7781,882.0304
0.0,0.0,0.0,341.71494,264.50317,154.94684,260.1478
0.03,0.0,0.0,397.30557,261.37555,207.7365,257.2052
0.06,0.0,0.0,453.93008,258.3462,261.87866,254.32355
0.09,0.0,0.0,511.4669,255.36852,317.3551,251.58894
0.12,0.0,0.0,569.93774,252.45561,374.12018,248.97868
0.15,0.0,0.0,629.2341,249.60062,432.00787,246.50285
0.18,0.0,0.0,689.2875,246.76556,490.88748,244.10002
0.21,0.0,0.0,750.08484,243.97836,550.6499,241.77155
0.24,0.0,0.0,811.58405,241.26091,611.2489,239.49901
0.27,0.0,0.0,873.67676,238.6538,672.6741,237.2458
0.0,0.03,0.0,342.3282,322.54834,154.35757,317.73123
0.03,0.03,0.0,398.06323,319.93442,207.31502,315.37656
0.06,0.03,0.0,454.851,317.37222,261.63928,313.09622
0.09,0.03,0.0,512.52203,314.85983,317.3279,310.94095
0.12,0.03,0.0,571.0758,312.39545,374.26773,308.90067
0.15,0.03,0.0,630.4346,309.94543,432.276,306.94592
0.18,0.03,0.0,690.58484,307.47446,491.26904,305.0228
0.21,0.03,0.0,751.48566,305.03363,551.135,303.15536
0.24,0.03,0.0,813.09625,302.63098,611.81104,301.3115
0.27,0.03,0.0,875.3544,300.30106,673.3276,299.4695
0.0,0.06,0.0,343.08752,380.85074,154.05179,375.62686
0.03,0.06,0.0,398.95325,378.7346,207.1189,373.87125
0.06,0.06,0.0,455.85684,376.63828,261.63495,372.2114
0.09,0.06,0.0,513.6039,374.5782,317.46497,370.60367
0.12,0.06,0.0,572.22864,372.5333,374.52902,369.08395
0.15,0.06,0.0,631.6561,370.47534,432.6676,367.5887
0.18,0.06,0.0,691.8309,368.40298,491.7208,366.14572
0.21,0.06,0.0,752.79517,366.29892,551.6351,364.73285
0.24,0.06,0.0,814.51666,364.26736,612.39844,363.33493
0.27,0.06,0.0,876.88464,362.21402,673.90594,361.88538
0.0,0.09,0.0,343.94,439.33884,153.96753,433.75958
0.03,0.09,0.0,399.99356,437.7116,207.2914,432.62103
0.06,0.09,0.0,456.8725,436.02322,261.74298,431.4855
0.09,0.09,0.0,514.7366,434.37607,317.69244,430.453
0.12,0.09,0.0,573.44305,432.75882,374.92377,429.40082
0.15,0.09,0.0,632.873,431.09003,433.1257,428.40967
0.18,0.09,0.0,693.0652,429.41287,492.2188,427.40045
0.21,0.09,0.0,754.07965,427.73178,552.1768,426.4094
0.24,0.09,0.0,815.86237,426.04648,612.98193,425.41293
0.27,0.09,0.0,878.28613,424.34918,674.4653,424.36646
0.0,0.12,0.0,344.9783,497.94473,154.28458,491.99844
0.03,0.12,0.0,401.14374,496.7638,207.7188,491.4655
0.06,0.12,0.0,457.92264,495.52597,262.06253,490.94485
0.09,0.12,0.0,515.87744,494.26895,318.0962,490.38815
0.12,0.12,0.0,574.66534,493.0305,375.4337,489.8373
0.15,0.12,0.0,634.12476,491.7749,433.65323,489.28046
0.18,0.12,0.0,694.3108,490.49728,492.73856,488.68542
0.21,0.12,0.0,755.3546,489.21005,552.71094,488.10233
0.24,0.12,0.0,817.18066,487.88156,613.56506,487.4982
0.27,0.12,0.0,879.65485,486.62552,675.01245,486.84482
0.0,0.15,0.0,346.21643,556.5666,154.96313,550.21985
0.03,0.15,0.0,402.26605,555.8321,208.20721,550.3267
0.06,0.15,0.0,459.0864,555.07336,262.6006,550.3833
0.09,0.15,0.0,517.0999,554.2302,318.7329,550.3511
0.12,0.15,0.0,575.8792,553.35095,375.99347,550.28265
0.15,0.15,0.0,635.3491,552.48395,434.21185,550.1391
0.18,0.15,0.0,695.5624,551.6113,493.2851,549.97363
0.21,0.15,0.0,756.579,550.7419,553.2084,549.80493
0.24,0.15,0.0,818.45447,549.8177,614.0959,549.57513
0.27,0.15,0.0,880.957,548.9292,675.5472,549.3573
0.0,0.18,0.0,347.55283,615.17706,155.88753,608.36786
0.03,0.18,0.0,403.41348,614.9303,208.90327,609.08856
0.06,0.18,0.0,460.3651,614.5709,263.4388,609.72375
0.09,0.18,0.0,518.3781,614.12335,319.5133,610.21
0.12,0.18,0.0,577.0958,613.66187,376.6086,610.6251
0.15,0.18,0.0,636.5539,613.20465,434.7652,610.9907
0.18,0.18,0.0,696.8044,612.7544,493.8339,611.2609
0.21,0.18,0.0,757.8546,612.3042,553.73663,611.54315
0.24,0.18,0.0,819.68665,611.72955,614.59265,611.6854
0.27,0.18,0.0,882.1471,611.16156,676.1471,611.9032
0.0,0.21,0.0,348.95963,673.6489,157.00061,666.3492
0.03,0.21,0.0,404.71567,673.8872,209.88092,667.71436
0.06,0.21,0.0,461.73383,673.969,264.4669,668.8948
0.09,0.21,0.0,519.6683,673.9348,320.4398,669.87244
0.12,0.21,0.0,578.2702,673.99506,377.28833,670.8584
0.15,0.21,0.0,637.76514,673.9056,435.38846,671.7096
0.18,0.21,0.0,698.082,673.81305,494.47092,672.432
0.21,0.21,0.0,759.0682,673.79346,554.2741,673.1757
0.24,0.21,0.0,820.8558,673.59796,615.08746,673.776
0.27,0.21,0.0,883.23987,673.31116,676.6676,674.3768
0.0,0.24,0.0,350.46786,731.912,158.38533,724.0171
0.03,0.24,0.0,406.16537,732.7102,211.1868,726.0094
0.06,0.24,0.0,463.19086,733.2044,265.77426,727.68896
0.09,0.24,0.0,520.99585,733.67395,321.4869,729.3343
0.12,0.24,0.0,579.44244,734.2123,378.04352,730.9299
0.15,0.24,0.0,638.98926,734.49536,436.15173,732.2201
0.18,0.24,0.0,699.2996,734.7689,495.14618,733.4388
0.21,0.24,0.0,760.19336,735.1741,554.8329,734.71716
0.24,0.24,0.0,821.91315,735.2424,615.6229,735.6932
0.27,0.24,0.0,884.17914,735.2634,677.1496,736.7013
0.0,0.27,0.0,352.18604,789.84216,160.0374,781.2855
0.03,0.27,0.0,407.84204,791.11475,212.84085,783.87195
0.06,0.27,0.0,464.77252,792.0607,267.3451,786.1004
0.09,0.27,0.0,522.42395,793.0539,322.7663,788.3244
0.12,0.27,0.0,580.7169,794.1884,378.98752,790.61255
0.15,0.27,0.0,640.2416,794.78314,437.04013,792.38666
0.18,0.27,0.0,700.43866,795.45447,495.88806,794.0772
0.21,0.27,0.0,761.2483,796.19165,555.43604,795.8863
0.24,0.27,0.0,822.8646,796.44086,616.2323,797.18134
0.27,0.27,0.0,884.9399,796.8104,677.5659,798.7122
0.0,0.0,0.0,328.16208,248.21301,132.3866,243.9742
0.03,0.0,0.0,389.9474,248.69487,193.14491,244.54285
0.06,0.0,0.0,451.48148,249.39876,254.12672,245.35815
0.09,0.0,0.0,512.5763,250.1939,315.21368,246.37473
0.12,0.0,0.0,573.12445,251.13684,376.33963,247.64369
0.15,0.0,0.0,633.0603,252.14647,437.09354,249.09856
0.18,0.0,0.0,692.3066,253.25716,497.3999,250.6669
0.21,0.0,0.0,750.8685,254.34697,557.15485,252.32692
0.24,0.0,0.0,808.67334,255.54988,616.2525,254.03856
0.27,0.0,0.0,865.6803,256.83237,674.7039,255.77425
0.0,0.03,0.0,327.8428,309.32928,130.8101,304.54385
0.03,0.03,0.0,389.85696,309.6517,191.78026,305.109
0.06,0.03,0.0,451.55777,310.13583,253.01376,305.83856
0.09,0.03,0.0,512.7775,310.7112,314.34225,306.74725
0.12,0.03,0.0,573.44495,311.36148,375.63315,307.86487
0.15,0.03,0.0,633.41797,312.06375,436.5447,309.12213
0.18,0.03,0.0,692.72577,312.76645,496.95703,310.4062
0.21,0.03,0.0,751.34436,313.52145,556.8015,311.77643
0.24,0.03,0.0,809.2605,314.31125,615.97534,313.16968
0.27,0.03,0.0,866.3833,315.18912,674.4586,314.58673
0.0,0.06,0.0,327.75427,370.807,129.55759,365.4902
0.03,0.06,0.0,389.91473,370.9317,190.70871,366.03214
0.06,0.06,0.0,451.72275,371.1521,252.14804,366.6931
0.09,0.06,0.0,513.0289,371.4558,313.63055,367.46756
0.12,0.06,0.0,573.7323,371.79352,375.0526,368.34106
0.15,0.06,0.0,633.7547,372.15994,436.0548,369.33514
0.18,0.06,0.0,693.1293,372.50412,496.5941,370.35583
0.21,0.06,0.0,751.80414,372.89664,556.49066,371.39865
0.24,0.06,0.0,809.74426,373.31357,615.6947,372.48605
0.27,0.06,0.0,866.94104,373.7887,674.19147,373.53564
0.0,0.09,0.0,327.79556,432.49484,128.66037,426.68823
0.03,0.09,0.0,390.07266,432.40384,189.9492,427.1974
0.06,0.09,0.0,451.9847,432.32428,251.44041,427.69995
0.09,0.09,0.0,513.36725,432.29614,313.08783,428.3184
0.12,0.09,0.0,574.07117,432.3203,374.57452,428.98047
0.15,0.09,0.0,634.1067,432.3366,435.675,429.65817
0.18,0.09,0.0,693.5465,432.3411,496.25558,430.36935
0.21,0.09,0.0,752.269,432.35272,556.2196,431.10663
0.24,0.09,0.0,810.18665,432.41934,615.41223,431.83002
0.27,0.09,0.0,867.48193,432.47745,673.9215,432.49823
0.0,0.12,0.0,328.03818,494.3215,128.10504,488.09183
0.03,0.12,0.0,390.38458,493.9557,189.491,488.4874
0.06,0.12,0.0,452.30984,493.6025,250.96686,488.85434
0.09,0.12,0.0,513.6952,493.22983,312.69925,489.3061
0.12,0.12,0.0,574.41113,492.88388,374.1917,489.6809
0.15,0.12,0.0,634.48175,492.54495,435.31564,490.0464
0.18,0.12,0.0,693.9201,492.23,495.97006,490.42307
0.21,0.12,0.0,752.68665,491.89478,555.948,490.7649
0.24,0.12,0.0,810.5703,491.57788,615.08545,491.13864
0.27,0.12,0.0,867.91876,491.26193,673.6483,491.4665
0.0,0.15,0.0,328.43295,556.18677,127.95064,549.47784
0.03,0.15,0.0,390.74512,555.5476,189.25041,549.81274
0.06,0.15,0.0,452.65814,554.89325,250.71246,550.08545
0.09,0.15,0.0,514.0409,554.21423,312.4129,550.264
0.12,0.15,0.0,574.75,553.50684,373.9088,550.3795
0.15,0.15,0.0,634.8293,552.8095,435.04013,550.4468
0.18,0.15,0.0,694.2974,552.1629,495.6418,550.48706
0.21,0.15,0.0,753.06396,551.4799,555.6189,550.5057
0.24,0.15,0.0,810.97925,550.79144,614.7835,550.429
0.27,0.15,0.0,868.2735,550.12665,673.31366,550.44696
0.0,0.18,0.0,328.98993,617.9712,128.1381,610.73706
0.03,0.18,0.0,391.1713,617.1272,189.23807,611.0203
0.06,0.18,0.0,453.0655,616.18805,250.72922,611.1875
0.09,0.18,0.0,514.40454,615.13855,312.3079,611.1434
0.12,0.18,0.0,575.1398,614.1075,373.69827,611.0147
0.15,0.18,0.0,635.2002,613.08405,434.75003,610.7892
0.18,0.18,0.0,694.6375,612.0668,495.3286,610.5085
0.21,0.18,0.0,753.4407,611.062,555.27466,610.2038
0.24,0.18,0.0,811.343,609.99164,614.4757,609.81
0.27,0.18,0.0,868.54846,608.94696,672.9641,609.423
0.0,0.21,0.0,329.70334,679.59955,128.60594,671.7352
0.03,0.21,0.0,391.7396,678.6063,189.56236,672.0343
0.06,0.21,0.0,453.56042,677.36017,250.93849,672.0126
0.09,0.21,0.0,514.8154,676.0123,312.35367,671.8057
0.12,0.21,0.0,575.5355,674.69025,373.608,671.537
0.15,0.21,0.0,635.59186,673.31287,434.54944,671.0309
0.18,0.21,0.0,694.9863,671.914,495.05328,670.4316
0.21,0.21,0.0,753.7929,670.6084,554.9701,669.8556
0.24,0.21,0.0,811.6645,669.16223,614.1695,669.12115
0.27,0.21,0.0,868.79974,667.66254,672.63654,668.4007
0.0,0.24,0.0,330.5976,741.00635,129.48378,732.41046
0.03,0.24,0.0,392.50912,739.7994,190.23454,732.6658
0.06,0.24,0.0,454.14468,738.28906,251.43884,732.5216
0.09,0.24,0.0,515.3175,736.7102,312.631,732.21405
0.12,0.24,0.0,576.0043,735.2114,373.66913,731.8189
0.15,0.24,0.0,635.9602,733.42267,434.44843,731.0656
0.18,0.24,0.0,695.3005,731.6662,494.83517,730.2094
0.21,0.24,0.0,754.07745,730.03876,554.6934,729.37695
0.24,0.24,0.0,811.865,728.15936,613.80817,728.30786
0.27,0.24,0.0,868.92346,726.2446,672.24713,727.2361
0.0,0.27,0.0,331.75116,801.9425,130.69304,792.54626
0.03,0.27,0.0,393.43,800.6011,191.22829,792.7736
0.06,0.27,0.0,454.8586,798.8089,252.14253,792.52094
0.09,0.27,0.0,515.8834,797.0499,313.07184,792.10144
0.12,0.27,0.0,576.5097,795.4232,373.91513,791.7443
0.15,0.27,0.0,636.3535,793.2702,434.51578,790.70886
0.18,0.27,0.0,695.59534,791.1501,494.73203,789.6205
0.21,0.27,0.0,754.3155,789.16925,554.48315,788.60974
0.24,0.27,0.0,811.8949,786.7499,613.46783,787.10486
0.27,0.27,0.0,868.96747,784.4795,671.9252,785.7849
0.0,0.0,0.0,339.83698,264.5499,152.2736,260.20758
0.03,0.0,0.0,397.8309,263.299,208.46004,259.06406
0.06,0.0,0.0,456.1949,262.1994,265.44595,258.1522
0.09,0.0,0.0,514.8127,261.1869,323.1566,257.3955
0.12,0.0,0.0,573.6038,260.2873,381.42957,256.81363
0.15,0.0,0.0,632.4854,259.4886,440.1195,256.415
0.18,0.0,0.0,691.36053,258.74008,499.03467,256.1258
0.21,0.0,0.0,750.2295,258.02594,558.0717,255.89928
0.24,0.0,0.0,809.023,257.38287,617.1606,255.76566
0.27,0.0,0.0,867.6714,256.86288,676.31683,255.65591
0.0,0.03,0.0,338.3734,321.37018,148.86996,316.561
0.03,0.03,0.0,396.85352,320.26584,205.49048,315.7094
0.06,0.03,0.0,455.6518,319.26898,262.93686,315.0076
0.09,0.03,0.0,514.6909,318.38342,321.10382,314.4705
0.12,0.03,0.0,573.8659,317.5475,379.85468,314.05954
0.15,0.03,0.0,633.09033,316.77106,438.95786,313.77637
0.18,0.03,0.0,692.3369,315.96124,498.26715,313.5712
0.21,0.03,0.0,751.6114,315.24042,557.6956,313.4032
0.24,0.03,0.0,810.8096,314.53577,617.1582,313.29855
0.27,0.03,0.0,869.87616,313.91556,676.633,313.20615
0.0,0.06,0.0,337.09824,379.02652,145.66562,373.80658
0.03,0.06,0.0,395.96454,378.0903,202.67308,373.24185
0.06,0.06,0.0,455.21344,377.17343,260.57333,372.75558
0.09,0.06,0.0,514.6174,376.3422,319.1579,372.39148
0.12,0.06,0.0,574.1736,375.57407,378.29706,372.10397
0.15,0.06,0.0,633.733,374.7712,437.8511,371.92938
0.18,0.06,0.0,693.3319,373.96054,497.55542,371.7894
0.21,0.06,0.0,752.93225,373.20676,557.3505,371.672
0.24,0.06,0.0,812.5221,372.47678,617.18335,371.6061
0.27,0.06,0.0,871.966,371.80487,676.95526,371.48248
0.0,0.09,0.0,335.8962,437.46655,142.70341,431.80014
0.03,0.09,0.0,395.23672,436.66495,200.18294,431.55627
0.06,0.09,0.0,454.76123,435.79147,258.355,431.24728
0.09,0.09,0.0,514.5702,434.98785,317.32684,431.04443
0.12,0.09,0.0,574.4591,434.26013,376.93054,430.93863
0.15,0.09,0.0,634.3853,433.48654,436.80518,430.83862
0.18,0.09,0.0,694.30945,432.65268,496.85257,430.68704
0.21,0.09,0.0,754.28314,431.88016,557.00323,430.5655
0.24,0.09,0.0,814.18964,431.17963,617.1542,430.56616
0.27,0.09,0.0,874.032,430.3787,677.25104,430.3942
0.0,0.12,0.0,334.8469,496.6493,140.10889,490.56198
0.03,0.12,0.0,394.54172,495.97238,197.89795,490.57156
0.06,0.12,0.0,454.39355,495.10788,256.2591,490.46317
0.09,0.12,0.0,514.5483,494.35086,315.63797,490.442
0.12,0.12,0.0,574.7986,493.62885,375.5952,490.4561
0.15,0.12,0.0,635.045,492.87854,435.79932,490.3832
0.18,0.12,0.0,695.3173,492.04706,496.17093,490.23236
0.21,0.12,0.0,755.638,491.25864,556.6651,490.1288
0.24,0.12,0.0,815.8454,490.55243,617.147,490.1304
0.27,0.12,0.0,876.04333,489.70764,677.4947,489.93936
0.0,0.15,0.0,333.97287,556.5024,137.79782,549.90485
0.03,0.15,0.0,393.91812,555.8644,195.74637,550.1731
0.06,0.15,0.0,454.05994,555.0988,254.41179,550.3118
0.09,0.15,0.0,514.57806,554.4205,314.11407,550.4601
0.12,0.15,0.0,575.13904,553.66547,374.3151,550.5579
0.15,0.15,0.0,635.7054,552.91425,434.8058,550.561
0.18,0.15,0.0,696.3095,552.0974,495.49203,550.4705
0.21,0.15,0.0,756.95105,551.2998,556.26245,550.35846
0.24,0.15,0.0,817.48834,550.5574,617.081,550.29926
0.27,0.15,0.0,877.964,549.719,677.8044,550.1529
0.0,0.18,0.0,333.22357,616.9151,135.7788,609.7795
0.03,0.18,0.0,393.29605,616.3791,193.77902,610.3287
0.06,0.18,0.0,453.83942,615.7382,252.79457,610.7609
0.09,0.18,0.0,514.63257,615.08966,312.70047,611.0651
0.12,0.18,0.0,575.47095,614.3654,373.1113,611.24445
0.15,0.18,0.0,636.36005,613.61096,433.84665,611.3488
0.18,0.18,0.0,697.3221,612.814,494.804,611.3404
0.21,0.18,0.0,758.29016,612.0208,555.87854,611.2373
0.24,0.18,0.0,819.1664,611.2448,616.9902,611.1578
0.27,0.18,0.0,879.8826,610.3705,678.0778,611.02954
0.0,0.21,0.0,332.604,677.8188,134.01103,670.0308
0.03,0.21,0.0,392.87115,677.46594,192.12428,670.90216
0.06,0.21,0.0,453.67978,676.9426,251.40317,671.5933
0.09,0.21,0.0,514.73303,676.32104,311.4437,672.114
0.12,0.21,0.0,575.8122,675.60614,371.9727,672.441
0.15,0.21,0.0,637.0463,674.88367,432.93256,672.6465
0.18,0.21,0.0,698.3014,674.1564,494.20166,672.7192
0.21,0.21,0.0,759.59503,673.32764,555.5171,672.6878
0.24,0.21,0.0,820.7504,672.4692,616.9487,672.6103
0.27,0.21,0.0,881.71155,671.52234,678.3309,672.51196
0.0,0.24,0.0,332.1453,739.0884,132.58992,730.4994
0.03,0.24,0.0,392.58704,738.94684,190.8328,731.7453
0.06,0.24,0.0,453.63446,738.58014,250.28593,732.7337
0.09,0.24,0.0,514.8912,738.0636,310.37756,733.4881
0.12,0.24,0.0,576.2065,737.4412,370.94754,734.06396
0.15,0.24,0.0,637.72473,736.772,432.11606,734.38574
0.18,0.24,0.0,699.28296,735.9807,493.61322,734.5951
0.21,0.24,0.0,760.84656,735.1956,555.1712,734.6964
0.24,0.24,0.0,822.21814,734.205,616.8846,734.599
0.27,0.24,0.0,883.4248,733.1134,678.58105,734.4949
0.0,0.27,0.0,331.92157,800.598,131.55692,791.0935
0.03,0.27,0.0,392.55167,800.6732,189.90385,792.7229
0.06,0.27,0.0,453.7591,800.4672,249.43631,793.9772
0.09,0.27,0.0,515.1615,800.078,309.5503,795.04456
0.12,0.27,0.0,576.69836,799.6705,370.11246,795.9022
0.15,0.27,0.0,638.4613,798.97046,431.4993,796.3917
0.18,0.27,0.0,700.24414,798.185,493.1281,796.7295
0.21,0.27,0.0,762.0412,797.3172,554.8584,796.9657
0.24,0.27,0.0,823.5515,796.2153,616.8328,796.90546
0.27,0.27,0.0,884.98444,795.0024,678.7602,796.80664
0.0,0.0,0.0,324.50204,252.87404,129.13126,248.63263
0.03,0.0,0.0,385.13895,251.34201,187.57011,247.193
0.06,0.0,0.0,446.19965,249.99571,246.99603,246.00568
0.09,0.0,0.0,507.63907,248.78885,307.2815,244.98557
0.12,0.0,0.0,569.29834,247.71745,368.2687,244.21806
0.15,0.0,0.0,631.0825,246.7564,429.7548,243.6516
0.18,0.0,0.0,692.92834,245.85538,491.57358,243.19237
0.21,0.0,0.0,754.76807,245.04272,553.5658,242.89775
0.24,0.0,0.0,816.5508,244.35564,615.6661,242.692
0.27,0.0,0.0,878.1384,243.80566,677.81274,242.53822
0.0,0.03,0.0,326.3631,314.29538,130.58408,309.50278
0.03,0.03,0.0,386.85693,312.968,188.98431,308.44177
0.06,0.03,0.0,447.81247,311.7987,248.3775,307.5467
0.09,0.03,0.0,509.07047,310.73154,308.57632,306.81424
0.12,0.03,0.0,570.5028,309.74597,369.44034,306.26083
0.15,0.03,0.0,632.0509,308.87064,430.77246,305.8267
0.18,0.03,0.0,693.6185,307.98224,492.39334,305.53287
0.21,0.03,0.0,755.24457,307.1468,554.1472,305.31705
0.24,0.03,0.0,816.80707,306.39243,615.98206,305.162
0.27,0.03,0.0,878.2476,305.7229,677.8659,305.0353
0.0,0.06,0.0,328.3911,375.40375,132.42314,370.14487
0.03,0.06,0.0,388.71295,374.2896,190.70036,369.40573
0.06,0.06,0.0,449.5087,373.2522,249.95557,368.8149
0.09,0.06,0.0,510.56552,372.3204,310.0141,368.31924
0.12,0.06,0.0,571.71655,371.40436,370.72525,367.94022
0.15,0.06,0.0,632.9919,370.49557,431.83813,367.6642
0.18,0.06,0.0,694.2972,369.63696,493.2633,367.45828
0.21,0.06,0.0,755.64044,368.81174,554.7828,367.3022
0.24,0.06,0.0,816.94763,368.0457,616.31775,367.18057
0.27,0.06,0.0,878.1832,367.33475,677.8683,367.05313
0.0,0.09,0.0,330.5736,436.13614,134.51758,430.40332
0.03,0.09,0.0,390.76965,435.1463,192.74904,429.98618
0.06,0.09,0.0,451.27206,434.24847,251.75331,429.65952
0.09,0.09,0.0,512.079,433.34467,311.59637,429.39044
0.12,0.09,0.0,572.96936,432.47852,372.1353,429.1321
0.15,0.09,0.0,633.9263,431.6134,433.0496,428.9393
0.18,0.09,0.0,694.9687,430.7906,494.1665,428.83188
0.21,0.09,0.0,756.02637,429.99304,555.3667,428.72006
0.24,0.09,0.0,817.0682,429.17575,616.61505,428.59006
0.27,0.09,0.0,878.01825,428.4298,677.8401,428.4985
0.0,0.12,0.0,332.91092,496.35992,137.0153,490.2271
0.03,0.12,0.0,392.87143,495.44522,195.03255,490.06375
0.06,0.12,0.0,453.0514,494.6968,253.71329,490.04636
0.09,0.12,0.0,513.59076,493.8511,313.39142,489.90036
0.12,0.12,0.0,574.21545,492.9302,373.64487,489.7537
0.15,0.12,0.0,634.86945,492.13617,434.2821,489.63162
0.18,0.12,0.0,695.596,491.3838,495.0748,489.59723
0.21,0.12,0.0,756.3706,490.59677,555.997,489.50375
0.24,0.12,0.0,817.1031,489.74542,616.9308,489.33224
0.27,0.12,0.0,877.7961,489.0062,677.7993,489.2563
0.0,0.15,0.0,335.42276,555.9473,139.82245,549.4039
0.03,0.15,0.0,395.02615,555.23206,197.49878,549.57465
0.06,0.15,0.0,454.8953,554.5734,255.85281,549.79236
0.09,0.15,0.0,515.12964,553.6937,315.34555,549.7939
0.12,0.15,0.0,575.465,552.86237,375.22882,549.72894
0.15,0.15,0.0,635.8024,552.07275,435.53152,549.7085
0.18,0.15,0.0,696.23285,551.3394,495.97415,549.6833
0.21,0.15,0.0,756.71655,550.6027,556.5692,549.64014
0.24,0.15,0.0,817.1152,549.71155,617.1847,549.46716
0.27,0.15,0.0,877.5199,548.98804,677.77747,549.39276
0.0,0.18,0.0,337.97223,614.9083,142.91248,607.9035
0.03,0.18,0.0,397.17624,614.3977,200.10252,608.4447
0.06,0.18,0.0,456.77087,613.7471,258.27835,608.79706
0.09,0.18,0.0,516.6859,612.92145,317.35345,608.94086
0.12,0.18,0.0,576.6737,612.1488,376.88718,609.07776
0.15,0.18,0.0,636.71497,611.41284,436.78537,609.1232
0.18,0.18,0.0,696.8404,610.68634,496.89584,609.15533
0.21,0.18,0.0,757.0049,609.9979,557.13574,609.19403
0.24,0.18,0.0,817.12036,609.16113,617.4287,609.0091
0.27,0.18,0.0,877.12244,608.30505,677.7092,608.8936
0.0,0.21,0.0,340.6302,673.1778,146.20642,665.6835
0.03,0.21,0.0,399.45615,672.8374,202.96689,666.49506
0.06,0.21,0.0,458.73178,672.22784,260.8725,667.03864
0.09,0.21,0.0,518.2851,671.462,319.5492,667.33075
0.12,0.21,0.0,577.885,670.885,378.54642,667.7222
0.15,0.21,0.0,637.6265,670.13385,438.08405,667.84686
0.18,0.21,0.0,697.43115,669.3843,497.86868,667.88135
0.21,0.21,0.0,757.2837,668.75507,557.704,668.0164
0.24,0.21,0.0,817.058,667.894,617.7113,667.8926
0.27,0.21,0.0,876.69196,666.98987,677.652,667.803
0.0,0.24,0.0,343.4332,730.7041,149.73724,722.5827
0.03,0.24,0.0,401.81293,730.5374,206.13553,723.6821
0.06,0.24,0.0,460.75946,729.898,263.66608,724.3156
0.09,0.24,0.0,519.9029,729.342,321.79306,724.92566
0.12,0.24,0.0,579.10956,728.95795,380.30963,725.6153
0.15,0.24,0.0,638.5473,728.14935,439.48215,725.75354
0.18,0.24,0.0,697.99915,727.3952,498.85754,725.8773
0.21,0.24,0.0,757.5197,726.8498,558.29266,726.1576
0.24,0.24,0.0,816.8737,725.8505,617.9503,726.02924
0.27,0.24,0.0,876.1371,724.90485,677.57544,725.96027
0.0,0.27,0.0,346.35815,787.3031,153.46133,778.5446
0.03,0.27,0.0,404.33823,787.231,209.53914,779.84015
0.06,0.27,0.0,462.89532,786.6937,266.63354,780.6416
0.09,0.27,0.0,521.5473,786.31915,324.24176,781.4943
0.12,0.27,0.0,580.39545,786.19464,382.21375,782.54706
0.15,0.27,0.0,639.4398,785.3479,440.9595,782.7597
0.18,0.27,0.0,698.5488,784.5713,499.89505,783.00116
0.21,0.27,0.0,757.6712,784.06757,558.9328,783.4468
0.24,0.27,0.0,816.57733,782.8633,618.1993,783.1568
0.27,0.27,0.0,875.44415,781.9313,677.4536,783.27466
0.0,0.0,0.0,470.826,142.89285,273.60117,139.45111
0.03,0.0,0.0,532.133,144.21844,334.94824,140.74136
0.06,0.0,0.0,592.86475,145.67728,396.1509,142.32266
0.09,0.0,0.0,652.9826,147.32243,457.09668,144.13725
0.12,0.0,0.0,712.424,149.0629,517.60474,146.16814
0.15,0.0,0.0,771.0856,150.95238,577.5265,148.41035
0.18,0.0,0.0,828.88873,153.01236,636.8413,150.71333
0.21,0.0,0.0,885.78735,155.24257,695.43994,153.13394
0.24,0.0,0.0,941.69806,157.60564,753.25964,155.6747
0.27,0.0,0.0,996.54364,160.15675,810.3348,158.31886
0.0,0.03,0.0,470.68042,203.42444,272.05438,199.61917
0.03,0.03,0.0,532.1983,204.48663,333.69675,200.85385
0.06,0.03,0.0,593.1353,205.67693,395.1535,202.31656
0.09,0.03,0.0,653.38354,207.00539,456.334,203.971
0.12,0.03,0.0,712.93713,208.41814,517.03656,205.80977
0.15,0.03,0.0,771.73975,209.9152,577.1246,207.75099
0.18,0.03,0.0,829.75616,211.52716,636.5621,209.73535
0.21,0.03,0.0,886.85156,213.20876,695.2969,211.80855
0.24,0.03,0.0,942.9527,215.09149,753.2797,213.93399
0.27,0.03,0.0,998.00116,217.1028,810.4685,216.12206
0.0,0.06,0.0,470.6981,264.47266,270.7747,260.42398
0.03,0.06,0.0,532.3575,265.30368,332.66217,261.57132
0.06,0.06,0.0,593.41846,266.21808,394.38483,262.85428
0.09,0.06,0.0,653.75244,267.20148,455.7437,264.30515
0.12,0.06,0.0,713.4256,268.27707,516.583,265.86862
0.15,0.06,0.0,772.318,269.33142,576.7836,267.50897
0.18,0.06,0.0,830.46674,270.4839,636.3288,269.19785
0.21,0.06,0.0,887.75336,271.7129,695.1349,270.87088
0.24,0.06,0.0,944.00305,273.12643,753.1818,272.60275
0.27,0.06,0.0,999.2085,274.6154,810.4694,274.36435
0.0,0.09,0.0,470.8424,325.88773,269.7035,321.64813
0.03,0.09,0.0,532.58325,326.4951,331.8517,322.66162
0.06,0.09,0.0,593.7352,327.04785,393.7339,323.68246
0.09,0.09,0.0,654.1694,327.67053,455.23178,324.91693
0.12,0.09,0.0,713.856,328.37183,516.183,326.25345
0.15,0.09,0.0,772.82635,329.06253,576.4631,327.57062
0.18,0.09,0.0,831.0935,329.7588,636.0608,328.8903
0.21,0.09,0.0,888.54285,330.54333,694.95026,330.2075
0.24,0.09,0.0,944.83716,331.47864,752.97534,331.57724
0.27,0.09,0.0,1000.2885,332.45285,810.40485,332.88495
0.0,0.12,0.0,471.07794,387.575,268.95627,383.22397
0.03,0.12,0.0,532.88165,387.87003,331.21133,384.0254
0.06,0.12,0.0,594.13007,388.07144,393.20212,384.8179
0.09,0.12,0.0,654.5342,388.35117,454.8304,385.75497
0.12,0.12,0.0,714.25415,388.6593,515.8323,386.76434
0.15,0.12,0.0,773.24066,388.9667,576.1319,387.7772
0.18,0.12,0.0,831.65424,389.26672,635.83075,388.70596
0.21,0.12,0.0,889.1827,389.62582,694.725,389.67395
0.24,0.12,0.0,945.50146,390.12585,752.75616,390.65854
0.27,0.12,0.0,1001.1102,390.5833,810.21405,391.53802
0.0,0.15,0.0,471.36118,449.39056,268.39426,444.93283
0.03,0.15,0.0,533.2299,449.3095,330.7488,445.50543
0.06,0.15,0.0,594.486,449.1618,392.81033,446.0957
0.09,0.15,0.0,654.9088,449.12012,454.4656,446.69717
0.12,0.15,0.0,714.61456,449.05823,515.5215,447.35745
0.15,0.15,0.0,773.6562,448.98236,575.8589,447.985
0.18,0.15,0.0,832.1076,448.90146,635.5381,448.58133
0.21,0.15,0.0,889.6972,448.8871,694.4288,449.1744
0.24,0.15,0.0,946.08374,448.91595,752.4534,449.76605
0.27,0.15,0.0,1001.74475,448.93982,809.9432,450.30817
0.0,0.18,0.0,471.7055,511.23508,268.0264,506.79117
0.03,0.18,0.0,533.604,510.7767,330.3036,507.0504
0.06,0.18,0.0,594.81085,510.3671,392.43195,507.37695
0.09,0.18,0.0,655.23456,509.91318,454.14447,507.68613
0.12,0.18,0.0,715.0229,509.47147,515.1982,507.94498
0.15,0.18,0.0,774.0829,509.03482,575.5235,508.20093
0.18,0.18,0.0,832.47943,508.6376,635.19196,508.4428
0.21,0.18,0.0,890.10406,508.20288,694.0968,508.65677
0.24,0.18,0.0,946.6251,507.77487,752.1874,508.88144
0.27,0.18,0.0,1002.12476,507.35147,809.5982,509.08627
0.0,0.21,0.0,472.0775,573.14105,267.82803,568.57184
0.03,0.21,0.0,533.9834,572.30396,330.09824,568.6573
0.06,0.21,0.0,595.1682,571.5452,392.18686,568.6826
0.09,0.21,0.0,655.59344,570.69556,453.80078,568.62494
0.12,0.21,0.0,715.43176,569.9166,514.8807,568.5511
0.15,0.21,0.0,774.4605,569.1194,575.23645,568.4087
0.18,0.21,0.0,832.82245,568.32263,634.8285,568.2586
0.21,0.21,0.0,890.5022,567.5175,693.7879,568.16003
0.24,0.21,0.0,946.9682,566.6773,751.89545,567.9885
0.27,0.21,0.0,1002.44446,565.7921,809.3166,567.8507
0.0,0.24,0.0,472.4974,635.035,267.77032,630.27826
0.03,0.24,0.0,534.36774,633.92,329.98773,630.1881
0.06,0.24,0.0,595.505,632.6669,391.9918,629.87555
0.09,0.24,0.0,655.9512,631.48834,453.56485,629.52356
0.12,0.24,0.0,715.8813,630.4083,514.60834,629.1696
0.15,0.24,0.0,774.8519,629.1987,574.89233,628.62115
0.18,0.24,0.0,833.1073,627.9923,634.4966,628.09955
0.21,0.24,0.0,890.8024,626.8198,693.48846,627.7091
0.24,0.24,0.0,947.1806,625.4891,751.5701,627.14105
0.27,0.24,0.0,1002.59656,624.14795,808.95776,626.6126
0.0,0.27,0.0,473.00266,696.8279,267.98975,691.738
0.03,0.27,0.0,534.81104,695.38495,330.0491,691.4396
0.06,0.27,0.0,595.82306,693.7465,391.94534,690.86127
0.09,0.27,0.0,656.3153,692.22986,453.34256,690.2185
0.12,0.27,0.0,716.3024,690.858,514.3524,689.6919
0.15,0.27,0.0,775.177,689.1805,574.5768,688.76117
0.18,0.27,0.0,833.3805,687.5673,634.1464,687.9029
0.21,0.27,0.0,890.9994,686.00757,693.1766,687.1517
0.24,0.27,0.0,947.13245,684.13794,751.1047,686.1418
0.27,0.27,0.0,1002.5819,682.31274,808.5747,685.2471
0.0,0.0,0.0,475.48013,164.37747,286.9292,160.86006
0.03,0.0,0.0,533.7533,163.24812,344.32852,159.80467
0.06,0.0,0.0,592.1651,162.28032,402.23773,158.97533
0.09,0.0,0.0,650.6734,161.38847,460.48325,158.34807
0.12,0.0,0.0,709.2256,160.70699,519.08545,157.92714
0.15,0.0,0.0,767.6992,160.17319,577.768,157.64738
0.18,0.0,0.0,825.9879,159.80559,636.4911,157.52802
0.21,0.0,0.0,884.0368,159.6023,695.25006,157.48634
0.24,0.0,0.0,941.7089,159.61424,753.923,157.5588
0.27,0.0,0.0,998.8735,159.87407,812.3993,157.789
0.0,0.03,0.0,474.8772,220.15894,284.21396,216.4039
0.03,0.03,0.0,533.6245,219.11269,342.16833,215.53175
0.06,0.03,0.0,592.5144,218.22874,400.5313,214.90646
0.09,0.03,0.0,651.4382,217.43155,459.32364,214.43713
0.12,0.03,0.0,710.4053,216.69566,518.3351,214.10478
0.15,0.03,0.0,769.31,216.07944,577.4573,213.92278
0.18,0.03,0.0,828.0713,215.54951,636.6371,213.78387
0.21,0.03,0.0,886.62006,215.18314,695.79266,213.73407
0.24,0.03,0.0,944.7919,215.0321,754.8782,213.75099
0.27,0.03,0.0,1002.4922,215.06256,813.86273,213.89027
0.0,0.06,0.0,474.40353,276.96695,281.70166,272.9707
0.03,0.06,0.0,533.568,276.0466,340.05472,272.32593
0.06,0.06,0.0,592.8654,275.1528,398.98398,271.81607
0.09,0.06,0.0,652.1908,274.38446,458.1999,271.48843
0.12,0.06,0.0,711.5507,273.66043,517.6553,271.2922
0.15,0.06,0.0,770.84595,272.9769,577.16437,271.15152
0.18,0.06,0.0,830.06854,272.34082,636.7377,271.0296
0.21,0.06,0.0,889.0754,271.81558,696.28784,270.94376
0.24,0.06,0.0,947.74457,271.52197,755.7909,270.9103
0.27,0.06,0.0,1005.8812,271.3247,815.1605,270.9534
0.0,0.09,0.0,473.9896,334.58154,279.2901,330.4388
0.03,0.09,0.0,533.5914,333.8204,338.18622,330.05817
0.06,0.09,0.0,593.2396,332.93277,397.4854,329.62894
0.09,0.09,0.0,652.9355,332.11325,457.14597,329.41153
0.12,0.09,0.0,712.6582,331.44846,517.0077,329.31836
0.15,0.09,0.0,772.3278,330.72205,576.9211,329.22272
0.18,0.09,0.0,831.9714,329.98022,636.8329,329.06454
0.21,0.09,0.0,891.4545,329.3821,696.75183,328.9671
0.24,0.09,0.0,950.49774,328.96643,756.5801,328.9582
0.27,0.09,0.0,1009.14575,328.5363,816.37335,328.8389
0.0,0.12,0.0,473.64423,393.08725,277.07556,388.80643
0.03,0.12,0.0,533.66693,392.37012,336.4609,388.61588
0.06,0.12,0.0,593.63776,391.45538,396.09772,388.2673
0.09,0.12,0.0,653.6919,390.69104,456.18933,388.1511
0.12,0.12,0.0,713.7623,390.01263,516.4406,388.13336
0.15,0.12,0.0,773.7791,389.2535,576.70905,388.05728
0.18,0.12,0.0,833.8607,388.45673,636.97266,387.89047
0.21,0.12,0.0,893.7088,387.73373,697.2169,387.74838
0.24,0.12,0.0,953.1332,387.25418,757.3514,387.74423
0.27,0.12,0.0,1012.24994,386.66736,817.5325,387.5525
0.0,0.15,0.0,473.39465,452.35828,275.07288,447.99713
0.03,0.15,0.0,533.7441,451.6165,334.74103,447.86755
0.06,0.15,0.0,594.0697,450.7103,394.7758,447.6507
0.09,0.15,0.0,654.4659,450.0228,455.27966,447.62234
0.12,0.15,0.0,714.8553,449.29828,515.8668,447.61777
0.15,0.15,0.0,775.2424,448.51862,576.45416,447.5241
0.18,0.15,0.0,835.6577,447.69943,637.0473,447.3754
0.21,0.15,0.0,895.90015,446.92517,697.63293,447.1966
0.24,0.15,0.0,955.69275,446.2931,758.113,447.15988
0.27,0.15,0.0,1015.1477,445.59424,818.59875,446.96747
0.0,0.18,0.0,473.1768,512.2901,273.21735,507.84802
0.03,0.18,0.0,533.8126,511.5109,333.12033,507.79053
0.06,0.18,0.0,594.5281,510.69327,393.56607,507.76685
0.09,0.18,0.0,655.2327,509.98492,454.38882,507.76544
0.12,0.18,0.0,715.9591,509.2352,515.27985,507.6958
0.15,0.18,0.0,776.69653,508.44626,576.23785,507.62207
0.18,0.18,0.0,837.41266,507.62427,637.0906,507.47818
0.21,0.18,0.0,898.0042,506.77914,697.991,507.3253
0.24,0.18,0.0,958.1966,506.04742,758.82275,507.21753
0.27,0.18,0.0,1017.8813,505.24942,819.6473,507.09155
0.0,0.21,0.0,472.97433,572.8444,271.44464,568.273
0.03,0.21,0.0,533.91095,572.0495,331.6225,568.3701
0.06,0.21,0.0,594.98785,571.32416,392.42328,568.50336
0.09,0.21,0.0,656.0113,570.5903,453.5152,568.50946
0.12,0.21,0.0,717.0905,569.80884,514.68427,568.4358
0.15,0.21,0.0,778.1396,568.9949,575.95056,568.33606
0.18,0.21,0.0,839.16754,568.21783,637.1574,568.20746
0.21,0.21,0.0,900.08997,567.3191,698.3919,568.0559
0.24,0.21,0.0,960.5669,566.44434,759.52496,567.9678
0.27,0.21,0.0,1020.5266,565.5146,820.6847,567.815
0.0,0.24,0.0,472.7924,634.0376,269.8731,629.2466
0.03,0.24,0.0,534.0531,633.3115,330.26666,629.53485
0.06,0.24,0.0,595.445,632.59546,391.35297,629.7595
0.09,0.24,0.0,656.80133,631.8457,452.67786,629.8441
0.12,0.24,0.0,718.2394,631.0276,514.05695,629.7801
0.15,0.24,0.0,779.5855,630.2504,575.66614,629.73517
0.18,0.24,0.0,840.8672,629.39636,637.23834,629.62885
0.21,0.24,0.0,902.1141,628.46246,698.7809,629.48364
0.24,0.24,0.0,962.7558,627.426,760.2959,629.37396
0.27,0.24,0.0,1022.9673,626.3215,821.68036,629.15027
0.0,0.27,0.0,472.6707,695.77203,268.44556,690.6203
0.03,0.27,0.0,534.2491,695.15015,329.0778,691.1584
0.06,0.27,0.0,595.9457,694.434,390.38898,691.5067
0.09,0.27,0.0,657.60095,693.6935,451.87958,691.6602
0.12,0.27,0.0,719.34937,692.89417,513.46075,691.75195
0.15,0.27,0.0,780.9986,692.06464,575.3986,691.70953
0.18,0.27,0.0,842.51556,691.11426,637.2629,691.6301
0.21,0.27,0.0,903.9922,690.09045,699.13745,691.47644
0.24,0.27,0.0,964.76886,688.8824,760.9059,691.27637
0.27,0.27,0.0,1025.2161,687.54144,822.623,691.00397
0.0,0.0,0.0,466.65775,147.91458,269.9272,144.49425
0.03,0.0,0.0,527.67267,146.53656,329.85092,143.0898
0.06,0.0,0.0,588.8717,145.33725,390.36496,142.0053
0.09,0.0,0.0,650.21094,144.32072,451.36703,141.13054
0.12,0.0,0.0,711.59564,143.47581,512.7677,140.51018
0.15,0.0,0.0,772.93005,142.84256,574.3191,140.09784
0.18,0.0,0.0,834.08057,142.36145,635.99725,139.84044
0.21,0.0,0.0,894.9891,142.15002,697.65186,139.75575
0.24,0.0,0.0,955.4293,142.23311,759.2194,139.78473
0.27,0.0,0.0,1015.28076,142.59909,820.68634,140.02646
0.0,0.03,0.0,467.94778,209.27245,270.75467,205.50969
0.03,0.03,0.0,528.8654,208.02498,330.65677,204.41492
0.06,0.03,0.0,589.93976,206.93433,391.1509,203.55551
0.09,0.03,0.0,651.10785,205.95424,452.08957,202.92558
0.12,0.03,0.0,712.3289,205.13866,513.34204,202.45456
0.15,0.03,0.0,773.5003,204.39597,574.73083,202.12694
0.18,0.03,0.0,834.5707,203.8166,636.2184,201.90694
0.21,0.03,0.0,895.398,203.43037,697.73254,201.79855
0.24,0.03,0.0,955.78577,203.27594,759.10187,201.77515
0.27,0.03,0.0,1015.6409,203.36868,820.5114,201.9185
0.0,0.06,0.0,469.39,270.54413,271.85965,266.50327
0.03,0.06,0.0,530.1201,269.4548,331.692,265.68118
0.06,0.06,0.0,591.0196,268.44614,392.136,265.06546
0.09,0.06,0.0,651.9532,267.5363,452.909,264.56754
0.12,0.06,0.0,712.9797,266.66617,514.0203,264.24734
0.15,0.06,0.0,773.9698,265.88242,575.1949,264.03214
0.18,0.06,0.0,834.87317,265.2009,636.46075,263.80267
0.21,0.06,0.0,895.55884,264.67725,697.70856,263.68927
0.24,0.06,0.0,955.8774,264.3342,758.91315,263.64713
0.27,0.06,0.0,1015.68744,264.15292,820.04205,263.65384
0.0,0.09,0.0,470.9239,331.54413,273.17825,327.33942
0.03,0.09,0.0,531.49,330.56363,332.9927,326.7478
0.06,0.09,0.0,592.1543,329.65475,393.197,326.27118
0.09,0.09,0.0,652.8097,328.68613,453.8257,325.9811
0.12,0.09,0.0,713.57477,327.81876,514.7436,325.7288
0.15,0.09,0.0,774.31885,327.06732,575.6846,325.4937
0.18,0.09,0.0,835.0497,326.31958,636.68463,325.3292
0.21,0.09,0.0,895.59436,325.67386,697.681,325.27988
0.24,0.09,0.0,955.72656,325.16873,758.62573,325.15222
0.27,0.09,0.0,1015.49225,324.8146,819.5281,325.09015
0.0,0.12,0.0,472.5455,392.15344,274.7772,387.8405
0.03,0.12,0.0,532.885,391.2325,334.4704,387.42706
0.06,0.12,0.0,593.2618,390.37952,394.41867,387.15207
0.09,0.12,0.0,653.69806,389.47742,454.8595,386.90305
0.12,0.12,0.0,714.13696,388.59534,515.53503,386.70276
0.15,0.12,0.0,774.6339,387.78818,576.22925,386.56955
0.18,0.12,0.0,835.1259,387.0358,636.8865,386.4606
0.21,0.12,0.0,895.4944,386.3394,697.6063,386.3558
0.24,0.12,0.0,955.41235,385.66818,758.24365,386.18176
0.27,0.12,0.0,1015.0148,385.17474,818.8804,386.08273
0.0,0.15,0.0,474.2574,452.25693,276.581,447.84225
0.03,0.15,0.0,534.2717,451.37103,335.99774,447.63342
0.06,0.15,0.0,594.31635,450.57565,395.7482,447.51492
0.09,0.15,0.0,654.4971,449.69238,455.9993,447.3078
0.12,0.15,0.0,714.694,448.82864,516.35254,447.1116
0.15,0.15,0.0,774.8992,448.01096,576.7191,447.00616
0.18,0.15,0.0,835.17065,447.25406,637.10583,446.91486
0.21,0.15,0.0,895.27313,446.5335,697.4764,446.8308
0.24,0.15,0.0,954.94653,445.7549,757.8148,446.63513
0.27,0.15,0.0,1014.31024,445.12555,818.16565,446.5289
0.0,0.18,0.0,475.94446,511.76932,278.55447,507.3689
0.03,0.18,0.0,535.659,510.98087,337.60052,507.32697
0.06,0.18,0.0,595.4648,510.20157,397.17377,507.26617
0.09,0.18,0.0,655.3557,509.32324,457.1117,507.04968
0.12,0.18,0.0,715.23376,508.48904,517.16565,506.9358
0.15,0.18,0.0,775.13934,507.69254,577.224,506.8439
0.18,0.18,0.0,835.10236,506.93417,637.2854,506.73273
0.21,0.18,0.0,894.923,506.20245,697.3455,506.66895
0.24,0.18,0.0,954.3861,505.34915,757.3681,506.47046
0.27,0.18,0.0,1013.4417,504.5567,817.40173,506.33112
0.0,0.21,0.0,477.62857,570.76404,280.65744,566.2385
0.03,0.21,0.0,537.0636,570.01855,339.33154,566.3855
0.06,0.21,0.0,596.5895,569.1914,398.63065,566.3255
0.09,0.21,0.0,656.18005,568.3022,458.26892,566.1798
0.12,0.21,0.0,715.7631,567.6038,517.93335,566.16
0.15,0.21,0.0,775.3808,566.7664,577.6899,566.031
0.18,0.21,0.0,834.9924,565.9582,637.445,565.8994
0.21,0.21,0.0,894.54803,565.27856,697.20807,565.8886
0.24,0.21,0.0,953.6865,564.36523,756.9444,565.74084
0.27,0.21,0.0,1012.40137,563.45044,816.65894,565.5753
0.0,0.24,0.0,479.35406,629.18024,282.78973,624.49774
0.03,0.24,0.0,538.45184,628.4968,341.16003,624.78613
0.06,0.24,0.0,597.7077,627.5707,400.21243,624.71375
0.09,0.24,0.0,656.9758,626.7548,459.35883,624.7194
0.12,0.24,0.0,716.28625,626.1661,518.661,624.8441
0.15,0.24,0.0,775.59045,625.2837,578.14307,624.6209
0.18,0.24,0.0,834.853,624.44727,637.596,624.48193
0.21,0.24,0.0,894.088,623.7473,697.0501,624.54834
0.24,0.24,0.0,952.8604,622.7104,756.47906,624.3223
0.27,0.24,0.0,1011.218,621.68176,815.8782,624.1892
0.0,0.27,0.0,481.0772,686.93256,285.1247,682.0392
0.03,0.27,0.0,539.8923,686.2344,343.1406,682.36224
0.06,0.27,0.0,598.83215,685.29126,401.8104,682.3816
0.09,0.27,0.0,657.7943,684.55444,460.57584,682.4855
0.12,0.27,0.0,716.8054,684.11426,519.4372,682.8268
0.15,0.27,0.0,775.7473,683.11084,578.584,682.575
0.18,0.27,0.0,834.6701,682.22546,637.72345,682.45703
0.21,0.27,0.0,893.5465,681.53876,696.8548,682.5773
0.24,0.27,0.0,951.8308,680.2094,755.9447,682.2081
0.27,0.27,0.0,1009.89197,679.17377,815.02844,682.11304
0.0,0.0,0.0,614.3207,259.1451,422.08804,255.97485
0.03,0.0,0.0,672.49646,256.45673,479.09955,253.71178
0.06,0.0,0.0,731.3066,253.7846,536.90405,251.52242
0.09,0.0,0.0,790.79297,251.18307,595.5507,249.36594
0.12,0.0,0.0,850.9251,248.65854,654.92194,247.27458
0.15,0.0,0.0,911.48376,246.29895,715.0511,245.18654
0.18,0.0,0.0,972.367,244.116,775.8486,243.17725
0.21,0.0,0.0,1033.3733,242.12291,837.22974,241.22041
0.24,0.0,0.0,1094.2467,240.4096,899.12335,239.41544
0.27,0.0,0.0,1154.8556,238.95819,961.3381,237.77255
0.0,0.03,0.0,615.48706,317.635,422.36786,314.5387
0.03,0.03,0.0,673.7244,315.29285,479.48215,312.72238
0.06,0.03,0.0,732.615,312.97504,537.37476,310.97873
0.09,0.03,0.0,792.24023,310.6751,596.0916,309.25272
0.12,0.03,0.0,852.46783,308.45844,655.54565,307.53024
0.15,0.03,0.0,913.2215,306.31076,715.7449,305.80685
0.18,0.03,0.0,974.30505,304.28674,776.6123,304.0701
0.21,0.03,0.0,1035.532,302.44333,838.13367,302.42218
0.24,0.03,0.0,1096.6371,300.7878,900.15936,300.86374
0.27,0.03,0.0,1157.5343,299.35574,962.5759,299.40143
0.0,0.06,0.0,616.64465,376.32294,422.72803,373.34302
0.03,0.06,0.0,674.90967,374.38937,479.89948,372.0063
0.06,0.06,0.0,733.8698,372.39127,537.90906,370.63104
0.09,0.06,0.0,793.5599,370.42236,596.6578,369.3112
0.12,0.06,0.0,853.90735,368.4989,656.1524,367.97208
0.15,0.06,0.0,914.77344,366.62866,716.343,366.59305
0.18,0.06,0.0,976.035,364.82376,777.2937,365.22543
0.21,0.06,0.0,1037.4474,363.14252,838.91364,363.86276
0.24,0.06,0.0,1098.7074,361.55444,901.0813,362.56168
0.27,0.06,0.0,1159.7208,360.1932,963.6097,361.33954
0.0,0.09,0.0,617.79315,435.07217,423.11353,432.23956
0.03,0.09,0.0,676.1205,433.5012,480.44446,431.30673
0.06,0.09,0.0,735.1205,431.8815,538.41156,430.35147
0.09,0.09,0.0,794.83417,430.27673,597.1948,429.42337
0.12,0.09,0.0,855.2533,428.66806,656.7308,428.45502
0.15,0.09,0.0,916.2172,427.11905,716.93646,427.47028
0.18,0.09,0.0,977.5729,425.5483,777.8853,426.4333
0.21,0.09,0.0,1039.1025,424.08426,839.5661,425.39902
0.24,0.09,0.0,1100.4681,422.70438,901.80096,424.43448
0.27,0.09,0.0,1161.6293,421.34335,964.4538,423.47815
0.0,0.12,0.0,618.96716,493.9138,423.60223,491.22733
0.03,0.12,0.0,677.34296,492.68753,481.01373,490.65875
0.06,0.12,0.0,736.2888,491.45468,538.8842,490.1081
0.09,0.12,0.0,796.137,490.18063,597.76953,489.52756
0.12,0.12,0.0,856.54285,488.9525,657.3181,488.93692
0.15,0.12,0.0,917.5496,487.69174,717.5131,488.31155
0.18,0.12,0.0,978.96954,486.44305,778.45795,487.68344
0.21,0.12,0.0,1040.5872,485.17822,840.178,487.0317
0.24,0.12,0.0,1101.9904,483.92242,902.47076,486.3679
0.27,0.12,0.0,1163.1913,482.6523,965.15985,485.72266
0.0,0.15,0.0,620.1727,552.75586,424.19696,550.22003
0.03,0.15,0.0,678.5143,551.8987,481.51736,550.0427
0.06,0.15,0.0,737.508,551.0749,539.4355,549.88385
0.09,0.15,0.0,797.37994,550.1855,598.35596,549.64594
0.12,0.15,0.0,857.795,549.24243,657.879,549.3883
0.15,0.15,0.0,918.80225,548.34143,718.0636,549.1703
0.18,0.15,0.0,980.21454,547.3553,779.05707,548.93665
0.21,0.15,0.0,1041.7955,546.3255,840.71533,548.70074
0.24,0.15,0.0,1103.1833,545.1904,903.0088,548.37506
0.27,0.15,0.0,1164.3748,544.02216,965.6462,548.0247
0.0,0.18,0.0,621.3815,611.598,424.81775,609.13904
0.03,0.18,0.0,679.68384,611.12885,481.9688,609.4222
0.06,0.18,0.0,738.75104,610.66174,539.9815,609.6263
0.09,0.18,0.0,798.57,610.1222,598.90735,609.747
0.12,0.18,0.0,858.98035,609.5394,658.4163,609.8798
0.15,0.18,0.0,919.9273,608.91003,718.61975,610.0462
0.18,0.18,0.0,981.26764,608.2008,779.5638,610.20746
0.21,0.18,0.0,1042.7676,607.39777,841.2272,610.319
0.24,0.18,0.0,1104.1011,606.414,903.4612,610.3021
0.27,0.18,0.0,1165.1213,605.27185,966.0314,610.18884
0.0,0.21,0.0,622.56384,670.4657,425.46286,667.9891
0.03,0.21,0.0,680.85846,670.38336,482.52335,668.70886
0.06,0.21,0.0,739.9741,670.2425,540.5873,669.2886
0.09,0.21,0.0,799.73895,669.99774,599.4823,669.7939
0.12,0.21,0.0,860.0704,669.7764,658.9009,670.3898
0.15,0.21,0.0,920.94476,669.408,719.1308,670.89136
0.18,0.21,0.0,982.13074,668.88965,780.07965,671.34845
0.21,0.21,0.0,1043.513,668.27606,841.6412,671.8361
0.24,0.21,0.0,1104.7177,667.3986,903.7497,672.1008
0.27,0.21,0.0,1165.5332,666.36865,966.2265,672.22754
0.0,0.24,0.0,623.748,729.22675,426.15707,726.6428
0.03,0.24,0.0,682.0528,729.5246,483.16153,727.8478
0.06,0.24,0.0,741.1497,729.61426,541.27234,728.77203
0.09,0.24,0.0,800.82776,729.7185,600.01227,729.7298
0.12,0.24,0.0,861.0503,729.8615,659.3533,730.7788
0.15,0.24,0.0,921.7829,729.63763,719.5725,731.5658
0.18,0.24,0.0,982.8161,729.3133,780.4438,732.36096
0.21,0.24,0.0,1043.9581,728.92053,841.88794,733.1656
0.24,0.24,0.0,1104.932,728.0774,903.8827,733.6097
0.27,0.24,0.0,1165.6418,727.01587,966.15466,733.9438
0.0,0.27,0.0,624.9038,787.7638,426.94485,785.01874
0.03,0.27,0.0,683.20557,788.361,483.94052,786.6086
0.06,0.27,0.0,742.2603,788.67444,541.9954,787.9428
0.09,0.27,0.0,801.8153,789.07794,600.6036,789.31805
0.12,0.27,0.0,861.88116,789.60504,659.79474,790.84393
0.15,0.27,0.0,922.42316,789.50037,719.9702,791.9291
0.18,0.27,0.0,983.2025,789.315,780.71576,792.9587
0.21,0.27,0.0,1044.1631,789.08923,842.0053,794.0862
0.24,0.27,0.0,1104.7593,788.13947,903.8015,794.64795
0.27,0.27,0.0,1165.2727,787.22723,965.89496,795.2716
0.0,0.0,0.0,614.58856,242.24861,413.03952,238.97829
0.03,0.0,0.0,675.7459,243.4272,475.2924,240.5703
0.06,0.0,0.0,736.1604,244.64583,536.92706,242.28874
0.09,0.0,0.0,795.8074,245.89638,597.9738,244.08144
0.12,0.0,0.0,854.5675,247.29688,658.2669,245.97319
0.15,0.0,0.0,912.36224,248.82521,717.8118,247.85126
0.18,0.0,0.0,969.05725,250.50096,776.52045,249.79619
0.21,0.0,0.0,1024.6421,252.29163,834.37964,251.81856
0.24,0.0,0.0,1078.8661,254.26971,891.3515,253.87863
0.27,0.0,0.0,1131.7369,256.38177,947.3567,256.05927
0.0,0.03,0.0,614.935,304.01425,412.3948,300.755
0.03,0.03,0.0,676.1935,304.7756,474.7973,302.10196
0.06,0.03,0.0,736.70734,305.56845,536.59204,303.52475
0.09,0.03,0.0,796.39685,306.44586,597.6911,305.0143
0.12,0.03,0.0,855.2793,307.37015,658.02057,306.52036
0.15,0.03,0.0,913.21735,308.42822,717.62604,308.0344
0.18,0.03,0.0,970.09033,309.53778,776.43286,309.5335
0.21,0.03,0.0,1025.815,310.80667,834.4127,311.05524
0.24,0.03,0.0,1080.271,312.1949,891.4635,312.64813
0.27,0.03,0.0,1133.2562,313.7105,947.605,314.35468
0.0,0.06,0.0,615.3122,365.92947,411.88687,362.83273
0.03,0.06,0.0,676.59326,366.35315,474.37183,363.89807
0.06,0.06,0.0,737.1576,366.7736,536.25745,364.99167
0.09,0.06,0.0,796.9244,367.24072,597.4051,366.12216
0.12,0.06,0.0,855.8812,367.71698,657.7815,367.2628
0.15,0.06,0.0,913.914,368.28427,717.3635,368.34717
0.18,0.06,0.0,970.95886,368.9168,776.2167,369.4627
0.21,0.06,0.0,1026.8408,369.65106,834.30096,370.56503
0.24,0.06,0.0,1081.3705,370.48538,891.5038,371.71088
0.27,0.06,0.0,1134.5167,371.41187,947.68634,372.89212
0.0,0.09,0.0,615.73706,427.9738,411.46976,425.02823
0.03,0.09,0.0,676.9605,428.007,474.03568,425.78513
0.06,0.09,0.0,737.6016,428.0346,535.94336,426.5331
0.09,0.09,0.0,797.4796,428.11688,597.16815,427.27148
0.12,0.09,0.0,856.3852,428.2136,657.4769,428.04816
0.15,0.09,0.0,914.48737,428.34396,717.07605,428.75684
0.18,0.09,0.0,971.64764,428.48004,776.01746,429.43887
0.21,0.09,0.0,1027.663,428.70535,834.15,430.14417
0.24,0.09,0.0,1082.1605,429.0051,891.2866,430.891
0.27,0.09,0.0,1135.4742,429.3372,947.63715,431.58688
0.0,0.12,0.0,616.13055,490.09796,411.123,487.33704
0.03,0.12,0.0,677.3663,489.75195,473.73398,487.70706
0.06,0.12,0.0,738.1076,489.41605,535.7198,488.07538
0.09,0.12,0.0,797.90106,489.1004,596.8702,488.4507
0.12,0.12,0.0,856.82654,488.7745,657.16693,488.79507
0.15,0.12,0.0,914.9502,488.48508,716.7547,489.14374
0.18,0.12,0.0,972.21594,488.196,775.76245,489.45663
0.21,0.12,0.0,1028.2466,487.91675,833.9454,489.7632
0.24,0.12,0.0,1082.725,487.63535,891.05164,490.09204
0.27,0.12,0.0,1136.1283,487.38425,947.4624,490.3988
0.0,0.15,0.0,616.5108,552.24445,410.82852,549.6163
0.03,0.15,0.0,677.80084,551.531,473.42596,549.66693
0.06,0.15,0.0,738.50995,550.8318,535.3877,549.6569
0.09,0.15,0.0,798.2685,550.1326,596.54205,549.63324
0.12,0.15,0.0,857.1813,549.38696,656.86145,549.53656
0.15,0.15,0.0,915.32416,548.66815,716.4647,549.50604
0.18,0.15,0.0,972.6032,547.92444,775.44293,549.4861
0.21,0.15,0.0,1028.661,547.16736,833.66846,549.46277
0.24,0.15,0.0,1083.0922,546.31915,890.75055,549.3379
0.27,0.15,0.0,1136.3936,545.4991,947.11536,549.2027
0.0,0.18,0.0,616.8796,614.3807,410.59183,611.84393
0.03,0.18,0.0,678.23627,613.28455,473.13843,611.5825
0.06,0.18,0.0,738.8411,612.2266,535.0712,611.21985
0.09,0.18,0.0,798.5617,611.0888,596.17725,610.7616
0.12,0.18,0.0,857.53595,609.9604,656.534,610.3287
0.15,0.18,0.0,915.6213,608.783,716.18384,609.92664
0.18,0.18,0.0,972.7833,607.6045,775.1162,609.535
0.21,0.18,0.0,1028.787,606.3357,833.28784,609.0959
0.24,0.18,0.0,1083.2538,604.9747,890.397,608.55585
0.27,0.18,0.0,1136.343,603.5228,946.6019,607.91675
0.0,0.21,0.0,617.28955,676.50726,410.45465,673.9662
0.03,0.21,0.0,678.6648,675.07306,472.92862,673.4019
0.06,0.21,0.0,739.1812,673.5363,534.7386,672.6658
0.09,0.21,0.0,798.84314,671.97046,595.82684,671.82416
0.12,0.21,0.0,857.83246,670.49554,656.23883,671.0987
0.15,0.21,0.0,915.8552,668.84204,715.84296,670.27344
0.18,0.21,0.0,972.78577,667.1001,774.6789,669.42773
0.21,0.21,0.0,1028.7443,665.3393,832.86566,668.6097
0.24,0.21,0.0,1083.1168,663.4105,889.9319,667.5973
0.27,0.21,0.0,1136.0804,661.356,946.0072,666.5253
0.0,0.24,0.0,617.73444,738.5085,410.4622,735.841
0.03,0.24,0.0,679.0556,736.7048,472.79745,735.04047
0.06,0.24,0.0,739.4435,734.7104,534.4708,733.9248
0.09,0.24,0.0,799.07416,732.7271,595.5305,732.7945
0.12,0.24,0.0,858.1456,730.83527,655.97595,731.76654
0.15,0.24,0.0,915.868,728.6487,715.46814,730.49445
0.18,0.24,0.0,972.6093,726.38995,774.2077,729.19336
0.21,0.24,0.0,1028.4883,724.1036,832.32904,727.9588
0.24,0.24,0.0,1082.5933,721.53064,889.228,726.4463
0.27,0.24,0.0,1135.4694,718.9193,945.2585,724.8885
0.0,0.27,0.0,618.22864,800.22424,410.58572,797.36273
0.03,0.27,0.0,679.4234,798.0045,472.76785,796.246
0.06,0.27,0.0,739.61237,795.51013,534.2555,794.79694
0.09,0.27,0.0,799.2125,793.1238,595.2175,793.36426
0.12,0.27,0.0,858.22974,790.8412,655.6397,792.11316
0.15,0.27,0.0,915.677,788.0662,715.0015,790.34845
0.18,0.27,0.0,972.2464,785.2651,773.65344,788.6155
0.21,0.27,0.0,1027.9904,782.49713,831.7036,786.9891
0.24,0.27,0.0,1081.7437,779.2195,888.31976,784.8788
0.27,0.27,0.0,1134.6244,776.01404,944.3396,782.88336
0.0,0.0,0.0,612.3204,259.08942,419.92535,255.94453
0.03,0.0,0.0,671.24634,258.33203,478.7955,255.64232
0.06,0.0,0.0,730.1305,257.64743,537.8284,255.43549
0.09,0.0,0.0,788.9972,256.989,596.91425,255.29533
0.12,0.0,0.0,847.6758,256.48615,656.0522,255.20811
0.15,0.0,0.0,906.1015,256.12564,715.1154,255.20422
0.18,0.0,0.0,964.1304,255.92531,774.1413,255.25414
0.21,0.0,0.0,1021.6195,255.91948,832.94574,255.35852
0.24,0.0,0.0,1078.3916,256.06796,891.5335,255.60762
0.27,0.0,0.0,1134.2662,256.46106,949.7657,255.94255
0.0,0.03,0.0,612.8377,316.3663,418.61844,313.2788
0.03,0.03,0.0,672.14343,315.61945,477.92032,313.06204
0.06,0.03,0.0,731.4234,314.8872,537.3479,312.93204
0.09,0.03,0.0,790.6306,314.21747,596.8301,312.8202
0.12,0.03,0.0,849.732,313.6118,656.3038,312.7905
0.15,0.03,0.0,908.6226,313.11038,715.7161,312.74368
0.18,0.03,0.0,967.0893,312.70593,775.1095,312.70105
0.21,0.03,0.0,1025.0522,312.4952,834.3372,312.68137
0.24,0.03,0.0,1082.2314,312.42294,893.3517,312.8333
0.27,0.03,0.0,1138.5828,312.51694,952.02094,313.00644
0.0,0.06,0.0,613.37415,374.434,417.39398,371.42532
0.03,0.06,0.0,672.9981,373.67905,477.0689,371.27957
0.06,0.06,0.0,732.67505,372.90005,536.8892,371.19385
0.09,0.06,0.0,792.2428,372.2,596.69965,371.13354
0.12,0.06,0.0,851.7317,371.52512,656.53,371.11578
0.15,0.06,0.0,911.00934,370.92886,716.2782,371.0113
0.18,0.06,0.0,969.91907,370.40213,776.02,370.89682
0.21,0.06,0.0,1028.3004,369.961,835.6378,370.82184
0.24,0.06,0.0,1085.9165,369.68533,895.0402,370.83987
0.27,0.06,0.0,1142.5961,369.4795,954.10114,370.91043
0.0,0.09,0.0,613.8957,433.13113,416.17978,430.25412
0.03,0.09,0.0,673.8724,432.4247,476.31665,430.2389
0.06,0.09,0.0,733.8569,431.60272,536.4417,430.10724
0.09,0.09,0.0,793.8225,430.85944,596.6149,430.028
0.12,0.09,0.0,853.64465,430.1777,656.7257,430.0073
0.15,0.09,0.0,913.31146,429.493,716.7972,429.94223
0.18,0.09,0.0,972.6102,428.80734,776.87994,429.76962
0.21,0.09,0.0,1031.4241,428.24292,836.88416,429.62448
0.24,0.09,0.0,1089.3259,427.75113,896.6162,429.6167
0.27,0.09,0.0,1146.4125,427.26645,956.07916,429.52014
0.0,0.12,0.0,614.4599,492.56955,415.07343,489.8362
0.03,0.12,0.0,674.77216,491.84906,475.5372,489.8267
0.06,0.12,0.0,735.1225,490.9845,535.986,489.64243
0.09,0.12,0.0,795.4039,490.26678,596.49,489.61597
0.12,0.12,0.0,855.5568,489.54877,656.9399,489.59286
0.15,0.12,0.0,915.4954,488.80643,717.3062,489.47812
0.18,0.12,0.0,975.2525,487.9934,777.7357,489.29034
0.21,0.12,0.0,1034.3682,487.20798,838.0858,489.11664
0.24,0.12,0.0,1092.5065,486.5415,898.1335,489.06888
0.27,0.12,0.0,1149.9633,485.72385,957.96857,488.85886
0.0,0.15,0.0,615.04846,552.6337,414.01166,550.0658
0.03,0.15,0.0,675.67676,551.91187,474.7564,550.01697
0.06,0.15,0.0,736.3512,551.07043,535.5297,549.88385
0.09,0.15,0.0,796.9416,550.3384,596.3913,549.84296
0.12,0.15,0.0,857.39716,549.567,657.12274,549.74695
0.15,0.15,0.0,917.7172,548.7267,717.84204,549.639
0.18,0.15,0.0,977.70416,547.82654,778.5927,549.447
0.21,0.15,0.0,1037.0948,546.8858,839.2447,549.2909
0.24,0.15,0.0,1095.5099,545.97125,899.57306,549.1562
0.27,0.15,0.0,1153.1676,544.92786,959.67206,548.86725
0.0,0.18,0.0,615.6236,613.3718,412.99792,610.81616
0.03,0.18,0.0,676.5894,612.6184,473.95413,610.82446
0.06,0.18,0.0,737.5594,611.8101,535.0793,610.7627
0.09,0.18,0.0,798.4383,611.04755,596.24963,610.693
0.12,0.18,0.0,859.2272,610.1964,657.2898,610.59326
0.15,0.18,0.0,919.79834,609.2793,718.3523,610.4485
0.18,0.18,0.0,979.9928,608.2719,779.3845,610.32184
0.21,0.18,0.0,1039.6422,607.1453,840.3317,610.0635
0.24,0.18,0.0,1098.2925,605.90497,900.98737,609.8202
0.27,0.18,0.0,1156.0017,604.5987,961.21356,609.4065
0.0,0.21,0.0,616.2094,674.7385,412.04422,672.1413
0.03,0.21,0.0,677.5093,673.9591,473.239,672.21063
0.06,0.21,0.0,738.7697,673.1465,534.63403,672.2293
0.09,0.21,0.0,799.94,672.2764,596.09985,672.1521
0.12,0.21,0.0,861.01196,671.35645,657.4763,672.0154
0.15,0.21,0.0,921.7907,670.3371,718.8274,671.8653
0.18,0.21,0.0,982.126,669.1677,780.13696,671.6603
0.21,0.21,0.0,1041.96,667.8266,841.35034,671.37604
0.24,0.21,0.0,1100.7574,666.3071,902.2077,670.9862
0.27,0.21,0.0,1158.608,664.6509,962.66785,670.42786
0.0,0.24,0.0,616.83386,736.5947,411.18732,733.8593
0.03,0.24,0.0,678.4158,735.8716,472.621,734.0813
0.06,0.24,0.0,739.912,734.9855,534.25415,734.17615
0.09,0.24,0.0,801.34106,734.0487,595.96014,734.10944
0.12,0.24,0.0,862.739,732.9963,657.6548,734.02
0.15,0.24,0.0,923.6036,731.8038,719.2572,733.8048
0.18,0.24,0.0,984.0491,730.4228,780.8117,733.5168
0.21,0.24,0.0,1044.0469,728.84546,842.27057,733.1268
0.24,0.24,0.0,1102.9001,727.013,903.27704,732.5611
0.27,0.24,0.0,1160.8567,724.99493,963.9041,731.7922
0.0,0.27,0.0,617.4805,798.86847,410.46875,795.8525
0.03,0.27,0.0,679.29584,798.10156,472.06857,796.2325
0.06,0.27,0.0,741.04395,797.12286,533.95734,796.3684
0.09,0.27,0.0,802.71204,796.0769,595.8537,796.33856
0.12,0.27,0.0,864.2739,794.96075,657.74603,796.3561
0.15,0.27,0.0,925.2386,793.4846,719.6132,796.0258
0.18,0.27,0.0,985.74255,791.85297,781.3724,795.6412
0.21,0.27,0.0,1045.823,789.9851,843.0115,795.1636
0.24,0.27,0.0,1104.5856,787.7981,904.0898,794.32745
0.27,0.27,0.0,1162.6991,785.4307,964.9262,793.4013
0.0,0.0,0.0,610.0123,246.95302,408.82477,243.69383
0.03,0.0,0.0,671.7918,246.03531,470.54416,243.22333
0.06,0.0,0.0,733.5768,245.19244,532.43005,242.8425
0.09,0.0,0.0,795.31866,244.45393,594.4834,242.58405
0.12,0.0,0.0,856.9405,243.86539,656.58466,242.4202
0.15,0.0,0.0,918.2579,243.43861,718.6363,242.3277
0.18,0.0,0.0,979.1099,243.19756,780.60254,242.28276
0.21,0.0,0.0,1039.3103,243.23611,842.4457,242.41524
0.24,0.0,0.0,1098.6836,243.49959,903.95593,242.66037
0.27,0.0,0.0,1157.0798,243.99652,965.0641,243.10179
0.0,0.03,0.0,611.05914,309.01367,409.87625,305.81088
0.03,0.03,0.0,672.62054,308.09912,471.42078,305.44708
0.06,0.03,0.0,734.15564,307.24115,533.1162,305.2069
0.09,0.03,0.0,795.66626,306.44888,594.9233,305.00534
0.12,0.03,0.0,857.09753,305.74158,656.7414,304.86746
0.15,0.03,0.0,918.2605,305.18344,718.515,304.73535
0.18,0.03,0.0,978.99896,304.74643,780.27545,304.65063
0.21,0.03,0.0,1039.1447,304.53098,841.8768,304.65747
0.24,0.03,0.0,1098.4541,304.5205,903.2463,304.74725
0.27,0.03,0.0,1156.833,304.68295,964.21155,304.98328
0.0,0.06,0.0,612.1018,370.62845,411.0825,367.5563
0.03,0.06,0.0,673.38745,369.74832,472.4151,367.33063
0.06,0.06,0.0,734.6577,368.87466,533.83527,367.1385
0.09,0.06,0.0,795.9416,368.05936,595.3512,366.9868
0.12,0.06,0.0,857.11536,367.34247,656.87103,366.85303
0.15,0.06,0.0,918.08844,366.6295,718.3358,366.6921
0.18,0.06,0.0,978.7113,366.0422,779.81635,366.5975
0.21,0.06,0.0,1038.6937,365.634,841.1935,366.4654
0.24,0.06,0.0,1097.9208,365.3152,902.3345,366.45865
0.27,0.06,0.0,1156.1198,365.16864,963.1044,366.52554
0.0,0.09,0.0,613.17645,431.7068,412.3326,428.81693
0.03,0.09,0.0,674.1529,430.8183,473.41464,428.6122
0.06,0.09,0.0,735.1611,429.99622,534.5755,428.51163
0.09,0.09,0.0,796.1764,429.186,595.78174,428.37085
0.12,0.09,0.0,857.0768,428.35468,656.9561,428.19754
0.15,0.09,0.0,917.78973,427.5675,718.12164,428.04453
0.18,0.09,0.0,978.2288,426.942,779.3058,427.9298
0.21,0.09,0.0,1038.0742,426.33215,840.44916,427.77554
0.24,0.09,0.0,1097.01,425.77908,901.32385,427.66696
0.27,0.09,0.0,1155.1329,425.3066,961.8702,427.65488
0.0,0.12,0.0,614.2265,492.24164,413.6396,489.4865
0.03,0.12,0.0,674.90497,491.34586,474.4861,489.28445
0.06,0.12,0.0,735.61835,490.5627,535.29095,489.24463
0.09,0.12,0.0,796.3313,489.69833,596.1946,489.0633
0.12,0.12,0.0,856.9308,488.84848,657.0565,488.8724
0.15,0.12,0.0,917.3816,488.0299,717.8657,488.71103
0.18,0.12,0.0,977.58026,487.29398,778.8015,488.634
0.21,0.12,0.0,1037.2244,486.56354,839.59845,488.51544
0.24,0.12,0.0,1095.8622,485.7723,900.16095,488.26474
0.27,0.12,0.0,1153.7959,485.06998,960.48267,488.20078
0.0,0.15,0.0,615.27203,552.1068,415.0467,549.48975
0.03,0.15,0.0,675.6218,551.2783,475.49158,549.36597
0.06,0.15,0.0,736.0684,550.53906,536.0145,549.3473
0.09,0.15,0.0,796.46735,549.6592,596.59283,549.1148
0.12,0.15,0.0,856.75305,548.7662,657.1338,548.93414
0.15,0.15,0.0,916.915,547.9281,717.6628,548.78265
0.18,0.15,0.0,976.7783,547.1004,778.224,548.70874
0.21,0.15,0.0,1036.1217,546.2639,838.74384,548.6085
0.24,0.15,0.0,1094.4717,545.19165,898.95026,548.3225
0.27,0.15,0.0,1152.0934,544.25555,958.9477,548.1271
0.0,0.18,0.0,616.2899,611.38696,416.4698,608.81445
0.03,0.18,0.0,676.35754,610.64154,476.4977,608.82446
0.06,0.18,0.0,736.47845,609.8485,536.70184,608.7738
0.09,0.18,0.0,796.5446,608.9329,596.9975,608.5197
0.12,0.18,0.0,856.5263,608.06885,657.21246,608.34827
0.15,0.18,0.0,916.3301,607.1787,717.4116,608.242
0.18,0.18,0.0,975.83514,606.24133,777.62744,608.13086
0.21,0.18,0.0,1034.7986,605.2195,837.8137,608.0397
0.24,0.18,0.0,1092.8643,604.0112,897.6919,607.7048
0.27,0.18,0.0,1150.0356,602.70764,957.2357,607.33984
0.0,0.21,0.0,617.33057,670.07245,417.93546,667.48206
0.03,0.21,0.0,677.09845,669.3806,477.57355,667.5985
0.06,0.21,0.0,736.8772,668.5242,537.46075,667.49225
0.09,0.21,0.0,796.58496,667.54297,597.3694,667.26715
0.12,0.21,0.0,856.2722,666.7495,657.2566,667.221
0.15,0.21,0.0,915.6614,665.7166,717.16614,667.03204
0.18,0.21,0.0,974.7013,664.63074,777.00024,666.8347
0.21,0.21,0.0,1033.3193,663.52515,836.8164,666.7507
0.24,0.21,0.0,1090.9878,662.056,896.3075,666.3329
0.27,0.21,0.0,1147.7992,660.4835,955.4475,665.84076
0.0,0.24,0.0,618.3543,728.1198,419.45297,725.3582
0.03,0.24,0.0,677.804,727.44244,478.7093,725.5697
0.06,0.24,0.0,737.2324,726.4114,538.2279,725.3942
0.09,0.24,0.0,796.5843,725.488,597.75214,725.3012
0.12,0.24,0.0,855.919,724.74036,657.3104,725.41986
0.15,0.24,0.0,914.85394,723.4946,716.8253,725.0857
0.18,0.24,0.0,973.40857,722.18567,776.3198,724.83307
0.21,0.24,0.0,1031.6246,720.96387,835.71985,724.6917
0.24,0.24,0.0,1088.7987,719.22955,894.7843,724.0938
0.27,0.24,0.0,1145.2526,717.4075,953.52356,723.507
0.0,0.27,0.0,619.4129,785.36664,421.06363,782.3683
0.03,0.27,0.0,678.47833,784.59705,479.92688,782.59155
0.06,0.27,0.0,737.5121,783.47723,539.049,782.41656
0.09,0.27,0.0,796.4735,782.4984,598.1746,782.4032
0.12,0.27,0.0,855.43896,781.8265,657.3376,782.7244
0.15,0.27,0.0,913.82275,780.3094,716.4399,782.2698
0.18,0.27,0.0,971.9491,778.86,775.5348,781.92255
0.21,0.27,0.0,1029.748,777.47955,834.54236,781.7765
0.24,0.27,0.0,1086.3143,775.3078,893.0931,780.8951
0.27,0.27,0.0,1142.4061,773.40436,951.4327,780.26514
0.0,0.0,0.0,477.2193,360.2455,284.3169,356.06403
0.03,0.0,0.0,534.67664,358.11472,339.96808,354.3799
0.06,0.0,0.0,592.86426,355.99554,396.71826,352.74487
0.09,0.0,0.0,651.838,353.84253,454.50302,351.1785
0.12,0.0,0.0,711.6044,351.6862,513.2134,349.6405
0.15,0.0,0.0,772.10504,349.55505,572.6929,348.15704
0.18,0.0,0.0,833.31354,347.4695,632.9851,346.6385
0.21,0.0,0.0,895.0763,345.42267,694.0252,345.09943
0.24,0.0,0.0,957.27277,343.47913,755.80396,343.5636
0.27,0.0,0.0,1019.73663,341.6391,818.3345,342.04642
0.0,0.03,0.0,478.30054,419.12344,284.4975,414.85065
0.03,0.03,0.0,535.8065,417.3888,340.265,413.6714
0.06,0.03,0.0,594.06433,415.62064,397.12076,412.54382
0.09,0.03,0.0,653.0783,413.88324,455.0098,411.38074
0.12,0.03,0.0,712.8843,412.1188,513.7484,410.29395
0.15,0.03,0.0,773.43005,410.35333,573.2728,409.19955
0.18,0.03,0.0,834.68176,408.58856,633.5913,408.0817
0.21,0.03,0.0,896.55774,406.86618,694.6562,406.96924
0.24,0.03,0.0,958.87537,405.19803,756.4433,405.80942
0.27,0.03,0.0,1021.46515,403.5857,819.0168,404.61108
0.0,0.06,0.0,479.43677,478.06387,284.83167,473.74637
0.03,0.06,0.0,536.94635,476.72754,340.6428,473.09378
0.06,0.06,0.0,595.2575,475.374,397.59973,472.36853
0.09,0.06,0.0,654.31305,474.0137,455.4944,471.6644
0.12,0.06,0.0,714.1514,472.6115,514.2983,470.97928
0.15,0.06,0.0,774.688,471.22647,573.8408,470.2813
0.18,0.06,0.0,836.0163,469.82782,634.1556,469.57025
0.21,0.06,0.0,897.93994,468.42905,695.228,468.80383
0.24,0.06,0.0,960.332,467.05267,757.0366,468.0237
0.27,0.06,0.0,1022.9889,465.692,819.62146,467.23172
0.0,0.09,0.0,480.52304,537.03406,285.29813,532.7074
0.03,0.09,0.0,538.1713,536.0871,341.21924,532.4702
0.06,0.09,0.0,596.40704,535.1364,398.05112,532.2669
0.09,0.09,0.0,655.4881,534.15643,455.98248,531.99054
0.12,0.09,0.0,715.3691,533.1405,514.8506,531.67255
0.15,0.09,0.0,775.95514,532.14575,574.42004,531.3356
0.18,0.09,0.0,837.286,531.10675,634.70135,531.00946
0.21,0.09,0.0,899.25464,530.1172,695.79486,530.678
0.24,0.09,0.0,961.67596,529.0186,757.5749,530.31195
0.27,0.09,0.0,1024.292,527.87256,820.19385,529.94135
0.0,0.12,0.0,481.72556,596.06104,285.96103,591.60315
0.03,0.12,0.0,539.4065,595.4529,341.93234,591.88196
0.06,0.12,0.0,597.5868,594.9419,398.55063,592.1439
0.09,0.12,0.0,656.71826,594.32355,456.54697,592.2731
0.12,0.12,0.0,716.6324,593.68085,515.4237,592.33514
0.15,0.12,0.0,777.2451,593.04517,574.9792,592.4006
0.18,0.12,0.0,838.5339,592.41113,635.24426,592.46783
0.21,0.12,0.0,900.4889,591.718,696.30396,592.5544
0.24,0.12,0.0,962.8048,590.90753,758.20667,592.56415
0.27,0.12,0.0,1025.4238,590.03406,820.7705,592.58044
0.0,0.15,0.0,483.00003,654.98663,286.89627,650.31885
0.03,0.15,0.0,540.5789,654.8188,342.63416,651.1493
0.06,0.15,0.0,598.7689,654.71204,399.23206,651.9369
0.09,0.15,0.0,657.9655,654.4386,457.2058,652.5131
0.12,0.15,0.0,717.87067,654.1866,516.02655,652.99567
0.15,0.15,0.0,778.45013,653.9196,575.5255,653.4588
0.18,0.15,0.0,839.72107,653.65674,635.7911,653.9806
0.21,0.15,0.0,901.5718,653.28265,696.84344,654.4052
0.24,0.15,0.0,963.831,652.6946,758.7178,654.7824
0.27,0.15,0.0,1026.2686,652.05,821.2267,655.1652
0.0,0.18,0.0,484.36,713.77295,287.9747,708.8692
0.03,0.18,0.0,541.787,714.11426,343.4403,710.2374
0.06,0.18,0.0,600.0561,714.38617,400.0969,711.47125
0.09,0.18,0.0,659.23193,714.4926,457.9577,712.49396
0.12,0.18,0.0,719.0579,714.6141,516.6387,713.481
0.15,0.18,0.0,779.60394,714.7157,576.07043,714.4239
0.18,0.18,0.0,840.779,714.7513,636.33514,715.32086
0.21,0.18,0.0,902.5333,714.64233,697.32947,716.19904
0.24,0.18,0.0,964.6274,714.28784,759.15845,716.8898
0.27,0.18,0.0,1026.8782,713.75494,821.6048,717.5493
0.0,0.21,0.0,485.733,772.3845,289.19308,767.0291
0.03,0.21,0.0,543.08093,773.18964,344.47818,769.00024
0.06,0.21,0.0,601.38873,773.7893,401.11215,770.67426
0.09,0.21,0.0,660.47986,774.2428,458.83026,772.1979
0.12,0.21,0.0,720.16425,774.85425,517.24005,773.78174
0.15,0.21,0.0,780.66815,775.19965,576.633,775.088
0.18,0.21,0.0,841.7124,775.4616,636.886,776.3371
0.21,0.21,0.0,903.2853,775.6666,697.8037,777.6598
0.24,0.21,0.0,965.2029,775.46985,759.5084,778.69495
0.27,0.21,0.0,1027.1984,775.07367,821.8281,779.6343
0.0,0.24,0.0,487.25583,830.59235,290.62692,824.73267
0.03,0.24,0.0,544.45184,831.8564,345.72626,827.27124
0.06,0.24,0.0,602.7559,832.7821,402.32498,829.4016
0.09,0.24,0.0,661.6983,833.68317,459.77005,831.4739
0.12,0.24,0.0,721.2234,834.7186,517.9142,833.6177
0.15,0.24,0.0,781.5919,835.2921,577.2855,835.30414
0.18,0.24,0.0,842.4961,835.7418,637.40924,836.9604
0.21,0.24,0.0,903.845,836.2237,698.1495,838.7041
0.24,0.24,0.0,965.44916,836.10876,759.73175,839.96893
0.27,0.24,0.0,1027.1781,835.7804,821.8919,841.2205
0.0,0.27,0.0,488.84293,888.208,292.2631,881.8384
0.03,0.27,0.0,545.9945,889.8768,347.30902,884.8528
0.06,0.27,0.0,604.1455,891.1493,403.70447,887.464
0.09,0.27,0.0,662.91003,892.472,460.8856,890.07965
0.12,0.27,0.0,722.20654,893.9334,518.75464,892.8498
0.15,0.27,0.0,782.40155,894.6774,577.97485,894.91394
0.18,0.27,0.0,843.0904,895.3585,637.9286,896.93616
0.21,0.27,0.0,904.1497,896.0398,698.4539,899.0585
0.24,0.27,0.0,965.42804,895.8782,759.8768,900.4792
0.27,0.27,0.0,1026.8574,895.824,821.71906,902.07544
