0.0,0.0,0.0,479.4331,162.31235,291.07663,159.74309
0.03,0.0,0.0,536.4315,158.83276,345.95535,156.40251
0.06,0.0,0.0,594.2459,155.41534,401.8548,153.18233
0.09,0.0,0.0,652.7759,152.12344,458.83093,150.14738
0.12,0.0,0.0,712.08,148.9605,516.8232,147.26761
0.15,0.0,0.0,771.9567,145.92969,575.6478,144.49791
0.18,0.0,0.0,832.36237,143.02531,635.30066,141.82277
0.21,0.0,0.0,893.20087,140.32669,695.70416,139.26538
0.24,0.0,0.0,954.3396,137.8512,756.7562,136.82628
0.27,0.0,0.0,1015.5643,135.68248,818.4113,134.563
0.0,0.03,0.0,480.18518,220.11642,290.41098,217.05777
0.03,0.03,0.0,537.38434,217.06589,345.46176,214.26608
0.06,0.03,0.0,595.33325,214.07962,401.64703,211.54997
0.09,0.03,0.0,654.04456,211.1517,458.8277,209.04962
0.12,0.03,0.0,713.4432,208.29509,516.97925,206.62704
0.15,0.03,0.0,773.4888,205.50117,575.94946,204.27611
0.18,0.03,0.0,834.1049,202.8088,635.74457,201.99118
0.21,0.03,0.0,895.20197,200.2737,696.25397,199.7843
0.24,0.03,0.0,956.5825,197.95305,757.4867,197.62541
0.27,0.03,0.0,1018.1141,195.85478,819.3328,195.60872
0.0,0.06,0.0,481.08896,278.39337,289.96375,274.85223
0.03,0.06,0.0,538.38104,275.78656,345.22342,272.58774
0.06,0.06,0.0,596.434,273.18576,401.5483,270.4203
0.09,0.06,0.0,655.23785,270.6245,458.90558,268.39316
0.12,0.06,0.0,714.73883,268.09354,517.2147,266.44846
0.15,0.06,0.0,774.9013,265.57434,576.23596,264.53058
0.18,0.06,0.0,835.68744,263.1089,636.13074,262.60898
0.21,0.06,0.0,896.96423,260.78146,696.7476,260.77417
0.24,0.06,0.0,958.589,258.6114,758.08716,258.96762
0.27,0.06,0.0,1020.36993,256.64233,820.08624,257.21085
0.0,0.09,0.0,482.03864,336.9152,289.67157,333.00168
0.03,0.09,0.0,539.4928,334.72684,345.18265,331.297
0.06,0.09,0.0,597.57336,332.49362,401.58325,329.58307
0.09,0.09,0.0,656.4377,330.3141,459.07864,328.0464
0.12,0.09,0.0,716.01056,328.17242,517.4983,326.53452
0.15,0.09,0.0,776.26447,325.9596,576.63293,325.0809
0.18,0.09,0.0,837.15063,323.77216,636.5053,323.5311
0.21,0.09,0.0,898.56696,321.67206,697.17914,322.03464
0.24,0.09,0.0,960.354,319.75314,758.64276,320.59384
0.27,0.09,0.0,1022.36194,317.8758,820.70605,319.10764
0.0,0.12,0.0,483.11774,395.63452,289.69977,391.44492
0.03,0.12,0.0,540.68787,393.84897,345.34238,390.23297
0.06,0.12,0.0,598.68286,392.00815,401.714,389.01263
0.09,0.12,0.0,657.61896,390.17807,459.36325,387.8752
0.12,0.12,0.0,717.2612,388.35638,517.8845,386.80988
0.15,0.12,0.0,777.52484,386.5041,577.0346,385.7291
0.18,0.12,0.0,838.4941,384.65298,636.94214,384.60812
0.21,0.12,0.0,900.0289,382.8166,697.61536,383.47678
0.24,0.12,0.0,961.95056,381.1434,759.10645,382.38037
0.27,0.12,0.0,1024.1216,379.47812,821.2408,381.22726
0.0,0.15,0.0,484.24872,454.44803,289.8949,449.99594
0.03,0.15,0.0,541.8065,452.99475,345.51913,449.2722
0.06,0.15,0.0,599.8598,451.54938,402.00076,448.51724
0.09,0.15,0.0,658.78656,450.09012,459.74393,447.8224
0.12,0.15,0.0,718.46674,448.62875,518.28955,447.1245
0.15,0.15,0.0,778.76337,447.127,577.4768,446.4365
0.18,0.15,0.0,839.79315,445.61032,637.401,445.70648
0.21,0.15,0.0,901.3842,444.11917,698.0016,444.97546
0.24,0.15,0.0,963.4201,442.6767,759.531,444.22238
0.27,0.15,0.0,1025.6227,441.2784,821.71045,443.4673
0.0,0.18,0.0,485.39746,513.2828,290.23135,508.64908
0.03,0.18,0.0,542.8654,512.22253,345.76746,508.35773
0.06,0.18,0.0,601.0732,511.13196,402.41208,508.09055
0.09,0.18,0.0,660.00824,510.01752,460.17044,507.75052
0.12,0.18,0.0,719.635,508.90784,518.6512,507.4409
0.15,0.18,0.0,779.9668,507.78766,577.86053,507.1302
0.18,0.18,0.0,840.9893,506.65625,637.7629,506.80643
0.21,0.18,0.0,902.66876,505.47888,698.4569,506.46777
0.24,0.18,0.0,964.7145,504.30753,759.9052,506.0849
0.27,0.18,0.0,1026.9149,503.18668,822.11707,505.73514
0.0,0.21,0.0,486.4835,572.152,290.68552,567.25964
0.03,0.21,0.0,543.959,571.44165,346.16876,567.4901
0.06,0.21,0.0,602.25995,570.692,402.9498,567.618
0.09,0.21,0.0,661.21735,569.9437,460.61557,567.7197
0.12,0.21,0.0,720.7979,569.2136,518.97034,567.78467
0.15,0.21,0.0,781.1702,568.48236,578.24335,567.8524
0.18,0.21,0.0,842.18933,567.67084,638.2086,567.8785
0.21,0.21,0.0,903.83105,566.87964,698.8266,567.94855
0.24,0.21,0.0,965.8504,566.01154,760.30865,567.9744
0.27,0.21,0.0,1028.0765,565.07764,822.52295,568.0081
0.0,0.24,0.0,487.6029,631.0443,291.23236,625.80536
0.03,0.24,0.0,545.06104,630.7252,346.707,626.533
0.06,0.24,0.0,603.4535,630.29944,403.5651,627.0786
0.09,0.24,0.0,662.3667,629.91406,461.07013,627.62274
0.12,0.24,0.0,721.90576,629.58856,519.29956,628.16003
0.15,0.24,0.0,782.33936,629.15765,578.6077,628.5538
0.18,0.24,0.0,843.31995,628.7278,638.588,628.977
0.21,0.24,0.0,904.8925,628.2708,699.2055,629.4777
0.24,0.24,0.0,966.83307,627.6485,760.7156,629.86176
0.27,0.24,0.0,1028.9567,626.8599,822.85815,630.2416
0.0,0.27,0.0,488.74643,689.8367,291.96188,684.1821
0.03,0.27,0.0,546.2577,689.8784,347.44672,685.38184
0.06,0.27,0.0,604.65247,689.8099,404.21115,686.35693
0.09,0.27,0.0,663.55054,689.8072,461.62225,687.3641
0.12,0.27,0.0,723.03723,689.95575,519.66486,688.4345
0.15,0.27,0.0,783.42505,689.7616,579.011,689.1993
0.18,0.27,0.0,844.3742,689.6326,638.98254,690.0049
0.21,0.27,0.0,905.81195,689.5444,699.5164,690.93665
0.24,0.27,0.0,967.60626,688.99084,761.05914,691.6032
0.27,0.27,0.0,1029.5951,688.47375,823.0982,692.34064
0.0,0.0,0.0,472.64877,347.47052,269.1751,343.33252
0.03,0.0,0.0,535.20996,348.00677,331.8066,344.36926
0.06,0.0,0.0,597.0288,348.58044,394.1648,345.5545
0.09,0.0,0.0,658.1184,349.12985,456.17065,346.8108
0.12,0.0,0.0,718.42175,349.73187,517.5873,348.14224
0.15,0.0,0.0,777.9358,350.3229,578.3277,349.52264
0.18,0.0,0.0,836.6705,350.9436,638.2585,350.89355
0.21,0.0,0.0,894.5054,351.66565,697.4689,352.24667
0.24,0.0,0.0,951.35986,352.41425,755.9516,353.5821
0.27,0.0,0.0,1007.0849,353.3079,813.7014,354.9251
0.0,0.03,0.0,472.9331,409.90466,268.33014,405.43945
0.03,0.03,0.0,535.57184,410.05554,331.08755,406.24173
0.06,0.03,0.0,597.4191,410.25174,393.58853,407.17044
0.09,0.03,0.0,658.49023,410.4509,455.6394,408.1244
0.12,0.03,0.0,718.80176,410.64316,517.1053,409.1244
0.15,0.03,0.0,778.3777,410.866,577.8421,410.12973
0.18,0.03,0.0,837.12787,411.0596,637.84235,411.10492
0.21,0.03,0.0,895.0289,411.31775,697.04596,412.1049
0.24,0.03,0.0,951.97986,411.64655,755.5619,413.0655
0.27,0.03,0.0,1007.82416,412.02942,813.33466,414.01694
0.0,0.06,0.0,473.26523,472.3911,267.69708,467.6481
0.03,0.06,0.0,535.8992,472.17862,330.47162,468.25272
0.06,0.06,0.0,597.79767,471.9862,393.07574,468.83643
0.09,0.06,0.0,658.8684,471.79117,455.15106,469.4992
0.12,0.06,0.0,719.1685,471.59128,516.66516,470.11813
0.15,0.06,0.0,778.7271,471.43735,577.40906,470.72824
0.18,0.06,0.0,837.5538,471.25394,637.39716,471.35117
0.21,0.06,0.0,895.53064,471.08234,696.6108,471.95285
0.24,0.06,0.0,952.49884,470.9595,755.14496,472.5501
0.27,0.06,0.0,1008.35547,470.85504,812.94025,473.10196
0.0,0.09,0.0,473.5875,534.96735,267.26907,529.9122
0.03,0.09,0.0,536.2322,534.3356,330.0587,530.3027
0.06,0.09,0.0,598.13696,533.72614,392.60333,530.6218
0.09,0.09,0.0,659.2348,533.16223,454.69266,530.8559
0.12,0.09,0.0,719.5299,532.5584,516.1595,531.10736
0.15,0.09,0.0,779.0627,531.9985,576.9487,531.3607
0.18,0.09,0.0,837.9449,531.44904,636.9674,531.55884
0.21,0.09,0.0,895.9643,530.9017,696.24445,531.80054
0.24,0.09,0.0,952.83594,530.31335,754.6813,532.02313
0.27,0.09,0.0,1008.74976,529.70135,812.5306,532.2479
0.0,0.12,0.0,473.96396,597.4856,266.9967,592.1489
0.03,0.12,0.0,536.56836,596.4887,329.77597,592.2615
0.06,0.12,0.0,598.4916,595.5146,392.20325,592.3163
0.09,0.12,0.0,659.5898,594.52954,454.29324,592.25464
0.12,0.12,0.0,719.82416,593.54254,515.7407,592.06744
0.15,0.12,0.0,779.3782,592.59717,576.4804,591.9413
0.18,0.12,0.0,838.2797,591.6919,636.54236,591.79553
0.21,0.12,0.0,896.3039,590.7228,695.8437,591.6738
0.24,0.12,0.0,953.01483,589.64246,754.2128,591.5193
0.27,0.12,0.0,1008.9623,588.61707,812.06244,591.3204
0.0,0.15,0.0,474.3764,659.93024,266.9849,654.1433
0.03,0.15,0.0,536.9167,658.59534,329.58817,654.05786
0.06,0.15,0.0,598.83453,657.32666,391.97192,653.9052
0.09,0.15,0.0,659.9101,655.92944,453.93393,653.5196
0.12,0.15,0.0,720.15936,654.55,515.3261,653.01965
0.15,0.15,0.0,779.69495,653.1836,576.02466,652.5318
0.18,0.15,0.0,838.5214,651.858,636.07715,652.0316
0.21,0.15,0.0,896.5085,650.44293,695.3851,651.57074
0.24,0.15,0.0,953.1208,648.9033,753.77325,650.95355
0.27,0.15,0.0,1008.9243,647.3199,811.551,650.383
0.0,0.18,0.0,474.86795,722.2139,267.23077,715.8837
0.03,0.18,0.0,537.3466,720.6738,329.60806,715.6917
0.06,0.18,0.0,599.15515,718.9768,391.8182,715.2629
0.09,0.18,0.0,660.1994,717.2204,453.6643,714.59546
0.12,0.18,0.0,720.4413,715.45856,514.95123,713.83307
0.15,0.18,0.0,779.9231,713.6667,575.57947,712.99426
0.18,0.18,0.0,838.6353,711.86096,635.581,712.1456
0.21,0.18,0.0,896.50757,710.0178,694.87634,711.3185
0.24,0.18,0.0,953.1417,707.976,753.3041,710.3214
0.27,0.18,0.0,1008.64575,705.83813,810.9332,709.2829
0.0,0.21,0.0,475.46637,784.2427,267.70282,777.2143
0.03,0.21,0.0,537.82904,782.4173,329.85043,776.8946
0.06,0.21,0.0,599.5032,780.33075,391.8441,776.20953
0.09,0.21,0.0,660.4548,778.20715,453.53595,775.3068
0.12,0.21,0.0,720.70435,776.12415,514.6762,774.4053
0.15,0.21,0.0,780.0914,773.8687,575.22345,773.21716
0.18,0.21,0.0,838.62354,771.54486,635.1047,771.99786
0.21,0.21,0.0,896.35504,769.2608,694.3497,770.7924
0.24,0.21,0.0,952.86926,766.7258,752.7081,769.4206
0.27,0.21,0.0,1008.25586,764.07275,810.2509,767.91486
0.0,0.24,0.0,476.23532,845.78217,268.46353,837.97003
0.03,0.24,0.0,538.41455,843.66003,330.3456,837.52527
0.06,0.24,0.0,599.8726,841.2091,392.1115,836.61993
0.09,0.24,0.0,660.7376,838.7796,453.5356,835.58325
0.12,0.24,0.0,720.9226,836.437,514.5448,834.51654
0.15,0.24,0.0,780.10266,833.6308,574.89905,832.99506
0.18,0.24,0.0,838.47784,830.8771,634.65674,831.4189
0.21,0.24,0.0,896.07086,828.12537,693.811,829.93463
0.24,0.24,0.0,952.3453,824.9752,751.9928,828.0919
0.27,0.24,0.0,1007.5241,821.77136,809.4294,826.1533
0.0,0.27,0.0,477.15024,906.66595,269.58536,898.00146
0.03,0.27,0.0,539.0653,904.26483,331.1146,897.3726
0.06,0.27,0.0,600.306,901.4343,392.5461,896.28534
0.09,0.27,0.0,660.9761,898.6935,453.72437,895.12805
0.12,0.27,0.0,721.08527,896.12964,514.5128,894.0079
0.15,0.27,0.0,780.0141,892.8034,574.6239,892.11664
0.18,0.27,0.0,838.1876,889.5808,634.19604,890.2548
0.21,0.27,0.0,895.6483,886.38385,693.22473,888.4696
0.24,0.27,0.0,951.49927,882.58264,751.14014,886.0528
0.27,0.27,0.0,1006.59955,878.8961,808.4521,883.8027
0.0,0.0,0.0,477.54105,359.20206,283.282,355.1248
0.03,0.0,0.0,536.9424,358.46207,341.74075,354.92252
0.06,0.0,0.0,596.3305,357.73514,400.60715,354.81058
0.09,0.0,0.0,655.71747,357.0075,459.7874,354.75076
0.12,0.0,0.0,715.0937,356.3184,519.1514,354.8068
0.15,0.0,0.0,774.35474,355.65564,578.5243,354.85864
0.18,0.0,0.0,833.571,355.01254,637.9079,354.92883
0.21,0.0,0.0,892.5822,354.43036,697.2566,354.99942
0.24,0.0,0.0,951.24567,353.94885,756.5442,355.04892
0.27,0.0,0.0,1009.4388,353.5749,815.8182,355.14307
0.0,0.03,0.0,477.26636,417.59775,281.06708,413.22418
0.03,0.03,0.0,537.0282,416.84952,339.9077,413.14072
0.06,0.03,0.0,596.76666,416.1679,399.20724,413.11633
0.09,0.03,0.0,656.47327,415.42197,458.7472,413.1391
0.12,0.03,0.0,716.147,414.70776,518.45917,413.21854
0.15,0.03,0.0,775.78253,413.99762,578.1774,413.2969
0.18,0.03,0.0,835.3429,413.30026,637.8832,413.37
0.21,0.03,0.0,894.7216,412.64163,697.5186,413.42612
0.24,0.03,0.0,953.7631,412.026,757.17053,413.4411
0.27,0.03,0.0,1012.34564,411.50076,816.77625,413.52072
0.0,0.06,0.0,477.00195,476.65314,279.01175,472.03784
0.03,0.06,0.0,537.1243,475.9345,338.18106,472.1246
0.06,0.06,0.0,597.219,475.18588,397.81656,472.14755
0.09,0.06,0.0,657.2234,474.45395,457.73218,472.19656
0.12,0.06,0.0,717.2127,473.74475,517.78613,472.2736
0.15,0.06,0.0,777.17175,473.01672,577.80725,472.34436
0.18,0.06,0.0,837.067,472.25385,637.8165,472.3834
0.21,0.06,0.0,896.79803,471.52856,697.7816,472.42316
0.24,0.06,0.0,956.2106,470.8397,757.7365,472.44836
0.27,0.06,0.0,1015.08716,470.15814,817.6699,472.48798
0.0,0.09,0.0,476.74695,536.36237,277.07123,531.4677
0.03,0.09,0.0,537.21027,535.6326,336.5676,531.6954
0.06,0.09,0.0,597.5783,534.8441,396.46616,531.7543
0.09,0.09,0.0,657.9548,534.09467,456.68765,531.8606
0.12,0.09,0.0,718.26514,533.4055,517.06744,531.9682
0.15,0.09,0.0,778.55756,532.6505,577.4157,532.0223
0.18,0.09,0.0,838.796,531.85596,637.736,532.0141
0.21,0.09,0.0,898.9009,531.0742,698.05225,532.0354
0.24,0.09,0.0,958.51587,530.30457,758.3133,532.1064
0.27,0.09,0.0,1017.73505,529.43866,818.55023,532.09906
0.0,0.12,0.0,476.54285,596.70386,275.30725,591.4955
0.03,0.12,0.0,537.3057,596.0275,335.12097,591.82117
0.06,0.12,0.0,598.0094,595.22345,395.18185,592.0126
0.09,0.12,0.0,658.6794,594.43445,455.68906,592.1642
0.12,0.12,0.0,719.32886,593.7096,516.3725,592.26624
0.15,0.12,0.0,779.93,592.94977,577.04126,592.3126
0.18,0.12,0.0,840.48486,592.1174,637.682,592.3167
0.21,0.12,0.0,900.8515,591.2245,698.3145,592.32275
0.24,0.12,0.0,960.68896,590.35156,758.85144,592.3683
0.27,0.12,0.0,1020.16406,589.325,819.4355,592.3073
0.0,0.15,0.0,476.38513,657.68915,273.76407,651.9968
0.03,0.15,0.0,537.41943,656.9856,333.71115,652.4807
0.06,0.15,0.0,598.3911,656.2073,393.98666,652.8171
0.09,0.15,0.0,659.4233,655.43976,454.73145,653.01746
0.12,0.15,0.0,720.39026,654.6717,515.72375,653.1748
0.15,0.15,0.0,781.26984,653.8413,576.64667,653.2304
0.18,0.15,0.0,842.0895,652.9433,637.6116,653.2338
0.21,0.15,0.0,902.72394,651.99176,698.5742,653.22833
0.24,0.15,0.0,962.7611,650.9218,759.42535,653.22253
0.27,0.15,0.0,1022.40137,649.7147,820.22406,653.15533
0.0,0.18,0.0,476.28735,719.13824,272.4423,712.8565
0.03,0.18,0.0,537.52094,718.49164,332.41797,713.5392
0.06,0.18,0.0,598.8435,717.7889,392.94498,714.03345
0.09,0.18,0.0,660.16833,717.0272,453.9012,714.3853
0.12,0.18,0.0,721.4141,716.2213,515.00604,714.58954
0.15,0.18,0.0,782.5901,715.271,576.2597,714.7155
0.18,0.18,0.0,843.5785,714.30524,637.51215,714.76355
0.21,0.18,0.0,904.4252,713.17645,698.77734,714.7208
0.24,0.18,0.0,964.7017,711.9031,759.91296,714.6439
0.27,0.18,0.0,1024.3888,710.4869,820.9414,714.4445
0.0,0.21,0.0,476.33093,780.9105,271.32117,773.90283
0.03,0.21,0.0,537.7601,780.4051,331.35367,774.8817
0.06,0.21,0.0,599.3106,779.73004,392.10654,775.5469
0.09,0.21,0.0,660.8804,778.9518,453.19556,776.03577
0.12,0.21,0.0,722.3781,778.0939,514.4701,776.36237
0.15,0.21,0.0,783.79785,777.10376,575.93774,776.5299
0.18,0.21,0.0,844.9992,775.9708,637.4477,776.6
0.21,0.21,0.0,905.97974,774.7232,698.9336,776.57745
0.24,0.21,0.0,966.3778,773.20483,760.33484,776.395
0.27,0.21,0.0,1026.1758,771.53564,821.56213,776.0836
0.0,0.24,0.0,476.44925,842.9566,270.48547,835.0463
0.03,0.24,0.0,538.0901,842.52277,330.63843,836.2931
0.06,0.24,0.0,599.84955,841.8346,391.4758,837.1641
0.09,0.24,0.0,661.59564,841.0757,452.62378,837.814
0.12,0.24,0.0,723.319,840.2218,514.0007,838.3544
0.15,0.24,0.0,784.8611,839.0626,575.6467,838.5426
0.18,0.24,0.0,846.2296,837.7992,637.3506,838.62714
0.21,0.24,0.0,907.3416,836.3876,699.04425,838.6175
0.24,0.24,0.0,967.7867,834.6127,760.61633,838.34076
0.27,0.24,0.0,1027.6414,832.6167,821.9877,837.88715
0.0,0.27,0.0,476.76587,904.9441,269.99503,896.081
0.03,0.27,0.0,538.50916,904.6413,330.1739,897.6065
0.06,0.27,0.0,600.4029,903.969,391.08813,898.65735
0.09,0.27,0.0,662.2723,903.21265,452.24652,899.5402
0.12,0.27,0.0,724.1824,902.4094,513.64984,900.315
0.15,0.27,0.0,785.835,901.05493,575.43256,900.53516
0.18,0.27,0.0,847.2701,899.6057,637.2562,900.6348
0.21,0.27,0.0,908.4729,898.0124,699.09045,900.6577
0.24,0.27,0.0,968.8472,895.91034,760.78125,900.1584
0.27,0.27,0.0,1028.8325,893.6426,822.25714,899.6106
0.0,0.0,0.0,468.39337,351.86356,265.58978,347.75754
0.03,0.0,0.0,530.679,350.96848,326.68665,347.38196
0.06,0.0,0.0,593.0424,350.11124,388.34238,347.10196
0.09,0.0,0.0,655.3749,349.33057,450.3562,346.94022
0.12,0.0,0.0,717.6865,348.51556,512.67505,346.91162
0.15,0.0,0.0,780.0219,347.73843,575.0425,346.95828
0.18,0.0,0.0,842.2069,346.97705,637.38306,346.94754
0.21,0.0,0.0,904.2028,346.36136,699.7369,346.96188
0.24,0.0,0.0,965.79425,345.85593,762.13605,346.9942
0.27,0.0,0.0,1026.8522,345.52618,824.3773,347.0901
0.0,0.03,0.0,470.1482,414.04596,267.16663,409.5898
0.03,0.03,0.0,532.1687,413.18622,328.10132,409.40256
0.06,0.03,0.0,594.1966,412.3527,389.5785,409.27112
0.09,0.03,0.0,656.2146,411.57413,451.37662,409.22528
0.12,0.03,0.0,718.22754,410.75012,513.3349,409.21646
0.15,0.03,0.0,780.25775,409.9326,575.41205,409.2385
0.18,0.03,0.0,842.18823,409.17914,637.46027,409.27002
0.21,0.03,0.0,903.942,408.46167,699.48956,409.29208
0.24,0.03,0.0,965.3368,407.8547,761.5483,409.3174
0.27,0.03,0.0,1026.2002,407.29932,823.5416,409.37228
0.0,0.06,0.0,471.90076,475.6653,268.93304,470.9292
0.03,0.06,0.0,533.6184,474.83063,329.58878,470.90048
0.06,0.06,0.0,595.35767,474.00473,390.81046,470.88156
0.09,0.06,0.0,657.0629,473.19763,452.3379,470.8846
0.12,0.06,0.0,718.7663,472.35687,514.0673,470.89368
0.15,0.06,0.0,780.4584,471.57022,575.80096,470.90665
0.18,0.06,0.0,842.1225,470.80206,637.5329,470.94955
0.21,0.06,0.0,903.5914,470.03784,699.2323,470.97882
0.24,0.06,0.0,964.7394,469.31924,760.9646,471.00952
0.27,0.06,0.0,1025.3074,468.60352,822.6399,471.01398
0.0,0.09,0.0,473.65665,536.6996,270.8276,531.70685
0.03,0.09,0.0,535.0708,535.7818,331.26816,531.76965
0.06,0.09,0.0,596.4744,535.02203,392.12726,531.8747
0.09,0.09,0.0,657.89294,534.22986,453.3217,531.9491
0.12,0.09,0.0,719.2446,533.38763,514.74994,531.92334
0.15,0.09,0.0,780.6441,532.5587,576.15106,531.93646
0.18,0.09,0.0,841.99756,531.79193,637.5675,531.9826
0.21,0.09,0.0,903.18805,531.0414,698.9819,532.05884
0.24,0.09,0.0,963.94037,530.1604,760.3412,532.0169
0.27,0.09,0.0,1024.2881,529.3327,821.7295,532.0722
0.0,0.12,0.0,475.41324,597.05035,272.91852,591.80237
0.03,0.12,0.0,536.54333,596.14844,333.06332,591.9474
0.06,0.12,0.0,597.5776,595.47095,393.48044,592.2784
0.09,0.12,0.0,658.694,594.63055,454.35495,592.3497
0.12,0.12,0.0,719.7704,593.7068,515.4598,592.29364
0.15,0.12,0.0,780.7892,592.89404,576.54156,592.30035
0.18,0.12,0.0,841.8405,592.19806,637.631,592.4096
0.21,0.12,0.0,902.7196,591.40234,698.7003,592.4855
0.24,0.12,0.0,963.06366,590.34344,759.7391,592.37604
0.27,0.12,0.0,1023.0421,589.4509,820.80804,592.47437
0.0,0.15,0.0,477.2399,656.6967,275.24976,651.067
0.03,0.15,0.0,537.9587,655.8915,334.8896,651.4416
0.06,0.15,0.0,598.67267,655.2557,394.9271,651.8926
0.09,0.15,0.0,659.47687,654.3952,455.44183,652.0065
0.12,0.15,0.0,720.2213,653.48987,516.15454,652.0023
0.15,0.15,0.0,780.92975,652.6432,576.8816,652.06287
0.18,0.15,0.0,841.5858,651.86646,637.6655,652.1413
0.21,0.15,0.0,902.09454,651.0402,698.4334,652.2869
0.24,0.15,0.0,962.0311,649.86896,759.13086,652.1192
0.27,0.15,0.0,1021.58356,648.7563,819.7934,652.1202
0.0,0.18,0.0,479.0819,715.60474,277.7441,709.5266
0.03,0.18,0.0,539.39905,714.97345,336.85345,710.1817
0.06,0.18,0.0,599.79205,714.29724,396.51953,710.6671
0.09,0.18,0.0,660.2346,713.40906,456.6051,710.8763
0.12,0.18,0.0,720.6442,712.55597,516.88196,710.9896
0.15,0.18,0.0,780.9914,711.674,577.2736,711.06946
0.18,0.18,0.0,841.2452,710.7914,637.6857,711.1867
0.21,0.18,0.0,901.32263,709.8478,698.08606,711.31116
0.24,0.18,0.0,960.89453,708.61,758.46094,711.2061
0.27,0.18,0.0,1019.92706,707.2316,818.71686,711.04877
0.0,0.21,0.0,480.99194,773.7007,280.34283,767.03
0.03,0.21,0.0,540.86896,773.21265,338.97928,767.9676
0.06,0.21,0.0,600.9144,772.42804,398.2867,768.4349
0.09,0.21,0.0,660.966,771.5884,457.86377,768.8069
0.12,0.21,0.0,721.016,770.88586,517.64655,769.2082
0.15,0.21,0.0,780.9711,769.83264,577.65466,769.2896
0.18,0.21,0.0,840.7808,768.817,637.7139,769.3303
0.21,0.21,0.0,900.39606,767.77826,697.73456,769.48926
0.24,0.21,0.0,959.5091,766.3846,757.7445,769.3514
0.27,0.21,0.0,1018.1249,764.80133,817.58813,769.10944
0.0,0.24,0.0,482.99582,830.87555,283.16336,823.6079
0.03,0.24,0.0,542.42285,830.4515,341.30145,824.6724
0.06,0.24,0.0,602.0499,829.5819,400.1566,825.22064
0.09,0.24,0.0,661.6872,828.85614,459.22894,825.8279
0.12,0.24,0.0,721.3453,828.24097,518.5422,826.4568
0.15,0.24,0.0,780.8356,827.0546,578.09467,826.50214
0.18,0.24,0.0,840.19196,825.8769,637.739,826.5886
0.21,0.24,0.0,899.36554,824.77386,697.3653,826.77686
0.24,0.24,0.0,957.9439,823.1354,756.89453,826.4866
0.27,0.24,0.0,1016.0222,821.35016,816.2973,826.13275
0.0,0.27,0.0,485.07877,886.9363,286.18396,878.9793
0.03,0.27,0.0,544.07153,886.49774,343.8464,880.145
0.06,0.27,0.0,603.2121,885.6074,402.18695,880.82764
0.09,0.27,0.0,662.3872,884.92914,460.73856,881.6016
0.12,0.27,0.0,721.5874,884.5084,519.49225,882.5745
0.15,0.27,0.0,780.5843,883.09705,578.61395,882.58875
0.18,0.27,0.0,839.4639,881.81287,637.7551,882.6926
0.21,0.27,0.0,898.1294,880.6738,696.9301,882.9624
0.24,0.27,0.0,956.1126,878.6483,755.9795,882.3909
0.27,0.27,0.0,1013.76935,876.8174,814.924,882.07874
0.0,0.0,0.0,342.82233,262.5688,156.15602,258.6402
0.03,0.0,0.0,398.81195,259.49246,208.955,255.77893
0.06,0.0,0.0,455.79266,256.5266,263.22934,253.06076
0.09,0.0,0.0,513.6512,253.64249,318.76126,250.42758
0.12,0.0,0.0,572.4385,250.79726,375.5711,247.98615
0.15,0.0,0.0,631.96124,248.03593,433.4841,245.64723
0.18,0.0,0.0,692.24786,245.27678,492.4075,243.41628
0.21,0.0,0.0,753.2069,242.5437,552.19995,241.24985
0.24,0.0,0.0,814.8446,239.90189,612.81757,239.14488
0.27,0.0,0.0,877.0498,237.39337,674.2675,237.06454
0.0,0.03,0.0,343.46707,320.88675,155.36543,316.29117
0.03,0.03,0.0,399.61865,318.34946,208.42238,314.02927
0.06,0.03,0.0,456.71875,315.84695,262.85156,311.8842
0.09,0.03,0.0,514.7184,313.41553,318.59048,309.87506
0.12,0.03,0.0,573.59503,311.03217,375.5649,307.95142
0.15,0.03,0.0,633.19714,308.61115,433.61508,306.134
0.18,0.03,0.0,693.53015,306.22314,492.63535,304.36154
0.21,0.03,0.0,754.5999,303.83752,552.5085,302.67252
0.24,0.03,0.0,816.32855,301.4819,613.22894,301.00287
0.27,0.03,0.0,878.7109,299.1992,674.7572,299.31857
0.0,0.06,0.0,344.24463,379.52005,154.99902,374.20117
0.03,0.06,0.0,400.51874,377.4408,208.14343,372.61517
0.06,0.06,0.0,457.74374,375.40448,262.69403,371.06635
0.09,0.06,0.0,515.85,373.4004,318.55695,369.58194
0.12,0.06,0.0,574.77655,371.44177,375.69717,368.1818
0.15,0.06,0.0,634.3879,369.40616,433.84875,366.8623
0.18,0.06,0.0,694.7765,367.38437,492.94217,365.55795
0.21,0.06,0.0,755.8788,365.33774,552.8894,364.28427
0.24,0.06,0.0,817.7158,363.32938,613.63666,363.03052
0.27,0.06,0.0,880.16925,361.33612,675.17334,361.74286
0.0,0.09,0.0,345.10596,438.33395,154.81229,432.4121
0.03,0.09,0.0,401.5644,436.69547,208.17998,431.4111
0.06,0.09,0.0,458.80386,435.04468,262.6852,430.41168
0.09,0.09,0.0,516.9532,433.4713,318.6584,429.4654
0.12,0.09,0.0,575.9841,431.85553,375.9651,428.55573
0.15,0.09,0.0,635.6309,430.24963,434.19354,427.67578
0.18,0.09,0.0,695.9615,428.59415,493.2692,426.80197
0.21,0.09,0.0,757.1666,426.9209,553.2392,425.95404
0.24,0.09,0.0,819.03894,425.2891,614.0817,425.12573
0.27,0.09,0.0,881.57227,423.62756,675.56757,424.23355
0.0,0.12,0.0,346.1581,497.19333,154.99045,490.70444
0.03,0.12,0.0,402.7266,496.0084,208.4676,490.31342
0.06,0.12,0.0,459.87332,494.82178,262.8715,489.86398
0.09,0.12,0.0,518.09656,493.5833,318.94547,489.47342
0.12,0.12,0.0,577.176,492.3449,376.32535,488.9983
0.15,0.12,0.0,636.85724,491.10208,434.59763,488.57733
0.18,0.12,0.0,697.1971,489.85843,493.65912,488.14255
0.21,0.12,0.0,758.35175,488.5674,553.6161,487.68127
0.24,0.12,0.0,820.32556,487.31757,614.55743,487.21674
0.27,0.12,0.0,882.8784,486.01385,675.9388,486.72388
0.0,0.15,0.0,347.3646,556.1031,155.52486,549.0311
0.03,0.15,0.0,403.83292,555.36115,208.87561,549.2138
0.06,0.15,0.0,460.98645,554.59454,263.2893,549.36926
0.09,0.15,0.0,519.26794,553.7182,319.39734,549.44543
0.12,0.15,0.0,578.365,552.84894,376.7476,549.48584
0.15,0.15,0.0,638.0608,551.97473,434.97958,549.4624
0.18,0.15,0.0,698.42456,551.12946,494.0963,549.44885
0.21,0.15,0.0,759.56177,550.2849,553.98175,549.42114
0.24,0.15,0.0,821.5504,549.3604,614.884,549.3247
0.27,0.15,0.0,884.11804,548.46094,676.37506,549.2619
0.0,0.18,0.0,348.66867,614.952,156.31241,607.2285
0.03,0.18,0.0,404.95596,614.6853,209.43394,608.06
0.06,0.18,0.0,462.22614,614.3494,264.01407,608.7813
0.09,0.18,0.0,520.5097,613.87317,320.0634,609.3754
0.12,0.18,0.0,579.49084,613.4175,377.22244,609.9078
0.15,0.18,0.0,639.2131,612.90674,435.43402,610.3521
0.18,0.18,0.0,699.6063,612.4509,494.52005,610.75494
0.21,0.18,0.0,760.776,611.98285,554.4448,611.16144
0.24,0.18,0.0,822.703,611.4829,615.22485,611.4815
0.27,0.18,0.0,885.26245,610.88684,676.80505,611.792
0.0,0.21,0.0,350.03513,673.69507,157.34872,665.2481
0.03,0.21,0.0,406.19946,673.94635,210.29834,666.6953
0.06,0.21,0.0,463.5677,673.9841,264.95593,667.941
0.09,0.21,0.0,521.7751,673.93335,320.87704,669.08
0.12,0.21,0.0,580.59424,673.934,377.7732,670.19794
0.15,0.21,0.0,640.3689,673.82,435.9344,671.09485
0.18,0.21,0.0,700.81085,673.705,495.01373,671.9721
0.21,0.21,0.0,761.95,673.6532,554.85077,672.8138
0.24,0.21,0.0,823.84766,673.46204,615.6227,673.56934
0.27,0.21,0.0,886.3106,673.18085,677.1979,674.28345
0.0,0.24,0.0,351.50635,732.2573,158.60046,723.0316
0.03,0.24,0.0,407.6402,732.965,211.52878,725.0717
0.06,0.24,0.0,464.9839,733.4437,266.16223,726.8497
0.09,0.24,0.0,523.0333,733.8718,321.77994,728.58044
0.12,0.24,0.0,581.72644,734.3919,378.4007,730.3106
0.15,0.24,0.0,641.51154,734.62006,436.56506,731.6331
0.18,0.24,0.0,701.95026,734.88684,495.569,732.9863
0.21,0.24,0.0,763.0301,735.21124,555.287,734.3721
0.24,0.24,0.0,824.8501,735.2882,616.0447,735.4829
0.27,0.24,0.0,887.1731,735.24426,677.5633,736.6296
0.0,0.27,0.0,353.16156,790.4706,160.17497,780.3312
0.03,0.27,0.0,409.24167,791.6607,213.03448,782.95575
0.06,0.27,0.0,466.50992,792.52484,267.58185,785.2992
0.09,0.27,0.0,524.4063,793.48175,322.9886,787.6129
0.12,0.27,0.0,582.9386,794.56104,379.27155,790.01
0.15,0.27,0.0,642.65875,795.112,437.3389,791.8331
0.18,0.27,0.0,703.041,795.73,496.1649,793.66235
0.21,0.27,0.0,763.98254,796.4519,555.7453,795.5952
0.24,0.27,0.0,825.7075,796.67065,616.52,797.0076
0.27,0.27,0.0,887.8679,796.9479,677.859,798.62195
0.0,0.0,0.0,328.9857,246.08116,133.35165,242.2696
0.03,0.0,0.0,391.29263,246.67993,194.22324,242.99498
0.06,0.0,0.0,453.23154,247.46123,255.32237,243.98865
0.09,0.0,0.0,514.7173,248.39174,316.56793,245.19595
0.12,0.0,0.0,575.6078,249.42982,377.6806,246.64467
0.15,0.0,0.0,635.78455,250.58018,438.48975,248.268
0.18,0.0,0.0,695.274,251.75531,498.83887,250.02193
0.21,0.0,0.0,754.02313,252.9511,558.62823,251.85231
0.24,0.0,0.0,811.98083,254.22963,617.7527,253.74992
0.27,0.0,0.0,869.11237,255.60684,676.1751,255.66994
0.0,0.03,0.0,328.74655,307.54617,131.64073,302.96814
0.03,0.03,0.0,391.2192,307.9799,192.72493,303.64374
0.06,0.03,0.0,453.34427,308.55365,254.08374,304.54898
0.09,0.03,0.0,514.95715,309.20224,315.50903,305.66846
0.12,0.03,0.0,575.90594,309.9565,376.81042,306.9322
0.15,0.03,0.0,636.1753,310.7386,437.78845,308.332
0.18,0.03,0.0,695.7043,311.54385,498.26166,309.80328
0.21,0.03,0.0,754.4973,312.35336,558.12085,311.34296
0.24,0.03,0.0,812.54474,313.19644,617.2933,312.91425
0.27,0.03,0.0,869.7712,314.12018,675.7672,314.49332
0.0,0.06,0.0,328.65295,369.36542,130.27225,364.01913
0.03,0.06,0.0,391.27362,369.58292,191.51619,364.67682
0.06,0.06,0.0,453.54352,369.8704,253.05197,365.45416
0.09,0.06,0.0,515.2178,370.23764,314.63864,366.39304
0.12,0.06,0.0,576.2521,370.6582,376.09015,367.42804
0.15,0.06,0.0,636.51495,371.0666,437.19495,368.58887
0.18,0.06,0.0,696.09924,371.48163,497.75278,369.77777
0.21,0.06,0.0,754.9211,371.91266,557.6491,370.99026
0.24,0.06,0.0,813.02136,372.37997,616.86566,372.21387
0.27,0.06,0.0,870.29443,372.86084,675.3416,373.42578
0.0,0.09,0.0,328.73596,431.39188,129.23343,425.32523
0.03,0.09,0.0,391.47815,431.34735,190.63544,425.90167
0.06,0.09,0.0,453.81253,431.32468,252.22536,426.56277
0.09,0.09,0.0,515.56537,431.3405,313.9279,427.29367
0.12,0.09,0.0,576.5774,431.41837,375.49673,428.10272
0.15,0.09,0.0,636.8544,431.48743,436.6559,428.94327
0.18,0.09,0.0,696.4956,431.5082,497.27615,429.77817
0.21,0.09,0.0,755.3483,431.583,557.24866,430.66324
0.24,0.09,0.0,813.3865,431.66425,616.41016,431.5468
0.27,0.09,0.0,870.7805,431.75156,674.9256,432.37158
0.0,0.12,0.0,328.95715,493.5302,128.55008,486.7562
0.03,0.12,0.0,391.80035,493.17133,190.04355,487.2829
0.06,0.12,0.0,454.1197,492.87885,251.61688,487.7506
0.09,0.12,0.0,515.874,492.50037,313.42773,488.3332
0.12,0.12,0.0,576.88763,492.1885,375.00604,488.82196
0.15,0.12,0.0,637.19556,491.88153,436.1454,489.35556
0.18,0.12,0.0,696.79895,491.56363,496.82477,489.8423
0.21,0.12,0.0,755.7651,491.28357,556.83154,490.3716
0.24,0.12,0.0,813.7672,490.96057,615.9629,490.8447
0.27,0.12,0.0,871.19763,490.68924,674.49854,491.3394
0.0,0.15,0.0,329.3616,555.6821,128.28886,548.204
0.03,0.15,0.0,392.12216,555.06085,189.66469,548.63654
0.06,0.15,0.0,454.44745,554.4266,251.21681,549.0829
0.09,0.15,0.0,516.20166,553.69275,312.98563,549.35077
0.12,0.15,0.0,577.2296,552.9936,374.56396,549.5788
0.15,0.15,0.0,637.52893,552.2888,435.72525,549.75665
0.18,0.15,0.0,697.16547,551.6159,496.38425,549.93396
0.21,0.15,0.0,756.09247,550.9918,556.3668,550.0916
0.24,0.15,0.0,814.0899,550.323,615.51935,550.16815
0.27,0.15,0.0,871.4986,549.6843,674.03876,550.297
0.0,0.18,0.0,329.89236,617.76965,128.32619,609.58417
0.03,0.18,0.0,392.52005,616.9059,189.56032,609.93646
0.06,0.18,0.0,454.8105,615.9418,251.10637,610.17615
0.09,0.18,0.0,516.5218,614.87854,312.76056,610.27026
0.12,0.18,0.0,577.5321,613.8165,374.21506,610.26825
0.15,0.18,0.0,637.84644,612.73474,435.31378,610.16266
0.18,0.18,0.0,697.4489,611.7135,495.92072,609.9851
0.21,0.18,0.0,756.386,610.73193,555.88245,609.78973
0.24,0.18,0.0,814.4799,609.70654,615.1045,609.5442
0.27,0.18,0.0,871.7286,608.60944,673.5445,609.28235
0.0,0.21,0.0,330.5356,679.7124,128.73358,670.6517
0.03,0.21,0.0,393.05972,678.6271,189.78293,671.0146
0.06,0.21,0.0,455.23373,677.33527,251.2272,671.07996
0.09,0.21,0.0,516.87854,675.97107,312.6944,670.98804
0.12,0.21,0.0,577.89636,674.63916,373.99622,670.8186
0.15,0.21,0.0,638.1585,673.19495,434.98267,670.4284
0.18,0.21,0.0,697.72986,671.7826,495.48825,669.9317
0.21,0.21,0.0,756.68976,670.43054,555.4283,669.45636
0.24,0.21,0.0,814.7285,669.00055,614.61127,668.8499
0.27,0.21,0.0,871.9341,667.4985,673.0843,668.23346
0.0,0.24,0.0,331.38446,741.4018,129.43362,731.41223
0.03,0.24,0.0,393.77765,740.1093,190.28813,731.70715
0.06,0.24,0.0,455.77896,738.5228,251.57469,731.6366
0.09,0.24,0.0,517.3025,736.9293,312.81696,731.44495
0.12,0.24,0.0,578.283,735.3528,373.91214,731.1365
0.15,0.24,0.0,638.464,733.518,434.7769,730.47736
0.18,0.24,0.0,698.00104,731.74054,495.14993,729.7141
0.21,0.24,0.0,756.911,730.03046,555.01984,728.9721
0.24,0.24,0.0,814.8664,728.122,614.1748,728.013
0.27,0.24,0.0,872.01086,726.20575,672.5956,727.06226
0.0,0.27,0.0,332.472,802.6362,130.49438,791.657
0.03,0.27,0.0,394.62653,801.1674,191.2126,791.89417
0.06,0.27,0.0,456.453,799.3194,252.21033,791.68854
0.09,0.27,0.0,517.8189,797.49176,313.19937,791.4081
0.12,0.27,0.0,578.70996,795.7902,374.04504,791.0994
0.15,0.27,0.0,638.7722,793.54974,434.68863,790.1688
0.18,0.27,0.0,698.2308,791.3971,494.94196,789.1645
0.21,0.27,0.0,757.10425,789.37103,554.6873,788.2295
0.24,0.27,0.0,814.8254,786.89246,613.6919,786.8481
0.27,0.27,0.0,871.9175,784.557,672.1062,785.6166
0.0,0.0,0.0,340.7326,262.5165,153.2258,258.54132
0.03,0.0,0.0,399.17682,261.35614,209.51366,257.5913
0.06,0.0,0.0,457.9485,260.3391,266.61807,256.7841
0.09,0.0,0.0,516.9325,259.41733,324.3815,256.2159
0.12,0.0,0.0,576.0511,258.65448,382.75378,255.80458
0.15,0.0,0.0,635.1922,257.93292,441.47275,255.56844
0.18,0.0,0.0,694.2669,257.26694,500.43726,255.44014
0.21,0.0,0.0,753.3441,256.6582,559.51117,255.39574
0.24,0.0,0.0,812.2711,256.0771,618.625,255.42714
0.27,0.0,0.0,871.01447,255.65477,677.75195,255.53712
0.0,0.03,0.0,339.31998,319.67834,149.68977,314.99036
0.03,0.03,0.0,398.2193,318.6289,206.38504,314.25064
0.06,0.03,0.0,457.4366,317.7109,263.93912,313.70853
0.09,0.03,0.0,516.84625,316.92273,322.21005,313.33182
0.12,0.03,0.0,576.3118,316.1606,381.00418,313.08124
0.15,0.03,0.0,635.8075,315.45056,440.18387,312.96548
0.18,0.03,0.0,695.28186,314.7445,499.53815,312.91412
0.21,0.03,0.0,754.7002,314.0537,559.00323,312.92627
0.24,0.03,0.0,814.0149,313.43143,618.4862,313.00983
0.27,0.03,0.0,873.19293,312.88382,677.94977,313.07886
0.0,0.06,0.0,338.03387,377.65958,146.37498,372.32187
0.03,0.06,0.0,397.34976,376.73993,203.46202,371.85675
0.06,0.06,0.0,456.99713,375.91928,261.46365,371.54688
0.09,0.06,0.0,516.75696,375.14423,320.14532,371.30768
0.12,0.06,0.0,576.614,374.4246,379.37976,371.19403
0.15,0.06,0.0,636.4384,373.6971,438.9418,371.16345
0.18,0.06,0.0,696.2338,372.9695,498.68555,371.17914
0.21,0.06,0.0,756.0074,372.2561,558.5013,371.23166
0.24,0.06,0.0,815.6966,371.58765,618.3533,371.30267
0.27,0.06,0.0,875.22784,370.93787,678.1212,371.3717
0.0,0.09,0.0,336.83646,436.3755,143.30936,430.40915
0.03,0.09,0.0,396.5887,435.6153,200.85355,430.2623
0.06,0.09,0.0,456.55206,434.77515,259.10907,430.06393
0.09,0.09,0.0,516.72595,434.05484,318.1705,430.0117
0.12,0.09,0.0,576.9564,433.38007,377.84232,430.06998
0.15,0.09,0.0,637.0758,432.65265,437.77325,430.08853
0.18,0.09,0.0,697.19684,431.83716,497.8533,430.07635
0.21,0.09,0.0,757.31946,431.13422,558.0095,430.13766
0.24,0.09,0.0,817.33344,430.44147,618.1756,430.26407
0.27,0.09,0.0,877.2671,429.6783,678.2645,430.26538
0.0,0.12,0.0,335.78296,495.8853,140.54881,489.2349
0.03,0.12,0.0,395.91687,495.21176,198.43854,489.40457
0.06,0.12,0.0,456.17133,494.36417,256.91693,489.37015
0.09,0.12,0.0,516.6945,493.6064,316.34674,489.44568
0.12,0.12,0.0,577.25977,492.94562,376.40027,489.59106
0.15,0.12,0.0,637.68567,492.22302,436.63968,489.6618
0.18,0.12,0.0,698.16376,491.4205,497.04285,489.684
0.21,0.12,0.0,758.61334,490.59872,557.5277,489.68774
0.24,0.12,0.0,818.9502,489.95987,618.0226,489.81564
0.27,0.12,0.0,879.244,489.1262,678.4223,489.78568
0.0,0.15,0.0,334.86234,555.9914,138.14024,548.6456
0.03,0.15,0.0,395.26407,555.384,196.17851,549.0525
0.06,0.15,0.0,455.80576,554.59705,254.89713,549.28284
0.09,0.15,0.0,516.68256,553.8964,314.6765,549.52704
0.12,0.15,0.0,577.56055,553.17694,374.97394,549.74884
0.15,0.15,0.0,638.3367,552.40857,435.51675,549.8638
0.18,0.15,0.0,699.11816,551.6185,496.25415,549.9303
0.21,0.15,0.0,759.8918,550.78864,557.0176,549.89966
0.24,0.15,0.0,820.5351,550.1195,617.82745,550.0064
0.27,0.15,0.0,881.1059,549.288,678.55786,550.0211
0.0,0.18,0.0,334.0945,616.7104,135.97647,608.60187
0.03,0.18,0.0,394.6029,616.18146,194.09872,609.23175
0.06,0.18,0.0,455.53275,615.5312,253.17546,609.76855
0.09,0.18,0.0,516.6637,614.8233,313.13956,610.1929
0.12,0.18,0.0,577.81805,614.0767,373.6234,610.49097
0.15,0.18,0.0,638.9576,613.3064,434.41528,610.6794
0.18,0.18,0.0,700.05493,612.5121,495.4238,610.7833
0.21,0.18,0.0,761.15564,611.7185,556.53357,610.8281
0.24,0.18,0.0,822.1415,610.9032,617.63654,610.8632
0.27,0.18,0.0,882.9503,610.03827,678.69586,610.8812
0.0,0.21,0.0,333.40628,677.9296,134.11322,668.9043
0.03,0.21,0.0,394.12128,677.5077,192.3468,669.87756
0.06,0.21,0.0,455.32327,676.95544,251.69354,670.66504
0.09,0.21,0.0,516.7169,676.29865,311.79367,671.2728
0.12,0.21,0.0,578.1001,675.5355,372.35025,671.7188
0.15,0.21,0.0,639.5703,674.78876,433.36566,672.0164
0.18,0.21,0.0,701.00745,674.01135,494.65594,672.21063
0.21,0.21,0.0,762.3969,673.1792,556.0113,672.29443
0.24,0.21,0.0,823.68195,672.3149,617.4451,672.333
0.27,0.21,0.0,884.7514,671.3436,678.84186,672.3296
0.0,0.24,0.0,332.84946,739.4935,132.55362,729.52216
0.03,0.24,0.0,393.81897,739.26904,190.9382,730.8236
0.06,0.24,0.0,455.2231,738.8366,250.4659,731.84235
0.09,0.24,0.0,516.8111,738.2726,310.58563,732.6916
0.12,0.24,0.0,578.38367,737.63245,371.23438,733.3611
0.15,0.24,0.0,640.2031,736.88007,432.45935,733.7851
0.18,0.24,0.0,701.9114,736.0526,493.96808,734.10114
0.21,0.24,0.0,763.6256,735.20636,555.56335,734.2959
0.24,0.24,0.0,825.09766,734.1992,617.26245,734.30835
0.27,0.24,0.0,886.3768,733.0859,678.9324,734.32263
0.0,0.27,0.0,332.55585,801.3336,131.36858,790.2015
0.03,0.27,0.0,393.6496,801.2961,189.89116,791.8436
0.06,0.27,0.0,455.2863,800.988,249.52542,793.16376
0.09,0.27,0.0,517.00354,800.53876,309.65955,794.286
0.12,0.27,0.0,578.80206,800.0668,370.28427,795.2528
0.15,0.27,0.0,640.8164,799.2819,431.71863,795.84595
0.18,0.27,0.0,702.7851,798.43274,493.364,796.2699
0.21,0.27,0.0,764.70233,797.5032,555.1284,796.63135
0.24,0.27,0.0,826.38434,796.3467,617.0845,796.6466
0.27,0.27,0.0,887.8257,795.0782,679.00775,796.65625
0.0,0.0,0.0,325.248,250.71039,130.24678,246.98842
0.03,0.0,0.0,386.35876,249.3046,188.78152,245.7243
0.06,0.0,0.0,447.89572,248.04604,248.28487,244.67087
0.09,0.0,0.0,509.71555,246.9717,308.63794,243.81879
0.12,0.0,0.0,571.7189,246.00038,369.69223,243.21823
0.15,0.0,0.0,633.7834,245.13948,431.23703,242.78336
0.18,0.0,0.0,695.8712,244.33678,493.06595,242.53421
0.21,0.0,0.0,757.89984,243.63417,555.0918,242.38582
0.24,0.0,0.0,819.8031,243.0389,617.19464,242.353
0.27,0.0,0.0,881.5077,242.58333,679.3379,242.40117
0.0,0.03,0.0,327.16428,312.50684,131.59142,307.932
0.03,0.03,0.0,388.1619,311.27335,190.05896,307.01892
0.06,0.03,0.0,449.57025,310.17404,249.49103,306.27087
0.09,0.03,0.0,511.19754,309.22662,309.77493,305.7232
0.12,0.03,0.0,572.9598,308.3266,370.67883,305.3024
0.15,0.03,0.0,634.7374,307.51794,432.08017,305.04565
0.18,0.03,0.0,696.5572,306.71753,493.71573,304.90323
0.21,0.03,0.0,758.36725,305.94608,555.5129,304.84702
0.24,0.03,0.0,820.04144,305.28052,617.3411,304.87488
0.27,0.03,0.0,881.57965,304.69507,679.22,304.88766
0.0,0.06,0.0,329.26526,373.99054,133.23856,368.6915
0.03,0.06,0.0,390.05704,372.9308,191.61739,368.07605
0.06,0.06,0.0,451.283,371.9629,250.93669,367.6273
0.09,0.06,0.0,512.7026,371.08945,311.08203,367.24487
0.12,0.06,0.0,574.13245,370.28024,371.8261,367.01062
0.15,0.06,0.0,635.7011,369.4265,433.0132,366.8758
0.18,0.06,0.0,697.2295,368.63638,494.42963,366.83844
0.21,0.06,0.0,758.7284,367.85254,555.9838,366.85254
0.24,0.06,0.0,820.19794,367.12363,617.52234,366.8827
0.27,0.06,0.0,881.48083,366.47253,679.048,366.9139
0.0,0.09,0.0,331.4676,435.03745,135.20549,429.02258
0.03,0.09,0.0,392.13953,434.07263,193.51176,428.71045
0.06,0.09,0.0,453.0458,433.22433,252.57831,428.49872
0.09,0.09,0.0,514.2298,432.40518,312.52844,428.3706
0.12,0.09,0.0,575.461,431.54947,373.10413,428.2431
0.15,0.09,0.0,636.6371,430.77554,434.06284,428.20688
0.18,0.09,0.0,697.85065,429.98843,495.17606,428.21185
0.21,0.09,0.0,759.081,429.2156,556.4353,428.27853
0.24,0.09,0.0,820.206,428.43137,617.66754,428.2761
0.27,0.09,0.0,881.30206,427.7194,678.89795,428.34793
0.0,0.12,0.0,333.827,495.57156,137.56795,488.91144
0.03,0.12,0.0,394.27078,494.69028,195.66435,488.84998
0.06,0.12,0.0,454.8252,493.9621,254.39648,488.9612
0.09,0.12,0.0,515.7301,493.12466,314.13705,488.94547
0.12,0.12,0.0,576.6937,492.24518,374.4962,488.88922
0.15,0.12,0.0,637.5731,491.43533,435.1339,488.91962
0.18,0.12,0.0,698.4619,490.71375,495.94836,488.97348
0.21,0.12,0.0,759.3963,489.97543,556.8828,489.0618
0.24,0.12,0.0,820.20514,489.13614,617.83966,489.02765
0.27,0.12,0.0,881.0135,488.44653,678.7127,489.12045
0.0,0.15,0.0,336.32822,555.45605,140.2366,548.19
0.03,0.15,0.0,396.40775,554.72644,197.99931,548.44116
0.06,0.15,0.0,456.6708,554.06573,256.44174,548.7662
0.09,0.15,0.0,517.2657,553.22955,315.911,548.9145
0.12,0.15,0.0,577.87714,552.345,375.931,548.9278
0.15,0.15,0.0,638.4601,551.54913,436.26306,549.02563
0.18,0.15,0.0,699.056,550.81274,496.7394,549.1364
0.21,0.15,0.0,759.6641,550.1334,557.32733,549.2492
0.24,0.15,0.0,820.1912,549.29114,617.95935,549.1749
0.27,0.15,0.0,880.66144,548.53546,678.5461,549.2617
0.0,0.18,0.0,338.89627,614.7015,143.18347,606.77277
0.03,0.18,0.0,398.54034,614.1498,200.50395,607.35974
0.06,0.18,0.0,458.53036,613.49713,258.73135,607.83215
0.09,0.18,0.0,518.7796,612.6773,317.8183,608.12286
0.12,0.18,0.0,579.0596,611.8633,377.387,608.3433
0.15,0.18,0.0,639.328,611.0913,437.3674,608.4819
0.18,0.18,0.0,699.6239,610.33673,497.54025,608.6229
0.21,0.18,0.0,759.9001,609.653,557.7822,608.7732
0.24,0.18,0.0,820.131,608.85236,618.0706,608.7646
0.27,0.18,0.0,880.2394,608.00085,678.3755,608.7755
0.0,0.21,0.0,341.5498,673.25305,146.33958,664.5747
0.03,0.21,0.0,400.77332,672.8539,203.25021,665.5075
0.06,0.21,0.0,460.43567,672.1724,261.21103,666.1229
0.09,0.21,0.0,520.33276,671.4472,319.8608,666.5562
0.12,0.21,0.0,580.23004,670.81683,378.94824,667.0488
0.15,0.21,0.0,640.19543,669.97125,438.54648,667.23804
0.18,0.21,0.0,700.1666,669.22107,498.3381,667.41296
0.21,0.21,0.0,760.1565,668.5645,558.2496,667.618
0.24,0.21,0.0,820.0329,667.70526,618.20154,667.6715
0.27,0.21,0.0,879.7383,666.8135,678.185,667.68976
0.0,0.24,0.0,344.30222,731.04694,149.73262,721.6377
0.03,0.24,0.0,403.1526,730.77014,206.25723,722.7443
0.06,0.24,0.0,462.44803,730.09845,263.8784,723.50354
0.09,0.24,0.0,521.8825,729.53375,322.0187,724.21173
0.12,0.24,0.0,581.38715,729.0692,380.60123,724.96387
0.15,0.24,0.0,641.0368,728.1933,439.8046,725.215
0.18,0.24,0.0,700.66583,727.3986,499.22775,725.4704
0.21,0.24,0.0,760.3118,726.7889,558.7179,725.8079
0.24,0.24,0.0,819.78625,725.81,618.31866,725.8027
0.27,0.24,0.0,879.11694,724.80237,677.9698,725.82056
0.0,0.27,0.0,347.1793,787.9304,153.3979,777.7133
0.03,0.27,0.0,405.6209,787.7175,209.54948,778.98956
0.06,0.27,0.0,464.53275,787.13794,266.7399,779.91034
0.09,0.27,0.0,523.509,786.7003,324.3608,780.9001
0.12,0.27,0.0,582.60376,786.5204,382.37872,781.9904
0.15,0.27,0.0,641.84656,785.5664,441.1774,782.27136
0.18,0.27,0.0,701.1306,784.76685,500.14087,782.6396
0.21,0.27,0.0,760.38715,784.1694,559.2266,783.18866
0.24,0.27,0.0,819.4171,782.9364,618.49194,783.02747
0.27,0.27,0.0,878.3486,781.94336,677.7376,783.19794
0.0,0.0,0.0,472.61383,140.38457,275.1151,137.97148
0.03,0.0,0.0,534.318,141.83716,336.56375,139.4465
0.06,0.0,0.0,595.3463,143.46724,397.83243,141.24004
0.09,0.0,0.0,655.7679,145.23466,458.80576,143.22864
0.12,0.0,0.0,715.41864,147.14708,519.361,145.45699
0.15,0.0,0.0,774.23303,149.20529,579.36206,147.86613
0.18,0.0,0.0,832.2016,151.38808,638.6599,150.37183
0.21,0.0,0.0,889.1815,153.71532,697.26404,152.97919
0.24,0.0,0.0,945.1442,156.21123,755.11774,155.70299
0.27,0.0,0.0,1000.00635,158.86218,812.18744,158.52446
0.0,0.03,0.0,472.499,201.23282,273.43967,198.24802
0.03,0.03,0.0,534.41943,202.43713,335.15045,199.62483
0.06,0.03,0.0,595.66876,203.78716,396.6955,201.27592
0.09,0.03,0.0,656.1922,205.24251,457.9196,203.13678
0.12,0.03,0.0,715.93756,206.7716,518.63544,205.12413
0.15,0.03,0.0,774.9424,208.39413,578.7841,207.26097
0.18,0.03,0.0,833.0167,210.11574,638.2603,209.44102
0.21,0.03,0.0,890.21436,211.91496,696.97626,211.66484
0.24,0.03,0.0,946.39954,213.90631,754.9477,213.96098
0.27,0.03,0.0,1001.47833,216.00726,812.14276,216.31956
0.0,0.06,0.0,472.56067,262.61713,271.95853,259.1001
0.03,0.06,0.0,534.5983,263.58997,333.94513,260.37912
0.06,0.06,0.0,595.9471,264.6158,395.74884,261.85233
0.09,0.06,0.0,656.5582,265.71835,457.11066,263.48923
0.12,0.06,0.0,716.4178,266.8535,518.00836,265.22977
0.15,0.06,0.0,775.4729,268.03406,578.25476,267.07474
0.18,0.06,0.0,833.76544,269.26254,637.8172,268.90836
0.21,0.06,0.0,891.0926,270.59225,696.61896,270.76096
0.24,0.06,0.0,947.3949,272.05,754.69495,272.65063
0.27,0.06,0.0,1002.6097,273.62283,811.9579,274.60663
0.0,0.09,0.0,472.73886,324.3526,270.7878,320.3919
0.03,0.09,0.0,534.8398,325.0588,332.98764,321.5503
0.06,0.09,0.0,596.30115,325.7027,394.93472,322.77405
0.09,0.09,0.0,656.95856,326.4424,456.51315,324.13913
0.12,0.09,0.0,716.8157,327.22156,517.4791,325.64453
0.15,0.09,0.0,775.9448,327.99396,577.7617,327.13196
0.18,0.09,0.0,834.3606,328.73187,637.3799,328.61057
0.21,0.09,0.0,891.8503,329.6073,696.28,330.11105
0.24,0.09,0.0,948.19305,330.59607,754.30365,331.63055
0.27,0.09,0.0,1003.61646,331.61285,811.7123,333.1043
0.0,0.12,0.0,472.98047,386.35822,269.85748,382.02246
0.03,0.12,0.0,535.15967,386.71567,332.222,382.98718
0.06,0.12,0.0,596.6852,386.972,394.29648,383.92245
0.09,0.12,0.0,657.3472,387.35873,455.96042,385.02386
0.12,0.12,0.0,717.2094,387.70984,516.9544,386.19052
0.15,0.12,0.0,776.3248,388.0791,577.30304,387.3455
0.18,0.12,0.0,834.856,388.44275,636.9532,388.46774
0.21,0.12,0.0,892.47504,388.82596,695.89484,389.54712
0.24,0.12,0.0,948.82477,389.37115,753.8796,390.7007
0.27,0.12,0.0,1004.4273,389.8616,811.36725,391.74466
0.0,0.15,0.0,473.26447,448.43777,269.182,443.81308
0.03,0.15,0.0,535.4878,448.39014,331.59213,444.52762
0.06,0.15,0.0,597.0597,448.33704,393.73987,445.21573
0.09,0.15,0.0,657.6781,448.31854,455.45184,446.01068
0.12,0.15,0.0,717.55414,448.2778,516.49585,446.792
0.15,0.15,0.0,776.7184,448.2509,576.8735,447.5893
0.18,0.15,0.0,835.23737,448.2167,636.50586,448.32065
0.21,0.15,0.0,892.9399,448.21674,695.4266,449.05142
0.24,0.15,0.0,949.38477,448.27512,753.4878,449.78925
0.27,0.15,0.0,1004.962,448.3345,810.9544,450.5023
0.0,0.18,0.0,473.58575,510.5284,268.66916,505.71408
0.03,0.18,0.0,535.8315,510.1116,331.05518,506.10217
0.06,0.18,0.0,597.3633,509.70743,393.23,506.575
0.09,0.18,0.0,657.985,509.2863,454.93344,506.99695
0.12,0.18,0.0,717.8977,508.87244,516.0118,507.41254
0.15,0.18,0.0,777.08563,508.46472,576.41205,507.78122
0.18,0.18,0.0,835.5717,508.0618,636.02094,508.16373
0.21,0.18,0.0,893.2645,507.65253,694.971,508.54495
0.24,0.18,0.0,949.88116,507.29184,753.06696,508.93698
0.27,0.18,0.0,1005.3301,506.86078,810.4502,509.25766
0.0,0.21,0.0,473.94034,572.71436,268.31964,567.5337
0.03,0.21,0.0,536.174,571.8664,330.70343,567.7638
0.06,0.21,0.0,597.63776,571.0581,392.84253,567.892
0.09,0.21,0.0,658.31604,570.21844,454.50534,567.9636
0.12,0.21,0.0,718.30255,569.4593,515.5977,568.0183
0.15,0.21,0.0,777.4399,568.6524,575.9364,568.0086
0.18,0.21,0.0,835.87006,567.8701,635.55963,568.021
0.21,0.21,0.0,893.5856,567.0887,694.49097,568.04004
0.24,0.21,0.0,950.1589,566.2635,752.6372,568.03406
0.27,0.21,0.0,1005.6166,565.40247,810.0306,568.02515
0.0,0.24,0.0,474.30127,634.8578,268.1743,629.31824
0.03,0.24,0.0,536.49805,633.68976,330.451,629.3128
0.06,0.24,0.0,597.91473,632.41376,392.50952,629.13116
0.09,0.24,0.0,658.61926,631.22534,454.10825,628.8716
0.12,0.24,0.0,718.679,630.1335,515.17145,628.63434
0.15,0.24,0.0,777.7662,628.8894,575.455,628.2342
0.18,0.24,0.0,836.11743,627.70276,635.0827,627.85236
0.21,0.24,0.0,893.82465,626.5183,694.0695,627.55396
0.24,0.24,0.0,950.27765,625.2131,752.16113,627.14795
0.27,0.24,0.0,1005.6561,623.8359,809.5297,626.7298
0.0,0.27,0.0,474.7395,696.9178,268.24698,690.8682
0.03,0.27,0.0,536.86145,695.39056,330.4055,690.6339
0.06,0.27,0.0,598.21246,693.7094,392.29898,690.16516
0.09,0.27,0.0,658.88495,692.1485,453.77243,689.65155
0.12,0.27,0.0,719.02856,690.7406,514.80585,689.1768
0.15,0.27,0.0,778.0133,689.0309,575.0343,688.3781
0.18,0.27,0.0,836.3179,687.43085,634.6003,687.62494
0.21,0.27,0.0,893.9881,685.8496,693.6192,687.01434
0.24,0.27,0.0,950.15076,683.94104,751.5911,686.1304
0.27,0.27,0.0,1005.5999,682.11884,808.99255,685.3503
0.0,0.0,0.0,477.25943,161.89798,288.38315,159.38753
0.03,0.0,0.0,535.9224,160.91681,345.8588,158.51857
0.06,0.0,0.0,594.6823,160.10838,403.84952,157.85925
0.09,0.0,0.0,653.44604,159.39618,462.1575,157.41406
0.12,0.0,0.0,712.2072,158.80959,520.78235,157.19963
0.15,0.0,0.0,770.8499,158.40274,579.5044,157.10493
0.18,0.0,0.0,829.2853,158.1347,638.28687,157.16553
0.21,0.0,0.0,887.432,158.03778,697.04565,157.28879
0.24,0.0,0.0,945.1852,158.18681,755.70154,157.57657
0.27,0.0,0.0,1002.38904,158.52795,814.25836,158.01097
0.0,0.03,0.0,476.69733,217.9934,285.5122,214.99866
0.03,0.03,0.0,535.8294,217.10742,343.4858,214.32176
0.06,0.03,0.0,595.0124,216.29507,401.9999,213.82591
0.09,0.03,0.0,654.19196,215.64067,460.82968,213.54984
0.12,0.03,0.0,713.37134,215.03989,519.88605,213.429
0.15,0.03,0.0,772.45197,214.52283,579.0382,213.42535
0.18,0.03,0.0,831.3642,214.13348,638.2669,213.46051
0.21,0.03,0.0,889.9899,213.88977,697.4183,213.60258
0.24,0.03,0.0,948.2182,213.81229,756.53564,213.81363
0.27,0.03,0.0,1005.9345,213.95746,815.5006,214.11711
0.0,0.06,0.0,476.24612,275.12033,282.82153,271.62726
0.03,0.06,0.0,535.7752,274.30426,341.30597,271.1711
0.06,0.06,0.0,595.3752,273.53726,400.2629,270.84702
0.09,0.06,0.0,654.96075,272.8562,459.5672,270.68198
0.12,0.06,0.0,714.5435,272.2399,519.0767,270.67566
0.15,0.06,0.0,773.992,271.6537,578.6058,270.68295
0.18,0.06,0.0,833.31537,271.1083,638.1998,270.7376
0.21,0.06,0.0,892.432,270.7179,697.7492,270.82324
0.24,0.06,0.0,951.1126,270.4932,757.2627,270.9911
0.27,0.06,0.0,1009.30676,270.38025,816.65875,271.1819
0.0,0.09,0.0,475.8611,333.061,280.30215,329.19504
0.03,0.09,0.0,535.7978,332.39218,339.29224,328.95023
0.06,0.09,0.0,595.7551,331.58472,398.64606,328.6978
0.09,0.09,0.0,655.7285,330.88507,458.3849,328.63593
0.12,0.09,0.0,715.62823,330.2925,518.29956,328.71216
0.15,0.09,0.0,775.4659,329.64484,578.2518,328.79086
0.18,0.09,0.0,835.2272,328.95627,638.16394,328.81607
0.21,0.09,0.0,894.76135,328.4092,698.07477,328.86826
0.24,0.09,0.0,953.84247,328.0972,757.9,329.04227
0.27,0.09,0.0,1012.48865,327.73264,817.7066,329.10425
0.0,0.12,0.0,475.53827,391.86313,277.955,387.61002
0.03,0.12,0.0,535.9084,391.23605,337.43716,387.558
0.06,0.12,0.0,596.19336,390.3608,397.1306,387.36417
0.09,0.12,0.0,656.4871,389.67923,457.27383,387.4065
0.12,0.12,0.0,716.69775,389.06143,517.58215,387.5584
0.15,0.12,0.0,776.8683,388.39932,577.8573,387.6527
0.18,0.12,0.0,837.0369,387.61432,638.1048,387.63733
0.21,0.12,0.0,896.9776,386.9057,698.36896,387.63715
0.24,0.12,0.0,956.44824,386.5124,758.5138,387.82742
0.27,0.12,0.0,1015.5334,385.98868,818.69543,387.8112
0.0,0.15,0.0,475.2965,451.38248,275.82712,446.8659
0.03,0.15,0.0,535.98364,450.6781,335.58124,446.878
0.06,0.15,0.0,596.60724,449.84045,395.67923,446.7863
0.09,0.15,0.0,657.2414,449.18085,456.24008,446.89072
0.12,0.15,0.0,717.7778,448.52228,516.86646,447.03366
0.15,0.15,0.0,778.311,447.80118,577.4815,447.12332
0.18,0.15,0.0,838.8123,446.99847,638.07245,447.1198
0.21,0.15,0.0,899.13794,446.22943,698.59143,447.11234
0.24,0.15,0.0,958.9657,445.68103,759.11237,447.2362
0.27,0.15,0.0,1018.39355,445.0136,819.6038,447.26962
0.0,0.18,0.0,475.04532,511.5643,273.84766,506.75974
0.03,0.18,0.0,536.03656,510.81015,333.83414,506.87372
0.06,0.18,0.0,597.0273,510.03412,394.34494,506.93948
0.09,0.18,0.0,657.9667,509.3544,455.19855,507.07407
0.12,0.18,0.0,718.865,508.58344,516.122,507.16083
0.15,0.18,0.0,779.7001,507.842,577.0755,507.23224
0.18,0.18,0.0,840.50305,507.0879,637.9912,507.2528
0.21,0.18,0.0,901.21063,506.26517,698.85614,507.2353
0.24,0.18,0.0,961.4006,505.55048,759.6701,507.30963
0.27,0.18,0.0,1021.06226,504.7734,820.5112,507.32156
0.0,0.21,0.0,474.7799,572.3754,271.95728,567.2547
0.03,0.21,0.0,536.10144,571.6096,332.21655,567.4737
0.06,0.21,0.0,597.45074,570.8593,393.0921,567.70874
0.09,0.21,0.0,658.7264,570.10126,454.20093,567.85364
0.12,0.21,0.0,719.93964,569.3227,515.4036,567.8744
0.15,0.21,0.0,781.13025,568.58606,576.6731,567.96094
0.18,0.21,0.0,842.1978,567.7898,637.88995,567.98676
0.21,0.21,0.0,903.1922,566.9242,699.1225,567.989
0.24,0.21,0.0,963.68427,566.0182,760.2817,568.035
0.27,0.21,0.0,1023.6279,565.1035,821.4039,568.01965
0.0,0.24,0.0,474.5422,633.8348,270.222,628.26404
0.03,0.24,0.0,536.183,633.09454,330.7117,628.69806
0.06,0.24,0.0,597.8763,632.35046,391.88315,629.0304
0.09,0.24,0.0,659.45557,631.5642,453.2049,629.23004
0.12,0.24,0.0,721.03656,630.737,514.6506,629.3018
0.15,0.24,0.0,782.502,629.9472,576.26935,629.3615
0.18,0.24,0.0,843.85583,629.1107,637.8181,629.3978
0.21,0.24,0.0,905.1313,628.1977,699.36566,629.3823
0.24,0.24,0.0,965.83746,627.1629,760.8488,629.41077
0.27,0.24,0.0,1025.9568,626.0158,822.2268,629.3558
0.0,0.27,0.0,474.3924,695.835,268.67566,689.73724
0.03,0.27,0.0,536.3211,695.17163,329.40958,690.36237
0.06,0.27,0.0,598.2934,694.41144,390.781,690.8194
0.09,0.27,0.0,660.1915,693.6117,452.25513,691.0809
0.12,0.27,0.0,722.09326,692.7963,513.93695,691.2549
0.15,0.27,0.0,783.85974,691.93195,575.8795,691.345
0.18,0.27,0.0,845.46173,690.9781,637.74054,691.3901
0.21,0.27,0.0,906.9703,689.91815,699.6118,691.38574
0.24,0.27,0.0,967.7426,688.6914,761.3589,691.2868
0.27,0.27,0.0,1028.1587,687.34326,823.0153,691.1786
0.0,0.0,0.0,468.41754,145.41891,271.44064,143.03874
0.03,0.0,0.0,529.8284,144.15952,331.4462,141.8256
0.06,0.0,0.0,591.37915,143.10068,392.04303,140.9115
0.09,0.0,0.0,652.98334,142.24359,453.09396,140.2304
0.12,0.0,0.0,714.6063,141.54094,514.5141,139.81467
0.15,0.0,0.0,776.14026,141.00653,576.13324,139.5547
0.18,0.0,0.0,837.42487,140.6967,637.8108,139.49515
0.21,0.0,0.0,898.43317,140.58531,699.51324,139.5851
0.24,0.0,0.0,958.9304,140.75426,761.0976,139.79662
0.27,0.0,0.0,1018.8645,141.20213,822.5985,140.26562
0.0,0.03,0.0,469.76016,207.12192,272.086,204.12814
0.03,0.03,0.0,531.0378,206.0185,332.0905,203.24068
0.06,0.03,0.0,592.4285,205.03137,392.67328,202.52098
0.09,0.03,0.0,653.86127,204.18118,453.65454,202.0508
0.12,0.03,0.0,715.34186,203.4693,514.9201,201.76181
0.15,0.03,0.0,776.67865,202.82501,576.3706,201.63997
0.18,0.03,0.0,837.879,202.36798,637.8754,201.5756
0.21,0.03,0.0,898.79266,202.08356,699.3739,201.659
0.24,0.03,0.0,959.25946,202.04395,760.8072,201.83372
0.27,0.03,0.0,1019.1689,202.1924,822.2032,202.13376
0.0,0.06,0.0,471.2373,268.7109,273.07373,265.2332
0.03,0.06,0.0,532.3457,267.74783,332.97174,264.5611
0.06,0.06,0.0,593.5467,266.8422,393.45544,264.09402
0.09,0.06,0.0,654.74426,266.0124,454.30457,263.78384
0.12,0.06,0.0,715.9935,265.24683,515.45935,263.61816
0.15,0.06,0.0,777.13544,264.54807,576.65845,263.5612
0.18,0.06,0.0,838.16785,263.93677,637.942,263.54926
0.21,0.06,0.0,898.9465,263.5127,699.22314,263.5787
0.24,0.06,0.0,959.3365,263.24573,760.44,263.7034
0.27,0.06,0.0,1019.1413,263.16638,821.5941,263.91504
0.0,0.09,0.0,472.77765,330.04898,274.27298,326.11234
0.03,0.09,0.0,533.7169,329.1363,334.13434,325.67328
0.06,0.09,0.0,594.69226,328.30737,394.41208,325.37
0.09,0.09,0.0,655.6175,327.43964,455.07538,325.19733
0.12,0.09,0.0,716.5659,326.65768,516.03467,325.1269
0.15,0.09,0.0,777.48755,325.9509,576.9935,325.0827
0.18,0.09,0.0,838.3264,325.27606,638.00543,325.08813
0.21,0.09,0.0,898.9447,324.69788,698.9964,325.17395
0.24,0.09,0.0,959.1367,324.23654,759.96783,325.2045
0.27,0.09,0.0,1018.8815,323.96512,820.8768,325.34906
0.0,0.12,0.0,474.47058,390.95502,275.71622,386.67218
0.03,0.12,0.0,535.1728,390.06888,335.46387,386.38394
0.06,0.12,0.0,595.80756,389.3302,395.51096,386.2686
0.09,0.12,0.0,656.4656,388.49164,455.9957,386.1875
0.12,0.12,0.0,717.1059,387.65253,516.67694,386.11963
0.15,0.12,0.0,777.7328,386.89255,577.3893,386.11252
0.18,0.12,0.0,838.35156,386.19577,638.0652,386.19073
0.21,0.12,0.0,898.80835,385.52087,698.775,386.2665
0.24,0.12,0.0,958.7523,384.88885,759.4189,386.24667
0.27,0.12,0.0,1018.36145,384.45306,820.1026,386.3114
0.0,0.15,0.0,476.17017,451.31284,277.4222,446.7628
0.03,0.15,0.0,536.5586,450.45743,336.90494,446.63217
0.06,0.15,0.0,596.89294,449.70618,396.70715,446.63522
0.09,0.15,0.0,657.30194,448.90076,456.93466,446.61148
0.12,0.15,0.0,717.61444,448.0554,517.3341,446.56085
0.15,0.15,0.0,777.976,447.29504,577.723,446.5976
0.18,0.15,0.0,838.31775,446.5409,638.1342,446.64252
0.21,0.15,0.0,898.5333,445.8586,698.4887,446.72025
0.24,0.15,0.0,958.24646,445.11118,758.84753,446.67
0.27,0.15,0.0,1017.59436,444.5083,819.1922,446.71948
0.0,0.18,0.0,477.86768,511.0889,279.2414,506.31302
0.03,0.18,0.0,537.9087,510.31186,338.3447,506.38766
0.06,0.18,0.0,598.0098,509.51935,397.97568,506.42142
0.09,0.18,0.0,658.07465,508.68365,457.91452,506.40073
0.12,0.18,0.0,718.13995,507.86813,517.98566,506.40088
0.15,0.18,0.0,778.1819,507.08948,578.0789,506.41333
0.18,0.18,0.0,838.1877,506.36087,638.1567,506.47217
0.21,0.18,0.0,898.11896,505.6443,698.22534,506.54715
0.24,0.18,0.0,957.64935,504.86172,758.2744,506.5579
0.27,0.18,0.0,1016.67004,504.0758,818.3126,506.54684
0.0,0.21,0.0,479.5358,570.30524,281.16064,565.2729
0.03,0.21,0.0,539.2818,569.5526,339.96136,565.49255
0.06,0.21,0.0,599.08405,568.6576,399.3339,565.5236
0.09,0.21,0.0,658.8673,567.8155,458.9359,565.563
0.12,0.21,0.0,718.6235,567.12805,518.6266,565.6577
0.15,0.21,0.0,778.36865,566.3149,578.4089,565.6142
0.18,0.21,0.0,838.0652,565.5202,638.1814,565.6335
0.21,0.21,0.0,897.66705,564.81287,697.9553,565.74347
0.24,0.21,0.0,956.89154,563.9666,757.6905,565.74884
0.27,0.21,0.0,1015.6046,563.0427,817.3878,565.7615
0.0,0.24,0.0,481.22476,628.9531,283.2252,623.5862
0.03,0.24,0.0,540.65155,628.2065,341.67023,623.9087
0.06,0.24,0.0,600.1602,627.27374,400.72858,623.99304
0.09,0.24,0.0,659.62866,626.47784,459.9516,624.1231
0.12,0.24,0.0,719.1072,625.85016,519.2633,624.3336
0.15,0.24,0.0,778.528,624.95856,578.73334,624.2524
0.18,0.24,0.0,837.88544,624.1303,638.2102,624.2498
0.21,0.24,0.0,897.1731,623.38586,697.65753,624.4321
0.24,0.24,0.0,955.96027,622.37225,757.10333,624.3401
0.27,0.24,0.0,1014.3236,621.35156,816.4827,624.3229
0.0,0.27,0.0,482.89743,686.96234,285.42682,681.1198
0.03,0.27,0.0,542.0209,686.1709,343.56577,681.55725
0.06,0.27,0.0,601.22656,685.18976,402.22748,681.65643
0.09,0.27,0.0,660.3673,684.4447,461.00262,681.8973
0.12,0.27,0.0,719.5695,683.9907,519.92535,682.3313
0.15,0.27,0.0,778.60846,682.9551,579.0878,682.18195
0.18,0.27,0.0,837.6251,682.06744,638.2269,682.19214
0.21,0.27,0.0,896.5714,681.3248,697.37024,682.4428
0.24,0.27,0.0,954.89124,680.0411,756.45416,682.22296
0.27,0.27,0.0,1012.93286,678.9351,815.4793,682.22394
0.0,0.0,0.0,616.97656,257.42075,423.64896,254.9253
0.03,0.0,0.0,675.3415,254.80568,480.69238,252.8273
0.06,0.0,0.0,734.3986,252.2238,538.5849,250.7979
0.09,0.0,0.0,794.0398,249.7066,597.23596,248.8323
0.12,0.0,0.0,854.2794,247.30176,656.63446,246.88892
0.15,0.0,0.0,914.9139,245.00159,716.78436,244.9874
0.18,0.0,0.0,975.86115,242.9011,777.627,243.14433
0.21,0.0,0.0,1036.8579,241.00284,839.028,241.38588
0.24,0.0,0.0,1097.7699,239.33707,900.9289,239.79703
0.27,0.0,0.0,1158.3785,237.96222,963.14197,238.32608
0.0,0.03,0.0,618.11426,316.1767,423.7851,313.55777
0.03,0.03,0.0,676.5866,313.91248,480.93945,311.90457
0.06,0.03,0.0,735.67926,311.66428,538.9077,310.30618
0.09,0.03,0.0,795.4348,309.4363,597.6468,308.73572
0.12,0.03,0.0,855.77655,307.28983,657.11017,307.2045
0.15,0.03,0.0,916.59204,305.20386,717.3143,305.61517
0.18,0.03,0.0,977.7335,303.26343,778.202,304.08624
0.21,0.03,0.0,1038.9586,301.47488,839.73474,302.6148
0.24,0.03,0.0,1100.1047,299.88577,901.80695,301.206
0.27,0.03,0.0,1160.9142,298.4829,964.2185,299.95786
0.0,0.06,0.0,619.28864,375.13354,424.0055,372.40186
0.03,0.06,0.0,677.76917,373.2009,481.2318,371.19604
0.06,0.06,0.0,736.9171,371.2907,539.25934,369.99988
0.09,0.06,0.0,796.7226,369.37726,598.0737,368.8249
0.12,0.06,0.0,857.1909,367.49954,657.58276,367.6627
0.15,0.06,0.0,918.11523,365.6769,717.7779,366.4379
0.18,0.06,0.0,979.4213,363.9335,778.7097,365.21893
0.21,0.06,0.0,1040.8298,362.29532,840.323,364.0458
0.24,0.06,0.0,1102.1,360.7788,902.51086,362.9303
0.27,0.06,0.0,1163.0981,359.46246,965.04095,361.8936
0.0,0.09,0.0,620.4246,434.09964,424.26047,431.3445
0.03,0.09,0.0,678.9638,432.5683,481.6057,430.557
0.06,0.09,0.0,738.1046,430.97525,539.6305,429.71414
0.09,0.09,0.0,798.0029,429.40536,598.42645,428.9262
0.12,0.09,0.0,858.5084,427.83612,657.99646,428.1318
0.15,0.09,0.0,919.53015,426.30557,718.2149,427.3059
0.18,0.09,0.0,980.9161,424.80463,779.16064,426.42728
0.21,0.09,0.0,1042.4108,423.37277,840.8188,425.59332
0.24,0.09,0.0,1103.7893,421.99847,903.0981,424.80612
0.27,0.09,0.0,1164.9313,420.7202,965.7146,424.01752
0.0,0.12,0.0,621.5994,493.12332,424.61755,490.358
0.03,0.12,0.0,680.1595,491.91895,482.06223,489.9393
0.06,0.12,0.0,739.2693,490.69943,539.99316,489.49344
0.09,0.12,0.0,799.20154,489.45337,598.84357,489.0579
0.12,0.12,0.0,859.72546,488.26947,658.4224,488.5984
0.15,0.12,0.0,920.7803,487.0385,718.61755,488.14944
0.18,0.12,0.0,982.25287,485.81613,779.5863,487.70532
0.21,0.12,0.0,1043.8342,484.56558,841.29614,487.23315
0.24,0.12,0.0,1105.2092,483.33884,903.5949,486.7476
0.27,0.12,0.0,1166.4169,482.12457,966.25525,486.26752
0.0,0.15,0.0,622.7681,552.1349,425.06415,549.34216
0.03,0.15,0.0,681.30914,551.2923,482.45905,549.3203
0.06,0.15,0.0,740.4544,550.4591,540.3751,549.28253
0.09,0.15,0.0,800.4062,549.5951,599.2765,549.2158
0.12,0.15,0.0,860.9481,548.67755,658.81995,549.0919
0.15,0.15,0.0,921.9845,547.76624,719.0514,549.0131
0.18,0.15,0.0,983.42377,546.8332,780.0179,548.92523
0.21,0.15,0.0,1044.961,545.8022,841.68713,548.8488
0.24,0.15,0.0,1106.3617,544.6911,903.9599,548.68195
0.27,0.15,0.0,1167.5024,543.5617,966.59204,548.50824
0.0,0.18,0.0,623.9241,611.1866,425.55383,608.3443
0.03,0.18,0.0,682.43604,610.7046,482.7449,608.70294
0.06,0.18,0.0,741.64014,610.24475,540.8065,609.0428
0.09,0.18,0.0,801.559,609.69183,599.7134,609.34814
0.12,0.18,0.0,862.08325,609.1445,659.23804,609.6036
0.15,0.18,0.0,923.0546,608.493,719.4563,609.89355
0.18,0.18,0.0,984.3934,607.79016,780.41064,610.18634
0.21,0.18,0.0,1045.8837,606.9884,842.0296,610.43036
0.24,0.18,0.0,1107.2173,606.0012,904.2469,610.6202
0.27,0.18,0.0,1168.2317,604.90704,966.81354,610.6717
0.0,0.21,0.0,625.0429,670.25195,426.04202,667.2036
0.03,0.21,0.0,683.5395,670.14014,483.16913,668.03424
0.06,0.21,0.0,742.8057,669.92896,541.28827,668.7093
0.09,0.21,0.0,802.6691,669.69885,600.1388,669.3809
0.12,0.21,0.0,863.1026,669.49054,659.5728,670.1067
0.15,0.21,0.0,924.0025,669.0795,719.8257,670.6958
0.18,0.21,0.0,985.195,668.57764,780.7433,671.2909
0.21,0.21,0.0,1046.5784,667.9454,842.3088,671.9199
0.24,0.21,0.0,1107.7675,667.10986,904.43134,672.37537
0.27,0.21,0.0,1168.6271,666.0533,966.85547,672.6567
0.0,0.24,0.0,626.1361,729.2302,426.63766,725.92456
0.03,0.24,0.0,684.6506,729.4582,483.713,727.1865
0.06,0.24,0.0,743.9079,729.5093,541.85315,728.2194
0.09,0.24,0.0,803.6991,729.61383,600.52655,729.33105
0.12,0.24,0.0,864.0096,729.71387,659.9034,730.4752
0.15,0.24,0.0,924.75433,729.4503,720.1423,731.3718
0.18,0.24,0.0,985.8007,729.1099,780.9952,732.30383
0.21,0.24,0.0,1046.9467,728.6529,842.47156,733.2418
0.24,0.24,0.0,1107.9581,727.8345,904.41125,733.85974
0.27,0.24,0.0,1168.6128,726.8381,966.68805,734.3645
0.0,0.27,0.0,627.2513,787.9851,427.32257,784.32416
0.03,0.27,0.0,685.73926,788.4761,484.38007,786.0018
0.06,0.27,0.0,744.9452,788.7666,542.4151,787.4046
0.09,0.27,0.0,804.6119,789.1408,601.0475,788.92676
0.12,0.27,0.0,864.7361,789.5742,660.2313,790.58716
0.15,0.27,0.0,925.3221,789.43445,720.41254,791.73456
0.18,0.27,0.0,986.1397,789.22064,781.1659,792.914
0.21,0.27,0.0,1047.1012,788.9513,842.4468,794.1817
0.24,0.27,0.0,1107.7294,788.0606,904.1893,794.8876
0.27,0.27,0.0,1168.2059,787.1135,966.208,795.58716
0.0,0.0,0.0,617.1945,240.54211,414.41565,237.85426
0.03,0.0,0.0,678.6115,241.78741,476.71585,239.6436
0.06,0.0,0.0,739.2191,243.08855,538.40265,241.57726
0.09,0.0,0.0,799.0219,244.45332,599.4339,243.55232
0.12,0.0,0.0,857.90393,245.94562,659.7676,245.57945
0.15,0.0,0.0,915.78894,247.53693,719.3064,247.67216
0.18,0.0,0.0,972.6015,249.27365,778.0147,249.7735
0.21,0.0,0.0,1028.1815,251.13441,835.91003,251.94955
0.24,0.0,0.0,1082.4719,253.15477,892.8765,254.19922
0.27,0.0,0.0,1135.3542,255.31151,948.81494,256.5587
0.0,0.03,0.0,617.5516,302.55887,413.60986,299.69836
0.03,0.03,0.0,679.0559,303.40524,476.06906,301.24417
0.06,0.03,0.0,739.7199,304.28256,537.90515,302.82928
0.09,0.03,0.0,799.5789,305.2215,598.9933,304.49722
0.12,0.03,0.0,858.5808,306.23624,659.36926,306.16922
0.15,0.03,0.0,916.593,307.27118,718.94543,307.84262
0.18,0.03,0.0,973.5946,308.48703,777.7413,309.5261
0.21,0.03,0.0,1029.3302,309.77435,835.7485,311.21817
0.24,0.03,0.0,1083.8026,311.22162,892.8431,313.0023
0.27,0.03,0.0,1136.8398,312.77716,948.911,314.83585
0.0,0.06,0.0,617.9507,364.7563,412.93503,361.8391
0.03,0.06,0.0,679.43695,365.2145,475.49292,363.06998
0.06,0.06,0.0,740.18665,365.68265,537.3888,364.37323
0.09,0.06,0.0,800.1018,366.181,598.5652,365.62943
0.12,0.06,0.0,859.1558,366.73267,658.9375,366.93457
0.15,0.06,0.0,917.2899,367.33942,718.52747,368.1764
0.18,0.06,0.0,974.383,368.00113,777.4143,369.42838
0.21,0.06,0.0,1030.254,368.77927,835.4681,370.70535
0.24,0.06,0.0,1084.8473,369.66855,892.65234,372.04596
0.27,0.06,0.0,1137.9938,370.5986,948.8059,373.38458
0.0,0.09,0.0,618.3537,427.0031,412.39206,424.09796
0.03,0.09,0.0,679.7905,427.11816,475.00958,424.99252
0.06,0.09,0.0,740.5935,427.14337,536.9555,425.89502
0.09,0.09,0.0,800.5581,427.25143,598.1841,426.79144
0.12,0.09,0.0,859.5967,427.3781,658.4977,427.72385
0.15,0.09,0.0,917.7971,427.53586,718.0973,428.5726
0.18,0.09,0.0,975.041,427.7009,777.0341,429.4239
0.21,0.09,0.0,1031.0376,427.95288,835.17816,430.28824
0.24,0.09,0.0,1085.5698,428.28677,892.2934,431.1862
0.27,0.09,0.0,1138.8989,428.62646,948.64496,432.05225
0.0,0.12,0.0,618.7343,489.3136,411.90082,486.44458
0.03,0.12,0.0,680.14606,489.0049,474.5603,486.95297
0.06,0.12,0.0,741.03815,488.67813,536.53613,487.47342
0.09,0.12,0.0,800.9595,488.38287,597.7444,487.96164
0.12,0.12,0.0,859.9888,488.06458,658.0483,488.45782
0.15,0.12,0.0,918.18756,487.79016,717.6251,488.97064
0.18,0.12,0.0,975.51544,487.51385,776.5948,489.43622
0.21,0.12,0.0,1031.6259,487.2716,834.7986,489.92212
0.24,0.12,0.0,1086.0537,487.0221,891.8732,490.37573
0.27,0.12,0.0,1139.4581,486.8032,948.2722,490.8446
0.0,0.15,0.0,619.0796,551.6323,411.46756,548.7773
0.03,0.15,0.0,680.54156,550.92017,474.10437,548.93286
0.06,0.15,0.0,741.39813,550.2102,536.096,549.0642
0.09,0.15,0.0,801.3212,549.5212,597.2955,549.1677
0.12,0.15,0.0,860.35516,548.79376,657.5886,549.24054
0.15,0.15,0.0,918.5097,548.1005,717.1907,549.346
0.18,0.15,0.0,975.8189,547.3802,776.148,549.45105
0.21,0.15,0.0,1031.9374,546.6126,834.3827,549.56775
0.24,0.15,0.0,1086.379,545.8011,891.458,549.57574
0.27,0.15,0.0,1139.6871,544.99677,947.7571,549.5995
0.0,0.18,0.0,619.3815,613.95654,411.0891,611.0398
0.03,0.18,0.0,680.9359,612.8447,473.6863,610.8772
0.06,0.18,0.0,741.70984,611.77545,535.6267,610.627
0.09,0.18,0.0,801.5828,610.66943,596.7823,610.3447
0.12,0.18,0.0,860.6599,609.53345,657.1622,610.0179
0.15,0.18,0.0,918.7869,608.3815,716.74194,609.73724
0.18,0.18,0.0,975.97235,607.183,775.65137,609.4695
0.21,0.18,0.0,1031.9963,605.91095,833.8494,609.16235
0.24,0.18,0.0,1086.5343,604.5416,890.99786,608.7704
0.27,0.18,0.0,1139.6144,603.1049,947.11053,608.29865
0.0,0.21,0.0,619.74725,676.28925,410.84543,673.18835
0.03,0.21,0.0,681.31726,674.819,473.3375,672.72284
0.06,0.21,0.0,741.9753,673.2841,535.18115,672.1088
0.09,0.21,0.0,801.79065,671.7134,596.3022,671.4127
0.12,0.21,0.0,860.92365,670.1791,656.71826,670.7845
0.15,0.21,0.0,918.9166,668.52167,716.28186,670.06696
0.18,0.21,0.0,975.9083,666.78204,775.0827,669.3628
0.21,0.21,0.0,1031.8894,665.03546,833.25507,668.6626
0.24,0.21,0.0,1086.3069,663.0998,890.3703,667.80133
0.27,0.21,0.0,1139.3419,661.04974,946.4133,666.8615
0.0,0.24,0.0,620.105,738.52094,410.70667,735.1564
0.03,0.24,0.0,681.6072,736.64557,473.07516,734.38837
0.06,0.24,0.0,742.1577,734.57855,534.76855,733.36945
0.09,0.24,0.0,801.9633,732.6272,595.8794,732.3848
0.12,0.24,0.0,861.0944,730.67346,656.3061,731.4461
0.15,0.24,0.0,918.8362,728.42944,715.7641,730.2605
0.18,0.24,0.0,975.6827,726.1919,774.53406,729.1266
0.21,0.24,0.0,1031.5525,723.9138,832.62036,728.0046
0.24,0.24,0.0,1085.7534,721.3278,889.5403,726.61523
0.27,0.24,0.0,1138.6609,718.71783,945.50653,725.17474
0.0,0.27,0.0,620.53064,800.433,410.7569,796.68286
0.03,0.27,0.0,681.88464,798.08826,472.91376,795.642
0.06,0.27,0.0,742.3061,795.5694,534.46906,794.2556
0.09,0.27,0.0,802.00146,793.13464,595.41064,792.98834
0.12,0.27,0.0,861.1027,790.8459,655.867,791.8151
0.15,0.27,0.0,918.59,788.0119,715.19354,790.1504
0.18,0.27,0.0,975.249,785.1968,773.8482,788.53845
0.21,0.27,0.0,1031.0225,782.4138,831.89996,787.0406
0.24,0.27,0.0,1084.8628,779.14703,888.49634,785.0464
0.27,0.27,0.0,1137.7258,775.9853,944.4068,783.12787
0.0,0.0,0.0,614.88354,257.3955,421.29623,254.92302
0.03,0.0,0.0,674.06067,256.72354,480.2384,254.79121
0.06,0.0,0.0,733.1522,256.0931,539.3006,254.75806
0.09,0.0,0.0,792.1455,255.56755,598.42303,254.74638
0.12,0.0,0.0,850.98047,255.13675,657.56616,254.83812
0.15,0.0,0.0,909.4788,254.84033,716.6692,255.00542
0.18,0.0,0.0,967.5465,254.73152,775.6796,255.22469
0.21,0.0,0.0,1025.0713,254.75066,834.53,255.49466
0.24,0.0,0.0,1081.847,255.00815,893.14514,255.88385
0.27,0.0,0.0,1137.7644,255.41638,951.36804,256.44754
0.0,0.03,0.0,615.44135,314.93768,419.83905,312.30035
0.03,0.03,0.0,674.95,314.2465,479.23972,312.27783
0.06,0.03,0.0,734.41797,313.55862,538.6474,312.26443
0.09,0.03,0.0,793.7995,312.9739,598.1604,312.31372
0.12,0.03,0.0,853.00226,312.44955,657.6372,312.42752
0.15,0.03,0.0,911.9654,312.0186,717.1046,312.56714
0.18,0.03,0.0,970.4834,311.69205,776.48834,312.6793
0.21,0.03,0.0,1028.435,311.5116,835.74664,312.86487
0.24,0.03,0.0,1085.6523,311.4709,894.7658,313.10635
0.27,0.03,0.0,1141.9946,311.6282,953.4488,313.49707
0.0,0.06,0.0,615.9665,373.23312,418.47015,370.48325
0.03,0.06,0.0,675.8014,372.5187,478.24396,370.5427
0.06,0.06,0.0,735.62366,371.8214,538.0537,370.5476
0.09,0.06,0.0,795.3465,371.1452,597.9149,370.62634
0.12,0.06,0.0,854.9422,370.5133,657.72394,370.7563
0.15,0.06,0.0,914.27765,369.97522,717.4932,370.83813
0.18,0.06,0.0,973.2696,369.47015,777.2447,370.89343
0.21,0.06,0.0,1031.6278,369.09497,836.8555,370.96964
0.24,0.06,0.0,1089.2375,368.85147,896.2726,371.1515
0.27,0.06,0.0,1145.9551,368.71747,955.3611,371.37677
0.0,0.09,0.0,616.5069,432.13892,417.16104,429.3515
0.03,0.09,0.0,676.6803,431.48196,477.29205,429.4833
0.06,0.09,0.0,736.8002,430.6864,537.46265,429.46527
0.09,0.09,0.0,796.8973,429.9892,597.6371,429.55203
0.12,0.09,0.0,856.81604,429.3466,657.7758,429.6921
0.15,0.09,0.0,916.53723,428.70963,717.85974,429.75616
0.18,0.09,0.0,975.91235,428.03992,777.9465,429.73026
0.21,0.09,0.0,1034.7091,427.48474,837.9679,429.77576
0.24,0.09,0.0,1092.5771,427.0411,897.7027,429.90894
0.27,0.09,0.0,1149.7032,426.5715,957.17847,429.9939
0.0,0.12,0.0,617.0585,491.7326,415.9101,488.94287
0.03,0.12,0.0,677.53253,491.0599,476.40634,489.08347
0.06,0.12,0.0,738.0358,490.2465,536.8665,489.07037
0.09,0.12,0.0,798.4222,489.506,597.4028,489.1398
0.12,0.12,0.0,858.6787,488.85028,657.84515,489.26956
0.15,0.12,0.0,918.7138,488.11227,718.21466,489.32047
0.18,0.12,0.0,978.4524,487.33167,778.6537,489.28784
0.21,0.12,0.0,1037.5859,486.56326,839.0023,489.2854
0.24,0.12,0.0,1095.7091,485.93378,899.0363,489.3638
0.27,0.12,0.0,1153.1675,485.16037,958.85785,489.33667
0.0,0.15,0.0,617.5761,552.0164,414.71237,549.20135
0.03,0.15,0.0,678.4028,551.2922,475.49344,549.30914
0.06,0.15,0.0,739.2111,550.47095,536.2901,549.31775
0.09,0.15,0.0,799.944,549.7118,597.1112,549.37317
0.12,0.15,0.0,860.47144,548.9828,657.8896,549.4502
0.15,0.15,0.0,920.8262,548.18524,718.61896,549.47
0.18,0.15,0.0,980.838,547.2991,779.35144,549.4522
0.21,0.15,0.0,1040.2795,546.3692,840.02844,549.4353
0.24,0.15,0.0,1098.6613,545.4548,900.36786,549.42535
0.27,0.15,0.0,1156.2926,544.4542,960.4121,549.3039
0.0,0.18,0.0,618.1045,612.959,413.57202,610.0063
0.03,0.18,0.0,679.27606,612.17615,474.5504,610.135
0.06,0.18,0.0,740.39166,611.3685,535.6689,610.2109
0.09,0.18,0.0,801.4117,610.58154,596.84546,610.25665
0.12,0.18,0.0,862.2726,609.7243,657.9213,610.28284
0.15,0.18,0.0,922.8745,608.84955,718.95636,610.29193
0.18,0.18,0.0,983.0693,607.8099,779.9793,610.2853
0.21,0.18,0.0,1042.7035,606.69135,840.9641,610.22375
0.24,0.18,0.0,1101.4208,605.4936,901.63873,610.0826
0.27,0.18,0.0,1159.119,604.2047,961.8301,609.85223
0.0,0.21,0.0,618.6493,674.51605,412.471,671.36
0.03,0.21,0.0,680.1084,673.7158,473.70197,671.5331
0.06,0.21,0.0,741.53345,672.89294,535.1216,671.6727
0.09,0.21,0.0,802.82983,671.9844,596.5707,671.71375
0.12,0.21,0.0,863.9917,671.05505,657.9627,671.71674
0.15,0.21,0.0,924.7853,670.0175,719.3167,671.69885
0.18,0.21,0.0,985.15,668.7816,780.6232,671.63275
0.21,0.21,0.0,1044.972,667.4911,841.8392,671.4833
0.24,0.21,0.0,1103.8275,665.9818,902.7293,671.2504
0.27,0.21,0.0,1161.6586,664.3503,963.145,670.8412
0.0,0.24,0.0,619.18976,736.6053,411.47922,733.16943
0.03,0.24,0.0,680.9763,735.8021,472.96204,733.4513
0.06,0.24,0.0,742.6658,734.9108,534.62036,733.61676
0.09,0.24,0.0,804.19684,733.95526,596.3032,733.7004
0.12,0.24,0.0,865.6463,732.8601,658.00507,733.73395
0.15,0.24,0.0,926.5289,731.5968,719.60724,733.6185
0.18,0.24,0.0,987.0092,730.18445,781.1622,733.4822
0.21,0.24,0.0,1047.005,728.59906,842.6354,733.2419
0.24,0.24,0.0,1105.9131,726.79047,903.63824,732.7954
0.27,0.24,0.0,1163.8787,724.8358,964.2462,732.1789
0.0,0.27,0.0,619.7488,799.08453,410.65192,795.1631
0.03,0.27,0.0,681.77954,798.20386,472.2928,795.6263
0.06,0.27,0.0,743.6855,797.22314,534.19385,795.84546
0.09,0.27,0.0,805.42633,796.10895,596.0688,795.9674
0.12,0.27,0.0,867.0945,794.96027,657.9914,796.0406
0.15,0.27,0.0,928.0747,793.4247,719.8605,795.865
0.18,0.27,0.0,988.6447,791.77124,781.5978,795.61145
0.21,0.27,0.0,1048.7836,789.93823,843.2442,795.2468
0.24,0.27,0.0,1107.572,787.72943,904.3333,794.56683
0.27,0.27,0.0,1165.6741,785.3398,965.0677,793.74585
0.0,0.0,0.0,612.6018,245.20724,410.32227,242.6555
0.03,0.0,0.0,674.6286,244.3797,472.0426,242.35509
0.06,0.0,0.0,736.5967,243.64957,533.9704,242.1828
0.09,0.0,0.0,798.4937,242.97803,595.9975,242.09042
0.12,0.0,0.0,860.1954,242.48799,658.0835,242.09401
0.15,0.0,0.0,921.5612,242.14355,720.11725,242.18445
0.18,0.0,0.0,982.4462,242.02144,782.0658,242.32585
0.21,0.0,0.0,1042.6469,242.10542,843.90765,242.63277
0.24,0.0,0.0,1102.0569,242.42139,905.4118,243.06245
0.27,0.0,0.0,1160.4386,243.02507,966.5045,243.66597
0.0,0.03,0.0,613.66516,307.53033,411.19916,304.82947
0.03,0.03,0.0,675.4421,306.70065,472.76562,304.60443
0.06,0.03,0.0,737.1749,305.90717,534.4968,304.55844
0.09,0.03,0.0,798.81616,305.18344,596.2641,304.50696
0.12,0.03,0.0,860.33527,304.5778,658.0538,304.55756
0.15,0.03,0.0,921.53076,304.04565,719.86194,304.57953
0.18,0.03,0.0,982.3273,303.69247,781.5905,304.65417
0.21,0.03,0.0,1042.464,303.54312,843.1877,304.853
0.24,0.03,0.0,1101.747,303.55527,904.54785,305.115
0.27,0.03,0.0,1160.1198,303.77417,965.4892,305.51892
0.0,0.06,0.0,614.74414,369.40234,412.2307,366.60483
0.03,0.06,0.0,676.18805,368.58484,473.60135,366.52792
0.06,0.06,0.0,737.64557,367.76898,535.0329,366.47467
0.09,0.06,0.0,799.06195,366.9844,596.531,366.49734
0.12,0.06,0.0,860.32587,366.30838,658.04364,366.50235
0.15,0.06,0.0,921.35516,365.63602,719.55054,366.52234
0.18,0.06,0.0,981.98645,365.12106,780.9979,366.56815
0.21,0.06,0.0,1041.9869,364.73526,842.3484,366.6242
0.24,0.06,0.0,1101.1873,364.4882,903.51385,366.79007
0.27,0.06,0.0,1159.4065,364.38196,964.26483,367.06015
0.0,0.09,0.0,615.782,430.70325,413.30872,427.88358
0.03,0.09,0.0,676.94653,429.84918,474.4418,427.83786
0.06,0.09,0.0,738.116,429.0812,535.60645,427.84073
0.09,0.09,0.0,799.2512,428.26636,596.8283,427.85965
0.12,0.09,0.0,860.24756,427.46362,657.9918,427.84503
0.15,0.09,0.0,921.00903,426.74182,719.16296,427.8645
0.18,0.09,0.0,981.4631,426.13382,780.34503,427.8759
0.21,0.09,0.0,1041.3319,425.56274,841.4565,427.93073
0.24,0.09,0.0,1100.2482,425.04794,902.32043,427.9944
0.27,0.09,0.0,1158.3649,424.63568,962.8771,428.13733
0.0,0.12,0.0,616.82074,491.43005,414.48358,488.603
0.03,0.12,0.0,677.66376,490.547,475.34277,488.51837
0.06,0.12,0.0,738.549,489.80927,536.18024,488.61295
0.09,0.12,0.0,799.40015,488.9786,597.08813,488.59268
0.12,0.12,0.0,860.0676,488.1078,657.9366,488.5284
0.15,0.12,0.0,920.58325,487.33096,718.7887,488.5387
0.18,0.12,0.0,980.7992,486.63037,779.68756,488.61646
0.21,0.12,0.0,1040.4498,485.93616,840.5288,488.64005
0.24,0.12,0.0,1099.0459,485.11896,901.05695,488.58737
0.27,0.12,0.0,1156.9799,484.4588,961.3684,488.67175
0.0,0.15,0.0,617.83575,551.4648,415.73688,548.6507
0.03,0.15,0.0,678.3874,550.62103,476.22363,548.6509
0.06,0.15,0.0,738.97437,549.91754,536.7405,548.75653
0.09,0.15,0.0,799.5057,549.09705,597.34644,548.6976
0.12,0.15,0.0,859.8711,548.18646,657.8983,548.6193
0.15,0.15,0.0,920.0568,547.34796,718.4275,548.6081
0.18,0.15,0.0,979.9591,546.5312,778.9999,548.67804
0.21,0.15,0.0,1039.3193,545.71436,839.5052,548.73456
0.24,0.15,0.0,1097.6455,544.6913,899.73517,548.63104
0.27,0.15,0.0,1155.2571,543.7075,959.6961,548.5795
0.0,0.18,0.0,618.7944,610.9822,417.0035,608.04767
0.03,0.18,0.0,679.07855,610.21155,477.08588,608.17957
0.06,0.18,0.0,739.3462,609.4183,537.3209,608.23694
0.09,0.18,0.0,799.5226,608.5122,597.6041,608.13605
0.12,0.18,0.0,859.59644,607.6679,657.83685,608.11145
0.15,0.18,0.0,919.432,606.7368,718.06,608.0935
0.18,0.18,0.0,978.9644,605.77673,778.2866,608.1252
0.21,0.18,0.0,1037.9388,604.8078,838.46173,608.1507
0.24,0.18,0.0,1096.0537,603.6021,898.36676,608.01605
0.27,0.18,0.0,1153.2125,602.3391,957.87396,607.7839
0.0,0.21,0.0,619.78937,669.9338,418.31705,666.78204
0.03,0.21,0.0,679.76874,669.15985,478.00287,666.99365
0.06,0.21,0.0,739.68835,668.252,537.91754,666.9614
0.09,0.21,0.0,799.5355,667.34143,597.8625,666.92395
0.12,0.21,0.0,859.3091,666.5142,657.7525,667.03394
0.15,0.21,0.0,918.7124,665.42584,717.6886,666.9224
0.18,0.21,0.0,977.80414,664.28815,777.5389,666.8629
0.21,0.21,0.0,1036.4124,663.18024,837.3559,666.8799
0.24,0.21,0.0,1094.1323,661.7851,896.8707,666.66046
0.27,0.21,0.0,1150.9523,660.2319,956.0113,666.3212
0.0,0.24,0.0,620.7488,728.2041,419.6852,724.78107
0.03,0.24,0.0,680.39795,727.41516,479.02756,725.0418
0.06,0.24,0.0,739.9655,726.3281,538.58057,724.9894
0.09,0.24,0.0,799.4768,725.4438,598.1177,725.051
0.12,0.24,0.0,858.8868,724.6447,657.69147,725.2388
0.15,0.24,0.0,917.8397,723.31964,717.2408,725.03217
0.18,0.24,0.0,976.4846,722.02637,776.733,724.9081
0.21,0.24,0.0,1034.6812,720.7861,836.17725,724.91187
0.24,0.24,0.0,1091.9359,719.056,895.2353,724.4605
0.27,0.24,0.0,1148.3656,717.2836,953.9675,723.972
0.0,0.27,0.0,621.7231,785.69446,421.19003,781.8695
0.03,0.27,0.0,681.021,784.80505,480.13422,782.1709
0.06,0.27,0.0,740.1927,783.6077,539.2701,782.1198
0.09,0.27,0.0,799.2982,782.6477,598.4292,782.25024
0.12,0.27,0.0,858.3461,781.9009,657.61096,782.6425
0.15,0.27,0.0,916.8237,780.35425,716.7373,782.2713
0.18,0.27,0.0,974.9919,778.845,775.86127,782.06116
0.21,0.27,0.0,1032.7886,777.463,834.9036,782.0414
0.24,0.27,0.0,1089.4369,775.3533,893.44604,781.3055
0.27,0.27,0.0,1145.5398,773.38666,951.7557,780.7669
0.0,0.0,0.0,479.13947,358.80963,285.35916,354.8026
0.03,0.0,0.0,536.87506,356.75232,341.0434,353.22113
0.06,0.0,0.0,595.3735,354.6631,397.87262,351.76422
0.09,0.0,0.0,654.5217,352.59027,455.67288,350.31696
0.12,0.0,0.0,714.48145,350.5117,514.41656,348.92377
0.15,0.0,0.0,775.10016,348.41638,573.9152,347.6054
0.18,0.0,0.0,836.4185,346.34323,634.225,346.2449
0.21,0.0,0.0,898.2599,344.3349,695.26794,344.86893
0.24,0.0,0.0,960.5288,342.45004,757.0775,343.49826
0.27,0.0,0.0,1022.9874,340.67023,819.6023,342.15775
0.0,0.03,0.0,480.23364,417.9213,285.4154,413.64468
0.03,0.03,0.0,538.0464,416.23563,341.23685,412.56635
0.06,0.03,0.0,596.54846,414.55167,398.1313,411.55597
0.09,0.03,0.0,655.75244,412.84503,456.03412,410.56296
0.12,0.03,0.0,715.71136,411.14496,514.8147,409.60712
0.15,0.03,0.0,776.382,409.40164,574.3592,408.6608
0.18,0.03,0.0,837.7623,407.63635,634.68274,407.69482
0.21,0.03,0.0,899.6923,405.93,695.7243,406.7295
0.24,0.03,0.0,962.0737,404.29514,757.5349,405.7319
0.27,0.03,0.0,1024.6783,402.7308,820.12506,404.75244
0.0,0.06,0.0,481.36493,477.12552,285.6169,472.58405
0.03,0.06,0.0,539.1833,475.80597,341.49747,472.01822
0.06,0.06,0.0,597.7371,474.46518,398.4654,471.4496
0.09,0.06,0.0,656.9312,473.12494,456.37778,470.88132
0.12,0.06,0.0,716.934,471.77863,515.2357,470.32455
0.15,0.06,0.0,777.61847,470.4121,574.7987,469.77072
0.18,0.06,0.0,839.0469,469.03186,635.0964,469.18552
0.21,0.06,0.0,901.05383,467.65836,696.1528,468.597
0.24,0.06,0.0,963.4973,466.312,757.9731,467.98608
0.27,0.06,0.0,1026.1263,464.98425,820.60376,467.36853
0.0,0.09,0.0,482.44135,536.3465,285.95114,531.573
0.03,0.09,0.0,540.3712,535.38104,341.95703,531.4964
0.06,0.09,0.0,598.8556,534.39294,398.7952,531.35156
0.09,0.09,0.0,658.1346,533.43945,456.76376,531.20667
0.12,0.09,0.0,718.1558,532.44324,515.66064,531.04767
0.15,0.09,0.0,778.85144,531.4508,575.2091,530.8531
0.18,0.09,0.0,840.2739,530.4629,635.4861,530.6422
0.21,0.09,0.0,902.3333,529.4901,696.57025,530.4468
0.24,0.09,0.0,964.7218,528.4045,758.392,530.2855
0.27,0.09,0.0,1027.4114,527.25366,820.99866,530.0681
0.0,0.12,0.0,483.61996,595.55725,286.5032,590.5271
0.03,0.12,0.0,541.59015,594.94775,342.51144,590.898
0.06,0.12,0.0,599.98944,594.39014,399.18942,591.27026
0.09,0.12,0.0,659.2954,593.7746,457.1706,591.5255
0.12,0.12,0.0,719.3842,593.1438,516.1005,591.72705
0.15,0.12,0.0,780.084,592.5124,575.62823,591.9363
0.18,0.12,0.0,841.4592,591.9055,635.91364,592.1252
0.21,0.12,0.0,903.49756,591.2538,696.96344,592.3461
0.24,0.12,0.0,965.8327,590.4166,758.86804,592.53534
0.27,0.12,0.0,1028.4641,589.54224,821.42255,592.70636
0.0,0.15,0.0,484.85422,654.703,287.31393,649.3061
0.03,0.15,0.0,542.69507,654.52136,343.10242,650.20624
0.06,0.15,0.0,601.1375,654.3919,399.74945,651.0953
0.09,0.15,0.0,660.4975,654.121,457.66504,651.77704
0.12,0.15,0.0,720.5426,653.83923,516.5241,652.4013
0.15,0.15,0.0,781.2493,653.5673,576.04865,652.9832
0.18,0.15,0.0,842.6198,653.2731,636.33514,653.62964
0.21,0.15,0.0,904.5366,652.90875,697.3368,654.234
0.24,0.15,0.0,966.7848,652.3246,759.21436,654.7407
0.27,0.15,0.0,1029.2588,651.67065,821.74475,655.2556
0.0,0.18,0.0,486.1581,713.76074,288.26065,707.83405
0.03,0.18,0.0,543.8467,714.03986,343.78726,709.3363
0.06,0.18,0.0,602.3427,714.2578,400.46085,710.6727
0.09,0.18,0.0,661.6737,714.37274,458.3356,711.8377
0.12,0.18,0.0,721.67914,714.44214,516.98114,712.9237
0.15,0.18,0.0,782.33984,714.523,576.46906,713.94415
0.18,0.18,0.0,843.5978,714.5036,636.7486,714.9759
0.21,0.18,0.0,905.39075,714.42145,697.74054,715.98
0.24,0.18,0.0,967.53894,714.0549,759.5213,716.8658
0.27,0.18,0.0,1029.8137,713.5169,821.9944,717.6806
0.0,0.21,0.0,487.4647,772.5697,289.3855,766.1084
0.03,0.21,0.0,545.07416,773.319,344.73135,768.1282
0.06,0.21,0.0,603.61365,773.85895,401.40015,769.9151
0.09,0.21,0.0,662.85864,774.3567,459.0867,771.55316
0.12,0.21,0.0,722.69556,774.8655,517.4952,773.22736
0.15,0.21,0.0,783.34326,775.1657,576.9419,774.6431
0.18,0.21,0.0,844.48096,775.40607,637.1644,776.0468
0.21,0.21,0.0,906.09717,775.5555,698.0732,777.45966
0.24,0.21,0.0,968.0157,775.38165,759.762,778.6718
0.27,0.21,0.0,1030.0819,774.9888,822.08685,779.75214
0.0,0.24,0.0,488.87784,831.00757,290.71774,823.84814
0.03,0.24,0.0,546.3807,832.18225,345.9076,826.4376
0.06,0.24,0.0,604.9259,833.0492,402.4966,828.7061
0.09,0.24,0.0,663.9886,833.95667,459.8993,830.9021
0.12,0.24,0.0,723.67377,834.88727,518.0702,833.1052
0.15,0.24,0.0,784.198,835.38965,577.4633,834.8889
0.18,0.24,0.0,845.1863,835.8513,637.57495,836.6967
0.21,0.24,0.0,906.62933,836.2688,698.3211,838.5207
0.24,0.24,0.0,968.2821,836.16235,759.8934,839.957
0.27,0.24,0.0,1030.0509,835.8563,822.0067,841.32117
0.0,0.27,0.0,490.4159,888.9293,292.2746,881.02264
0.03,0.27,0.0,547.82275,890.4514,347.36563,884.073
0.06,0.27,0.0,606.2003,891.6399,403.7891,886.7598
0.09,0.27,0.0,665.1064,892.9237,460.92313,889.53125
0.12,0.27,0.0,724.6043,894.3235,518.7814,892.3627
0.15,0.27,0.0,784.92786,894.9988,578.02814,894.5075
0.18,0.27,0.0,845.70197,895.64734,637.9598,896.68884
0.21,0.27,0.0,906.82153,896.2913,698.48895,898.9288
0.24,0.27,0.0,968.2099,896.169,759.88617,900.4734
0.27,0.27,0.0,1029.6606,896.0468,821.7858,902.1522
