0.0,0.0,0.0,477.484,164.66092,289.36053,161.16417
0.03,0.0,0.0,534.1521,161.05716,344.1213,157.67088
0.06,0.0,0.0,591.65594,157.58362,400.01816,154.2896
0.09,0.0,0.0,649.9465,154.16933,456.9532,151.1025
0.12,0.0,0.0,709.01105,150.88097,514.8658,148.01213
0.15,0.0,0.0,768.6821,147.74046,573.6732,145.08582
0.18,0.0,0.0,829.00635,144.73523,633.2824,142.26271
0.21,0.0,0.0,889.73645,141.91194,693.66187,139.50551
0.24,0.0,0.0,950.7804,139.38217,754.69165,136.91942
0.27,0.0,0.0,1011.94556,137.1583,816.312,134.48973
0.0,0.03,0.0,478.2033,222.16933,288.79858,218.40224
0.03,0.03,0.0,535.0576,219.00067,343.80508,215.42354
0.06,0.03,0.0,592.7178,215.90495,399.8839,212.63092
0.09,0.03,0.0,651.17694,212.91182,457.06036,209.94678
0.12,0.03,0.0,710.37756,209.9773,515.18286,207.35031
0.15,0.03,0.0,770.2285,207.07692,574.1036,204.84319
0.18,0.03,0.0,830.7385,204.29114,633.8628,202.39778
0.21,0.03,0.0,891.7226,201.68474,694.35767,200.01674
0.24,0.03,0.0,953.067,199.26299,755.5621,197.71129
0.27,0.03,0.0,1014.5643,197.12341,817.4201,195.49821
0.0,0.06,0.0,479.04388,280.10983,288.5038,276.13974
0.03,0.06,0.0,536.0367,277.43,343.68744,273.7368
0.06,0.06,0.0,593.7995,274.7373,399.9781,271.43253
0.09,0.06,0.0,652.35223,272.1226,457.30142,269.23093
0.12,0.06,0.0,711.65155,269.51434,515.5587,267.1491
0.15,0.06,0.0,771.62964,266.92017,574.5843,265.0806
0.18,0.06,0.0,832.3175,264.39084,634.44434,263.01126
0.21,0.06,0.0,893.49677,262.00708,695.0203,260.96994
0.24,0.06,0.0,955.08527,259.77066,756.3503,259.015
0.27,0.06,0.0,1016.8708,257.71545,818.36633,257.09738
0.0,0.09,0.0,479.9862,338.31775,288.35962,334.1843
0.03,0.09,0.0,537.1038,336.10947,343.7941,332.3866
0.06,0.09,0.0,594.8951,333.8128,400.13086,330.55978
0.09,0.09,0.0,653.5347,331.55933,457.60577,328.871
0.12,0.09,0.0,712.9177,329.33994,515.98694,327.22552
0.15,0.09,0.0,773.0066,327.10034,575.1216,325.58124
0.18,0.09,0.0,833.75464,324.84152,634.98456,323.90497
0.21,0.09,0.0,895.12177,322.68845,695.6155,322.24667
0.24,0.09,0.0,956.8701,320.7057,757.06683,320.6393
0.27,0.09,0.0,1018.8837,318.79858,819.12415,318.99448
0.0,0.12,0.0,480.99554,396.7998,288.464,392.57986
0.03,0.12,0.0,538.2573,394.97507,344.07965,391.27164
0.06,0.12,0.0,596.01355,393.0387,400.42526,389.92526
0.09,0.12,0.0,654.6979,391.17957,457.98477,388.65897
0.12,0.12,0.0,714.1842,389.3441,516.5029,387.45932
0.15,0.12,0.0,774.32056,387.42743,575.6768,386.2374
0.18,0.12,0.0,835.18134,385.52985,635.5592,384.9833
0.21,0.12,0.0,896.6401,383.67047,696.2017,383.67282
0.24,0.12,0.0,958.5088,381.9499,757.69586,382.46634
0.27,0.12,0.0,1020.6832,380.26065,819.8264,381.12595
0.0,0.15,0.0,482.12097,455.35373,288.83163,451.11426
0.03,0.15,0.0,539.35956,453.90253,344.42297,450.27063
0.06,0.15,0.0,597.16895,452.396,400.8322,449.4131
0.09,0.15,0.0,655.8867,450.89685,458.48062,448.57684
0.12,0.15,0.0,715.3899,449.40424,517.04663,447.7635
0.15,0.15,0.0,775.588,447.89786,576.2259,446.92453
0.18,0.15,0.0,836.51337,446.363,636.1322,446.06772
0.21,0.15,0.0,898.0196,444.83505,696.7539,445.18875
0.24,0.15,0.0,959.9974,443.3739,758.2456,444.29703
0.27,0.15,0.0,1022.239,441.9531,820.4553,443.39133
0.0,0.18,0.0,483.26913,513.96265,289.3111,509.69684
0.03,0.18,0.0,540.43286,512.86835,344.79892,509.33652
0.06,0.18,0.0,598.3808,511.77338,401.3852,508.93857
0.09,0.18,0.0,657.1363,510.658,459.05707,508.53625
0.12,0.18,0.0,716.6185,509.55234,517.5357,508.08383
0.15,0.18,0.0,776.7828,508.42926,576.74567,507.62363
0.18,0.18,0.0,837.74097,507.25662,636.6635,507.15512
0.21,0.18,0.0,899.3003,506.0883,697.35486,506.68152
0.24,0.18,0.0,961.3472,504.88956,758.76135,506.16434
0.27,0.18,0.0,1023.6184,503.72238,821.03204,505.6178
0.0,0.21,0.0,484.4045,572.5876,289.86533,568.28357
0.03,0.21,0.0,541.5842,571.9022,345.31802,568.40576
0.06,0.21,0.0,599.6035,571.16547,402.03247,568.44775
0.09,0.21,0.0,658.348,570.4327,459.63715,568.41125
0.12,0.21,0.0,717.78217,569.69904,518.00305,568.38574
0.15,0.21,0.0,778.0194,568.9657,577.27203,568.3191
0.18,0.21,0.0,838.98456,568.16223,637.2158,568.22266
0.21,0.21,0.0,900.538,567.37445,697.86755,568.1497
0.24,0.21,0.0,962.5572,566.46295,759.30975,568.0414
0.27,0.21,0.0,1024.7952,565.5179,821.5633,567.94324
0.0,0.24,0.0,485.5302,631.2329,290.5411,626.7831
0.03,0.24,0.0,542.74255,630.9437,345.9923,627.40125
0.06,0.24,0.0,600.8507,630.5481,402.72256,627.879
0.09,0.24,0.0,659.5561,630.21387,460.22913,628.3349
0.12,0.24,0.0,718.9701,629.90173,518.4401,628.7502
0.15,0.24,0.0,779.22363,629.47534,577.7574,629.021
0.18,0.24,0.0,840.1593,629.06586,637.7167,629.3226
0.21,0.24,0.0,901.6649,628.61304,698.3637,629.6718
0.24,0.24,0.0,963.6127,627.9808,759.8605,629.9456
0.27,0.24,0.0,1025.7471,627.2528,822.035,630.1979
0.0,0.27,0.0,486.70816,689.8259,291.34366,685.1248
0.03,0.27,0.0,543.9628,689.88196,346.8211,686.2199
0.06,0.27,0.0,602.092,689.8584,403.5519,687.1019
0.09,0.27,0.0,660.7834,689.9184,460.8818,688.02765
0.12,0.27,0.0,720.1005,690.0784,518.9442,688.99664
0.15,0.27,0.0,780.3865,689.94086,578.2752,689.6548
0.18,0.27,0.0,841.26904,689.8226,638.2418,690.3638
0.21,0.27,0.0,902.6547,689.7178,698.8306,691.13904
0.24,0.27,0.0,964.4379,689.2496,760.32434,691.681
0.27,0.27,0.0,1026.4435,688.7296,822.42,692.3055
0.0,0.0,0.0,470.5892,348.94275,267.95132,344.62393
0.03,0.0,0.0,532.7856,349.39844,330.49652,345.5191
0.06,0.0,0.0,594.29425,349.8734,392.82437,346.54822
0.09,0.0,0.0,655.09503,350.3784,454.74994,347.66614
0.12,0.0,0.0,715.2534,350.87576,516.14105,348.84818
0.15,0.0,0.0,774.64307,351.45627,576.87964,350.06894
0.18,0.0,0.0,833.2447,352.04077,636.7989,351.30142
0.21,0.0,0.0,891.0284,352.6763,696.02563,352.4986
0.24,0.0,0.0,947.81714,353.39932,754.4828,353.69424
0.27,0.0,0.0,1003.5642,354.21194,812.2313,354.88455
0.0,0.03,0.0,470.83795,411.09726,267.2355,406.65765
0.03,0.03,0.0,533.1029,411.1699,329.9117,407.34753
0.06,0.03,0.0,594.66187,411.32077,392.3608,408.11746
0.09,0.03,0.0,655.5091,411.46658,454.36984,408.93442
0.12,0.03,0.0,715.6525,411.58978,515.8105,409.80603
0.15,0.03,0.0,775.07776,411.76337,576.543,410.68826
0.18,0.03,0.0,833.73975,411.96393,636.5449,411.52283
0.21,0.03,0.0,891.5865,412.20135,695.7718,412.35556
0.24,0.03,0.0,948.4906,412.48538,754.24603,413.1652
0.27,0.03,0.0,1004.3287,412.8096,812.01526,413.96548
0.0,0.06,0.0,471.16248,473.29736,266.71597,468.84027
0.03,0.06,0.0,533.43427,473.0689,329.45703,469.3236
0.06,0.06,0.0,595.0411,472.82864,391.97275,469.77722
0.09,0.06,0.0,655.8703,472.62952,454.02823,470.30148
0.12,0.06,0.0,716.0464,472.40567,515.5239,470.78635
0.15,0.06,0.0,775.4921,472.2014,576.25244,471.28134
0.18,0.06,0.0,834.207,472.00516,636.2239,471.75797
0.21,0.06,0.0,892.0908,471.81485,695.4573,472.22235
0.24,0.06,0.0,949.0429,471.69943,753.9532,472.65384
0.27,0.06,0.0,1004.89795,471.54648,811.7706,473.08624
0.0,0.09,0.0,471.4733,535.6257,266.423,531.06323
0.03,0.09,0.0,533.7757,535.00977,329.13245,531.34033
0.06,0.09,0.0,595.4085,534.3995,391.64932,531.5419
0.09,0.09,0.0,656.3162,533.8084,453.73083,531.6585
0.12,0.09,0.0,716.455,533.2039,515.1799,531.76404
0.15,0.09,0.0,775.8641,532.6418,575.9443,531.8861
0.18,0.09,0.0,834.67255,532.0772,635.9414,531.9657
0.21,0.09,0.0,892.5789,531.5259,695.19,532.0536
0.24,0.09,0.0,949.4235,530.9356,753.63086,532.13965
0.27,0.09,0.0,1005.3606,530.31946,811.4875,532.24115
0.0,0.12,0.0,471.92004,597.9084,266.23166,593.2355
0.03,0.12,0.0,534.1628,596.916,328.98172,593.258
0.06,0.12,0.0,595.8081,595.9943,391.39963,593.1936
0.09,0.12,0.0,656.7006,595.02826,453.42004,593.00555
0.12,0.12,0.0,716.7825,594.03937,514.8415,592.7439
0.15,0.12,0.0,776.2096,593.10626,575.575,592.47015
0.18,0.12,0.0,835.0304,592.1595,635.5986,592.20135
0.21,0.12,0.0,892.9931,591.2066,694.914,591.9693
0.24,0.12,0.0,949.6828,590.1523,753.32306,591.6126
0.27,0.12,0.0,1005.60455,589.081,811.19214,591.3361
0.0,0.15,0.0,472.35287,660.0691,266.38562,655.18884
0.03,0.15,0.0,534.57904,658.7878,328.95953,655.0017
0.06,0.15,0.0,596.2111,657.573,391.2253,654.73706
0.09,0.15,0.0,657.10455,656.22906,453.1991,654.24097
0.12,0.15,0.0,717.1801,654.8703,514.55634,653.65674
0.15,0.15,0.0,776.59045,653.5285,575.2551,653.0411
0.18,0.15,0.0,835.3106,652.1881,635.29065,652.43066
0.21,0.15,0.0,893.2238,650.8133,694.614,651.80615
0.24,0.15,0.0,949.9032,649.2995,752.99365,651.1164
0.27,0.15,0.0,1005.647,647.71967,810.7785,650.41406
0.0,0.18,0.0,472.8909,722.10516,266.7284,716.8476
0.03,0.18,0.0,535.03394,720.6132,329.05118,716.57623
0.06,0.18,0.0,596.61285,718.9999,391.23257,716.027
0.09,0.18,0.0,657.432,717.3038,453.0561,715.2989
0.12,0.18,0.0,717.5367,715.58527,514.30023,714.47345
0.15,0.18,0.0,776.8766,713.85175,574.9412,713.5232
0.18,0.18,0.0,835.5036,712.09326,634.91364,712.5503
0.21,0.18,0.0,893.2947,710.26483,694.1979,711.5737
0.24,0.18,0.0,949.9433,708.2611,752.64935,710.47546
0.27,0.18,0.0,1005.458,706.141,810.2744,709.3124
0.0,0.21,0.0,473.563,783.88434,267.3176,778.1355
0.03,0.21,0.0,535.60803,782.0882,329.42365,777.71405
0.06,0.21,0.0,597.0022,780.15125,391.3667,776.9398
0.09,0.21,0.0,657.7599,778.1077,453.01517,775.9799
0.12,0.21,0.0,717.85693,776.1139,514.15924,774.9652
0.15,0.21,0.0,777.1196,773.911,574.66907,773.6965
0.18,0.21,0.0,835.5693,771.65533,634.5505,772.3724
0.21,0.21,0.0,893.20746,769.36945,693.773,771.0672
0.24,0.21,0.0,949.7251,766.8831,752.1466,769.577
0.27,0.21,0.0,1005.0857,764.2335,809.71967,767.9768
0.0,0.24,0.0,474.4102,845.2061,268.17252,838.8177
0.03,0.24,0.0,536.24603,843.1732,330.0109,838.27673
0.06,0.24,0.0,597.4711,840.83167,391.7127,837.29474
0.09,0.24,0.0,658.1207,838.4939,453.1112,836.226
0.12,0.24,0.0,718.16125,836.22064,514.08215,835.0985
0.15,0.24,0.0,777.21594,833.52734,574.4445,833.4396
0.18,0.24,0.0,835.4829,830.8172,634.1916,831.79614
0.21,0.24,0.0,893.008,828.09174,693.3329,830.15314
0.24,0.24,0.0,949.2758,825.0103,751.5365,828.2189
0.27,0.24,0.0,1004.4337,821.8042,808.9756,826.2053
0.0,0.27,0.0,475.39868,905.8104,269.4013,898.75653
0.03,0.27,0.0,537.0086,903.4963,330.86496,898.08954
0.06,0.27,0.0,597.969,900.80194,392.26752,896.9309
0.09,0.27,0.0,658.44446,898.2108,453.36053,895.7256
0.12,0.27,0.0,718.3611,895.7069,514.1592,894.53503
0.15,0.27,0.0,777.1944,892.5091,574.28503,892.5619
0.18,0.27,0.0,835.2455,889.3357,633.82947,890.5732
0.21,0.27,0.0,892.63916,886.1881,692.852,888.6848
0.24,0.27,0.0,948.4775,882.4795,750.7928,886.2074
0.27,0.27,0.0,1003.5512,878.8219,808.13416,883.8505
0.0,0.0,0.0,475.35718,360.49646,281.92218,356.31964
0.03,0.0,0.0,534.4253,359.70517,340.3608,355.96884
0.06,0.0,0.0,593.5619,358.93375,399.2077,355.75372
0.09,0.0,0.0,652.70905,358.14587,458.34436,355.55347
0.12,0.0,0.0,711.9213,357.45453,517.7122,355.43826
0.15,0.0,0.0,771.05774,356.75986,577.07745,355.37927
0.18,0.0,0.0,830.13916,356.05685,636.4301,355.3178
0.21,0.0,0.0,889.04803,355.46625,695.7693,355.2525
0.24,0.0,0.0,947.64685,354.94522,755.0737,355.1664
0.27,0.0,0.0,1005.7875,354.5411,814.29364,355.12054
0.0,0.03,0.0,475.0654,418.6785,279.8431,414.3999
0.03,0.03,0.0,534.4985,417.89395,338.67157,414.19916
0.06,0.03,0.0,593.9826,417.1224,397.9167,414.04895
0.09,0.03,0.0,653.47845,416.37326,457.47827,413.9442
0.12,0.03,0.0,713.02167,415.64786,517.16437,413.8705
0.15,0.03,0.0,772.50256,414.90262,576.87506,413.82123
0.18,0.03,0.0,831.9864,414.1699,636.5394,413.76468
0.21,0.03,0.0,891.2465,413.52625,696.19275,413.67917
0.24,0.03,0.0,950.219,412.90088,755.81335,413.57202
0.27,0.03,0.0,1008.71906,412.33926,815.397,413.4542
0.0,0.06,0.0,474.8091,477.5195,277.934,473.17438
0.03,0.06,0.0,534.61346,476.76614,337.0758,473.12857
0.06,0.06,0.0,594.44196,475.99973,396.66077,473.06348
0.09,0.06,0.0,654.28534,475.26248,456.5728,472.97928
0.12,0.06,0.0,714.13245,474.52438,516.6123,472.91998
0.15,0.06,0.0,773.9348,473.7616,576.6438,472.86166
0.18,0.06,0.0,833.73456,473.03046,636.61475,472.78598
0.21,0.06,0.0,893.3787,472.2783,696.60364,472.67444
0.24,0.06,0.0,952.69836,471.57968,756.5236,472.55502
0.27,0.06,0.0,1011.52783,470.86404,816.42035,472.4268
0.0,0.09,0.0,474.5801,537.00073,276.09494,532.5791
0.03,0.09,0.0,534.72943,536.30054,335.6243,532.67114
0.06,0.09,0.0,594.8809,535.4977,395.4696,532.6319
0.09,0.09,0.0,655.0517,534.7448,455.66986,532.6372
0.12,0.09,0.0,715.2203,534.04376,516.05066,532.61127
0.15,0.09,0.0,775.3603,533.29114,576.4076,532.53204
0.18,0.09,0.0,835.5089,532.4734,636.7092,532.3992
0.21,0.09,0.0,895.4779,531.6879,697.0117,532.30554
0.24,0.09,0.0,955.02374,530.92664,757.2336,532.1935
0.27,0.09,0.0,1014.24036,530.01685,817.4831,532.04706
0.0,0.12,0.0,474.42697,597.1635,274.4657,592.5455
0.03,0.12,0.0,534.89996,596.4626,334.27206,592.8002
0.06,0.12,0.0,595.3191,595.6811,394.28677,592.87573
0.09,0.12,0.0,655.8369,594.93225,454.80286,592.9053
0.12,0.12,0.0,716.3232,594.20624,515.487,592.908
0.15,0.12,0.0,776.7823,593.4333,576.1412,592.8207
0.18,0.12,0.0,837.2292,592.6023,636.7765,592.6892
0.21,0.12,0.0,897.53467,591.7083,697.41425,592.5517
0.24,0.12,0.0,957.29614,590.8432,757.94244,592.45575
0.27,0.12,0.0,1016.729,589.8091,818.48846,592.2924
0.0,0.15,0.0,474.32632,657.8802,273.07416,653.0285
0.03,0.15,0.0,535.06537,657.2329,332.96588,653.4287
0.06,0.15,0.0,595.8076,656.4864,393.24734,653.6475
0.09,0.15,0.0,656.6322,655.7522,454.0087,653.7735
0.12,0.15,0.0,717.4278,654.9777,514.9269,653.789
0.15,0.15,0.0,778.2039,654.1883,575.8707,653.7215
0.18,0.15,0.0,838.9131,653.31213,636.8128,653.6452
0.21,0.15,0.0,899.4536,652.3494,697.7815,653.4723
0.24,0.15,0.0,959.4574,651.30176,758.6456,653.33356
0.27,0.15,0.0,1019.03455,650.11334,819.4376,653.099
0.0,0.18,0.0,474.2975,719.1193,271.87094,713.86206
0.03,0.18,0.0,535.27997,718.5205,331.82846,714.45685
0.06,0.18,0.0,596.336,717.84924,392.3627,714.8605
0.09,0.18,0.0,657.4381,717.13684,453.24985,715.08966
0.12,0.18,0.0,718.5264,716.36304,514.3503,715.1842
0.15,0.18,0.0,779.55164,715.4446,575.6096,715.195
0.18,0.18,0.0,840.4594,714.50415,636.89087,715.14496
0.21,0.18,0.0,901.1821,713.4221,698.108,714.9527
0.24,0.18,0.0,961.4725,712.18134,759.25574,714.7436
0.27,0.18,0.0,1021.10175,710.77625,820.27466,714.3951
0.0,0.21,0.0,474.3978,780.6894,270.87177,774.9042
0.03,0.21,0.0,535.5705,780.215,330.92944,775.73804
0.06,0.21,0.0,596.8589,779.5913,391.6562,776.33405
0.09,0.21,0.0,658.2574,778.865,452.70233,776.7001
0.12,0.21,0.0,719.5634,778.0492,513.9441,776.93945
0.15,0.21,0.0,780.8363,777.09955,575.4117,776.98315
0.18,0.21,0.0,841.96936,776.0135,636.9139,776.94183
0.21,0.21,0.0,902.8114,774.78186,698.3916,776.7827
0.24,0.21,0.0,963.1932,773.3008,759.7941,776.46375
0.27,0.21,0.0,1022.92065,771.62317,821.0052,776.043
0.0,0.24,0.0,474.6352,842.42474,270.1346,836.0068
0.03,0.24,0.0,535.97144,842.1071,330.29498,837.112
0.06,0.24,0.0,597.5049,841.50586,391.11447,837.9053
0.09,0.24,0.0,659.0197,840.8257,452.23422,838.47986
0.12,0.24,0.0,720.60815,840.01184,513.60803,838.87823
0.15,0.24,0.0,782.011,838.9197,575.254,838.97577
0.18,0.24,0.0,843.26556,837.69556,636.9445,838.95166
0.21,0.24,0.0,904.2405,836.2786,698.63135,838.7806
0.24,0.24,0.0,964.6394,834.5447,760.19214,838.3921
0.27,0.24,0.0,1024.4121,832.55145,821.56354,837.83276
0.0,0.27,0.0,475.04416,904.1828,269.76315,896.9833
0.03,0.27,0.0,536.52386,903.9205,329.93286,898.35297
0.06,0.27,0.0,598.16284,903.3591,390.7861,899.34625
0.09,0.27,0.0,659.84717,902.73425,451.95383,900.1338
0.12,0.27,0.0,721.5436,901.9478,513.365,900.81995
0.15,0.27,0.0,783.0401,900.6843,575.1368,900.9619
0.18,0.27,0.0,844.35364,899.2739,636.9649,900.9345
0.21,0.27,0.0,905.44037,897.6972,698.78656,900.83826
0.24,0.27,0.0,965.76825,895.61957,760.4799,900.2285
0.27,0.27,0.0,1025.5806,893.35187,821.9537,899.5818
0.0,0.0,0.0,466.48917,353.32263,264.35464,349.0663
0.03,0.0,0.0,528.392,352.33597,325.37305,348.5198
0.06,0.0,0.0,590.4044,351.42227,386.999,348.1358
0.09,0.0,0.0,652.4355,350.55405,448.96518,347.85126
0.12,0.0,0.0,714.5484,349.68365,511.24777,347.6329
0.15,0.0,0.0,776.68256,348.8346,573.6292,347.50598
0.18,0.0,0.0,838.723,348.047,635.9264,347.35626
0.21,0.0,0.0,900.6072,347.4022,698.33545,347.19434
0.24,0.0,0.0,962.1225,346.84964,760.7317,347.09055
0.27,0.0,0.0,1023.14276,346.43665,822.98755,347.03238
0.0,0.03,0.0,468.18436,415.1832,266.04257,410.84528
0.03,0.03,0.0,529.8356,414.28662,326.92072,410.50656
0.06,0.03,0.0,591.52893,413.3879,388.35547,410.2457
0.09,0.03,0.0,653.293,412.53503,450.10745,410.0556
0.12,0.03,0.0,715.122,411.68246,512.0936,409.9158
0.15,0.03,0.0,776.9676,410.86563,574.1442,409.80417
0.18,0.03,0.0,838.7795,410.0682,636.19196,409.68582
0.21,0.03,0.0,900.4337,409.30768,698.2258,409.54257
0.24,0.03,0.0,961.75854,408.6691,760.2786,409.4172
0.27,0.03,0.0,1022.5728,408.09323,822.28845,409.3125
0.0,0.06,0.0,469.89993,476.5303,267.9713,472.13928
0.03,0.06,0.0,531.2409,475.683,328.56293,472.00623
0.06,0.06,0.0,592.69073,474.84143,389.74414,471.84247
0.09,0.06,0.0,654.15155,473.99063,451.2261,471.70053
0.12,0.06,0.0,715.7062,473.15305,512.96136,471.5827
0.15,0.06,0.0,777.2274,472.31897,574.68085,471.46793
0.18,0.06,0.0,838.7529,471.51303,636.4123,471.34937
0.21,0.06,0.0,900.13367,470.75665,698.1177,471.24213
0.24,0.06,0.0,961.22986,469.99744,759.8298,471.101
0.27,0.06,0.0,1021.82935,469.2598,821.5221,470.97128
0.0,0.09,0.0,471.62653,537.3016,270.00818,532.8467
0.03,0.09,0.0,532.7132,536.4315,330.39487,532.815
0.06,0.09,0.0,593.81085,535.66583,391.16968,532.81555
0.09,0.09,0.0,655.00226,534.8285,452.37775,532.73627
0.12,0.09,0.0,716.2137,534.00195,513.75964,532.5956
0.15,0.09,0.0,777.4588,533.17896,575.1822,532.4836
0.18,0.09,0.0,838.7116,532.4411,636.5707,532.4029
0.21,0.09,0.0,899.8189,531.614,697.98425,532.3015
0.24,0.09,0.0,960.5396,530.74164,759.35065,532.1167
0.27,0.09,0.0,1020.87646,529.90955,820.75397,532.0403
0.0,0.12,0.0,473.4179,597.4568,272.23114,592.8681
0.03,0.12,0.0,534.1798,596.5696,332.30438,592.9343
0.06,0.12,0.0,594.93915,595.93134,392.67435,593.1437
0.09,0.12,0.0,655.83246,595.1084,453.5133,593.1242
0.12,0.12,0.0,716.74316,594.2123,514.5823,592.92175
0.15,0.12,0.0,777.6807,593.4101,575.67065,592.82513
0.18,0.12,0.0,838.6155,592.65826,636.7364,592.77136
0.21,0.12,0.0,899.4378,591.8859,697.8453,592.73364
0.24,0.12,0.0,959.7226,590.8412,758.89343,592.49054
0.27,0.12,0.0,1019.69464,589.91473,819.93335,592.4437
0.0,0.15,0.0,475.2396,656.8912,274.68198,652.08435
0.03,0.15,0.0,535.6349,656.1306,334.27588,652.3493
0.06,0.15,0.0,596.0883,655.5282,394.26184,652.7156
0.09,0.15,0.0,656.6712,654.7479,454.73483,652.75665
0.12,0.15,0.0,717.2629,653.8595,515.4195,652.6499
0.15,0.15,0.0,777.8478,653.02814,576.1298,652.5435
0.18,0.15,0.0,838.43286,652.25964,636.9121,652.5236
0.21,0.15,0.0,898.8766,651.43066,697.70233,652.53033
0.24,0.15,0.0,958.8094,650.2816,758.40076,652.26715
0.27,0.15,0.0,1018.37964,649.17554,819.067,652.11993
0.0,0.18,0.0,477.101,715.60675,277.27234,710.4443
0.03,0.18,0.0,537.1029,715.032,336.3481,711.02124
0.06,0.18,0.0,597.25085,714.38885,395.9937,711.4263
0.09,0.18,0.0,657.51105,713.5965,455.9984,711.5656
0.12,0.18,0.0,717.7494,712.8088,516.28296,711.61084
0.15,0.18,0.0,777.97705,711.9551,576.6322,711.5779
0.18,0.18,0.0,838.1737,711.0821,637.0352,711.55164
0.21,0.18,0.0,898.1697,710.1603,697.47076,711.54156
0.24,0.18,0.0,957.7541,708.9572,757.8326,711.3221
0.27,0.18,0.0,1016.7675,707.578,818.1019,711.0104
0.0,0.21,0.0,479.04608,773.51434,280.03653,767.8952
0.03,0.21,0.0,538.6276,773.07697,338.60614,768.6964
0.06,0.21,0.0,598.4339,772.3773,397.85916,769.13385
0.09,0.21,0.0,658.32916,771.6443,457.41888,769.438
0.12,0.21,0.0,718.18317,770.9692,517.1731,769.73334
0.15,0.21,0.0,778.01404,770.01965,577.1467,769.71967
0.18,0.21,0.0,837.76855,769.04956,637.1888,769.6786
0.21,0.21,0.0,897.3425,768.003,697.2465,769.67194
0.24,0.21,0.0,956.46796,766.67944,757.2134,769.4428
0.27,0.21,0.0,1015.04144,765.1231,817.0572,769.0482
0.0,0.24,0.0,481.0795,830.50616,282.91245,824.3621
0.03,0.24,0.0,540.25446,830.1585,341.05923,825.33655
0.06,0.24,0.0,599.64075,829.44635,399.82297,825.8503
0.09,0.24,0.0,659.0727,828.8077,458.86136,826.40247
0.12,0.24,0.0,718.5818,828.2576,518.14087,826.9334
0.15,0.24,0.0,777.9744,827.1164,577.70514,826.8822
0.18,0.24,0.0,837.2715,826.0284,637.31604,826.859
0.21,0.24,0.0,896.34033,824.92,696.95636,826.8975
0.24,0.24,0.0,954.94855,823.3511,756.4775,826.5418
0.27,0.24,0.0,1013.0333,821.6049,815.89185,826.11523
0.0,0.27,0.0,483.2261,886.41486,286.02695,879.6999
0.03,0.27,0.0,541.93317,886.0785,343.6472,880.791
0.06,0.27,0.0,600.84546,885.34314,401.94296,881.42505
0.09,0.27,0.0,659.8564,884.7534,460.4595,882.12366
0.12,0.27,0.0,718.91113,884.4378,519.1897,883.02094
0.15,0.27,0.0,777.8117,883.1094,578.29767,882.9098
0.18,0.27,0.0,836.6116,881.8951,637.4275,882.8893
0.21,0.27,0.0,895.2288,880.7813,696.64813,883.05835
0.24,0.27,0.0,953.22784,878.80145,755.635,882.4373
0.27,0.27,0.0,1010.8506,876.974,814.5756,882.0183
0.0,0.0,0.0,341.88733,264.57623,155.31682,260.1286
0.03,0.0,0.0,397.4206,261.39252,208.04657,257.18002
0.06,0.0,0.0,453.9929,258.36496,262.18585,254.3251
0.09,0.0,0.0,511.50336,255.37679,317.6274,251.57857
0.12,0.0,0.0,569.93286,252.477,374.41425,248.95705
0.15,0.0,0.0,629.18335,249.596,432.24597,246.48853
0.18,0.0,0.0,689.25745,246.73636,491.11884,244.06966
0.21,0.0,0.0,750.0239,243.93576,550.87964,241.76262
0.24,0.0,0.0,811.5207,241.21602,611.4671,239.47864
0.27,0.0,0.0,873.6331,238.57916,672.90155,237.22862
0.0,0.03,0.0,342.49088,322.58075,154.7295,317.7261
0.03,0.03,0.0,398.1751,319.94693,207.60522,315.35773
0.06,0.03,0.0,454.87848,317.37448,261.94324,313.0948
0.09,0.03,0.0,512.55524,314.84937,317.625,310.93796
0.12,0.03,0.0,571.069,312.39026,374.5243,308.90387
0.15,0.03,0.0,630.4077,309.92935,432.5316,306.90967
0.18,0.03,0.0,690.5352,307.47006,491.4978,305.00702
0.21,0.03,0.0,751.4168,304.99777,551.34534,303.132
0.24,0.03,0.0,813.02386,302.58975,612.0514,301.2963
0.27,0.03,0.0,875.3149,300.24075,673.5199,299.46292
0.0,0.06,0.0,343.22214,380.85736,154.41377,375.5903
0.03,0.06,0.0,399.0278,378.74084,207.46542,373.87915
0.06,0.06,0.0,455.88284,376.6605,261.92722,372.21432
0.09,0.06,0.0,513.6172,374.56982,317.70096,370.60626
0.12,0.06,0.0,572.2225,372.52676,374.7739,369.09253
0.15,0.06,0.0,631.6171,370.4431,432.86615,367.6147
0.18,0.06,0.0,691.74585,368.35757,491.92148,366.15826
0.21,0.06,0.0,752.717,366.29285,551.86096,364.7444
0.24,0.06,0.0,814.4381,364.22897,612.596,363.34708
0.27,0.06,0.0,876.83234,362.1889,674.11255,361.90457
0.0,0.09,0.0,344.05872,439.34235,154.33932,433.70804
0.03,0.09,0.0,400.0612,437.69852,207.59676,432.58197
0.06,0.09,0.0,456.87283,436.01407,262.04086,431.4723
0.09,0.09,0.0,514.70624,434.36987,317.93353,430.45682
0.12,0.09,0.0,573.4073,432.7383,375.1564,429.41705
0.15,0.09,0.0,632.79987,431.08273,433.34766,428.42108
0.18,0.09,0.0,692.98645,429.40024,492.38116,427.39883
0.21,0.09,0.0,754.0215,427.7212,552.387,426.42075
0.24,0.09,0.0,815.7979,426.01865,613.2016,425.43298
0.27,0.09,0.0,878.24194,424.35046,674.6608,424.41055
0.0,0.12,0.0,345.09933,497.9042,154.63312,491.91907
0.03,0.12,0.0,401.1886,496.71414,207.98994,491.4331
0.06,0.12,0.0,457.93588,495.507,262.35065,490.9157
0.09,0.12,0.0,515.855,494.2436,318.3234,490.3689
0.12,0.12,0.0,574.5923,493.01346,375.65836,489.84256
0.15,0.12,0.0,634.0754,491.7416,433.89127,489.2731
0.18,0.12,0.0,694.22906,490.49713,492.95633,488.71582
0.21,0.12,0.0,755.27246,489.2004,552.87933,488.1393
0.24,0.12,0.0,817.10754,487.9148,613.7576,487.5526
0.27,0.12,0.0,879.5991,486.62323,675.1835,486.8769
0.0,0.15,0.0,346.28076,556.53827,155.27588,550.1942
0.03,0.15,0.0,402.31683,555.78876,208.5393,550.2794
0.06,0.15,0.0,459.11462,555.0148,262.92667,550.3453
0.09,0.15,0.0,517.0148,554.19574,318.91284,550.34094
0.12,0.15,0.0,575.7932,553.33575,376.21848,550.2842
0.15,0.15,0.0,635.27203,552.4704,434.4136,550.165
0.18,0.15,0.0,695.47577,551.62146,493.49103,550.0058
0.21,0.15,0.0,756.47266,550.74945,553.3901,549.8405
0.24,0.15,0.0,818.3587,549.8254,614.2979,549.61
0.27,0.15,0.0,880.8775,548.9386,675.73926,549.43713
0.0,0.18,0.0,347.5875,615.1025,156.16998,608.3492
0.03,0.18,0.0,403.465,614.85114,209.22528,609.0795
0.06,0.18,0.0,460.376,614.50464,263.7461,609.66437
0.09,0.18,0.0,518.287,614.1141,319.6945,610.19495
0.12,0.18,0.0,576.9757,613.6727,376.77682,610.6653
0.15,0.18,0.0,636.4746,613.2098,434.9625,610.9857
0.18,0.18,0.0,696.7137,612.7506,494.04034,611.3047
0.21,0.18,0.0,757.7388,612.31824,553.92975,611.5659
0.24,0.18,0.0,819.5905,611.7787,614.7295,611.77765
0.27,0.18,0.0,882.08594,611.2113,676.2922,611.9653
0.0,0.21,0.0,348.95746,673.5713,157.26735,666.28156
0.03,0.21,0.0,404.79037,673.7936,210.2364,667.6401
0.06,0.21,0.0,461.7498,673.9339,264.79346,668.81195
0.09,0.21,0.0,519.61456,673.92865,320.6025,669.8726
0.12,0.21,0.0,578.1604,674.001,377.43744,670.881
0.15,0.21,0.0,637.6826,673.9258,435.57474,671.75696
0.18,0.21,0.0,697.9576,673.8584,494.65,672.48346
0.21,0.21,0.0,758.9712,673.80115,554.4915,673.21
0.24,0.21,0.0,820.7521,673.63513,615.262,673.866
0.27,0.21,0.0,883.16156,673.3862,676.81335,674.4918
0.0,0.24,0.0,350.49365,731.8415,158.66786,723.95465
0.03,0.24,0.0,406.23224,732.6049,211.52037,725.9328
0.06,0.24,0.0,463.21423,733.12396,266.04895,727.66626
0.09,0.24,0.0,520.90625,733.6681,321.6246,729.33264
0.12,0.24,0.0,579.35974,734.20795,378.20798,730.9324
0.15,0.24,0.0,638.90247,734.5051,436.3245,732.23114
0.18,0.24,0.0,699.1587,734.81244,495.30777,733.5028
0.21,0.24,0.0,760.1268,735.1908,555.0261,734.75024
0.24,0.24,0.0,821.83057,735.2897,615.79083,735.7712
0.27,0.24,0.0,884.0831,735.31805,677.3031,736.82776
0.0,0.27,0.0,352.19357,789.7545,160.34544,781.1912
0.03,0.27,0.0,407.87296,791.02216,213.13358,783.77423
0.06,0.27,0.0,464.78738,791.9811,267.5896,786.03394
0.09,0.27,0.0,522.31805,793.0503,322.92874,788.3249
0.12,0.27,0.0,580.6154,794.1677,379.1862,790.6343
0.15,0.27,0.0,640.1234,794.8012,437.2301,792.3824
0.18,0.27,0.0,700.327,795.5054,496.0354,794.1133
0.21,0.27,0.0,761.14685,796.27264,555.60156,795.9278
0.24,0.27,0.0,822.7639,796.58484,616.3831,797.3221
0.27,0.27,0.0,884.8766,796.9115,677.73645,798.81647
0.0,0.0,0.0,328.0275,248.18979,132.23509,243.92642
0.03,0.0,0.0,389.81097,248.66998,192.96126,244.50308
0.06,0.0,0.0,451.3277,249.33562,253.95517,245.32706
0.09,0.0,0.0,512.4228,250.16277,315.1134,246.36821
0.12,0.0,0.0,572.9709,251.11258,376.1661,247.63756
0.15,0.0,0.0,632.9173,252.14267,436.90506,249.0846
0.18,0.0,0.0,692.16785,253.1997,497.25623,250.65663
0.21,0.0,0.0,750.7257,254.3094,557.0052,252.32173
0.24,0.0,0.0,808.5625,255.49384,616.1494,254.01727
0.27,0.0,0.0,865.59875,256.7872,674.5865,255.78836
0.0,0.03,0.0,327.6872,309.31396,130.65459,304.5108
0.03,0.03,0.0,389.6985,309.61356,191.60483,305.059
0.06,0.03,0.0,451.39142,310.08685,252.84433,305.8148
0.09,0.03,0.0,512.5979,310.68124,314.1694,306.73276
0.12,0.03,0.0,573.2759,311.3303,375.44443,307.8371
0.15,0.03,0.0,633.2856,312.03305,436.34833,309.073
0.18,0.03,0.0,692.5878,312.74347,496.801,310.38977
0.21,0.03,0.0,751.233,313.49023,556.63794,311.76175
0.24,0.03,0.0,809.1547,314.27765,615.82874,313.17438
0.27,0.03,0.0,866.278,315.15686,674.3552,314.57413
0.0,0.06,0.0,327.5838,370.74893,129.40053,365.45547
0.03,0.06,0.0,389.72382,370.90213,190.50922,365.97903
0.06,0.06,0.0,451.5437,371.13733,251.96442,366.6583
0.09,0.06,0.0,512.8767,371.4321,313.46744,367.4365
0.12,0.06,0.0,573.5782,371.77063,374.84824,368.3266
0.15,0.06,0.0,633.5941,372.1214,435.88397,369.3138
0.18,0.06,0.0,692.9878,372.48425,496.44644,370.31586
0.21,0.06,0.0,751.67834,372.86646,556.33344,371.40204
0.24,0.06,0.0,809.6541,373.28317,615.5405,372.48563
0.27,0.06,0.0,866.8683,373.7387,674.06805,373.53366
0.0,0.09,0.0,327.6359,432.45615,128.49327,426.6743
0.03,0.09,0.0,389.91193,432.35526,189.77957,427.1651
0.06,0.09,0.0,451.80035,432.28107,251.263,427.67828
0.09,0.09,0.0,513.1855,432.27573,312.9113,428.28204
0.12,0.09,0.0,573.89233,432.27774,374.3648,428.95218
0.15,0.09,0.0,633.9557,432.311,435.4953,429.64017
0.18,0.09,0.0,693.3905,432.32562,496.09903,430.36
0.21,0.09,0.0,752.14716,432.33527,556.0605,431.07486
0.24,0.09,0.0,810.06824,432.39758,615.2794,431.81708
0.27,0.09,0.0,867.3792,432.45236,673.77747,432.4992
0.0,0.12,0.0,327.8816,494.27505,127.94637,488.06406
0.03,0.12,0.0,390.1998,493.9103,189.30821,488.485
0.06,0.12,0.0,452.12836,493.55298,250.78159,488.81924
0.09,0.12,0.0,513.52185,493.18616,312.52472,489.28375
0.12,0.12,0.0,574.23346,492.84778,374.0214,489.65424
0.15,0.12,0.0,634.2865,492.52557,435.14032,490.04306
0.18,0.12,0.0,693.7638,492.22433,495.77783,490.42462
0.21,0.12,0.0,752.57355,491.86127,555.7929,490.7775
0.24,0.12,0.0,810.4649,491.57834,614.9569,491.16034
0.27,0.12,0.0,867.82336,491.26508,673.47784,491.46933
0.0,0.15,0.0,328.2563,556.1233,127.77145,549.4378
0.03,0.15,0.0,390.56235,555.49664,189.03436,549.7628
0.06,0.15,0.0,452.4835,554.87225,250.50548,550.0642
0.09,0.15,0.0,513.8881,554.18567,312.18665,550.21893
0.12,0.15,0.0,574.6026,553.4723,373.72708,550.3781
0.15,0.15,0.0,634.66724,552.78314,434.85278,550.4318
0.18,0.15,0.0,694.13385,552.126,495.44424,550.4723
0.21,0.15,0.0,752.9414,551.4499,555.45447,550.5093
0.24,0.15,0.0,810.87665,550.7741,614.6262,550.45557
0.27,0.15,0.0,868.16223,550.11847,673.17535,550.43823
0.0,0.18,0.0,328.78967,617.89795,127.9418,610.6801
0.03,0.18,0.0,390.97913,617.05383,189.07971,610.9752
0.06,0.18,0.0,452.85986,616.1431,250.55896,611.1278
0.09,0.18,0.0,514.2067,615.11804,312.10532,611.11615
0.12,0.18,0.0,574.9562,614.0801,373.49445,611.008
0.15,0.18,0.0,635.0331,613.06647,434.55756,610.7877
0.18,0.18,0.0,694.45886,612.03894,495.10577,610.5399
0.21,0.18,0.0,753.26807,611.05133,555.07666,610.20667
0.24,0.18,0.0,811.24646,610.00995,614.29987,609.84656
0.27,0.18,0.0,868.45795,608.9452,672.79254,609.44934
0.0,0.21,0.0,329.48996,679.57513,128.44643,671.6878
0.03,0.21,0.0,391.56372,678.4977,189.41133,671.9414
0.06,0.21,0.0,453.32446,677.2752,250.76318,671.9457
0.09,0.21,0.0,514.61395,675.9704,312.1388,671.8033
0.12,0.21,0.0,575.37897,674.6764,373.41785,671.5119
0.15,0.21,0.0,635.41626,673.28076,434.35712,671.03186
0.18,0.21,0.0,694.7879,671.92584,494.8461,670.44653
0.21,0.21,0.0,753.5777,670.5868,554.7708,669.8438
0.24,0.21,0.0,811.56995,669.1676,613.9803,669.1532
0.27,0.21,0.0,868.72455,667.70654,672.499,668.4467
0.0,0.24,0.0,330.4048,740.9169,129.25005,732.3712
0.03,0.24,0.0,392.3075,739.72107,190.01494,732.61145
0.06,0.24,0.0,453.92496,738.21313,251.20161,732.45685
0.09,0.24,0.0,515.11743,736.69403,312.38135,732.2047
0.12,0.24,0.0,575.82007,735.17303,373.42053,731.81415
0.15,0.24,0.0,635.7886,733.4203,434.27493,731.0398
0.18,0.24,0.0,695.12964,731.68243,494.62238,730.2042
0.21,0.24,0.0,753.8808,730.0133,554.4861,729.3712
0.24,0.24,0.0,811.74884,728.1673,613.62744,728.3166
0.27,0.24,0.0,868.8153,726.2645,672.1293,727.267
0.0,0.27,0.0,331.53088,801.8911,130.48274,792.5052
0.03,0.27,0.0,393.23828,800.48804,191.05508,792.6833
0.06,0.27,0.0,454.65482,798.76434,251.92969,792.4734
0.09,0.27,0.0,515.6889,797.0172,312.86514,792.09827
0.12,0.27,0.0,576.3108,795.3994,373.67813,791.7208
0.15,0.27,0.0,636.15594,793.2534,434.30524,790.69965
0.18,0.27,0.0,695.4127,791.1757,494.5122,789.6307
0.21,0.27,0.0,754.1584,789.1753,554.2952,788.6216
0.24,0.27,0.0,811.7876,786.7906,613.283,787.14026
0.27,0.27,0.0,868.825,784.53894,671.7657,785.8438
0.0,0.0,0.0,339.72995,264.5091,152.13774,260.11533
0.03,0.0,0.0,397.7076,263.23,208.29337,259.01398
0.06,0.0,0.0,456.05725,262.11795,265.29312,258.08905
0.09,0.0,0.0,514.6996,261.13342,323.0322,257.33765
0.12,0.0,0.0,573.5045,260.2436,381.2978,256.78104
0.15,0.0,0.0,632.3749,259.4537,439.95923,256.37854
0.18,0.0,0.0,691.2548,258.70938,498.89368,256.09766
0.21,0.0,0.0,750.13904,257.99878,557.9406,255.8956
0.24,0.0,0.0,808.92175,257.35794,617.06647,255.75702
0.27,0.0,0.0,867.596,256.85657,676.16345,255.67212
0.0,0.03,0.0,338.24533,321.2989,148.72496,316.47708
0.03,0.03,0.0,396.71664,320.17722,205.31671,315.6439
0.06,0.03,0.0,455.51462,319.22015,262.7816,314.94046
0.09,0.03,0.0,514.5823,318.32422,320.94382,314.40747
0.12,0.03,0.0,573.744,317.5263,379.70544,314.01498
0.15,0.03,0.0,633.00757,316.72055,438.7848,313.7326
0.18,0.03,0.0,692.2514,315.9494,498.12613,313.53137
0.21,0.03,0.0,751.4853,315.1942,557.58527,313.37833
0.24,0.03,0.0,810.67145,314.54373,617.03894,313.29672
0.27,0.03,0.0,869.7438,313.89877,676.489,313.1863
0.0,0.06,0.0,336.9728,378.97455,145.53288,373.73468
0.03,0.06,0.0,395.84818,378.01025,202.50674,373.18137
0.06,0.06,0.0,455.05215,377.12338,260.4044,372.71143
0.09,0.06,0.0,514.4996,376.292,319.01144,372.3419
0.12,0.06,0.0,574.0439,375.53098,378.182,372.09918
0.15,0.06,0.0,633.6092,374.7308,437.66553,371.91867
0.18,0.06,0.0,693.2187,373.91568,497.38766,371.75317
0.21,0.06,0.0,752.8332,373.19525,557.19446,371.66125
0.24,0.06,0.0,812.40967,372.47006,617.0268,371.58524
0.27,0.06,0.0,871.85016,371.7723,676.80884,371.48062
0.0,0.09,0.0,335.73624,437.402,142.55473,431.7292
0.03,0.09,0.0,395.06244,436.59024,199.9972,431.5033
0.06,0.09,0.0,454.64236,435.7303,258.1567,431.17987
0.09,0.09,0.0,514.42816,434.93845,317.18414,431.02368
0.12,0.09,0.0,574.35236,434.22824,376.7561,430.90915
0.15,0.09,0.0,634.2528,433.45654,436.63812,430.7993
0.18,0.09,0.0,694.1979,432.64178,496.70206,430.6515
0.21,0.09,0.0,754.1802,431.85107,556.8495,430.557
0.24,0.09,0.0,814.0933,431.17645,617.00183,430.5467
0.27,0.09,0.0,873.90796,430.3903,677.1198,430.40698
0.0,0.12,0.0,334.7077,496.58792,139.91835,490.50305
0.03,0.12,0.0,394.38898,495.90704,197.71716,490.5227
0.06,0.12,0.0,454.2372,495.0712,256.08374,490.42578
0.09,0.12,0.0,514.4138,494.30133,315.44513,490.39078
0.12,0.12,0.0,574.6406,493.60532,375.42575,490.401
0.15,0.12,0.0,634.89386,492.85117,435.62534,490.36176
0.18,0.12,0.0,695.1964,492.05133,496.0355,490.22995
0.21,0.12,0.0,755.49335,491.23978,556.4718,490.13278
0.24,0.12,0.0,815.71405,490.55228,616.9683,490.1182
0.27,0.12,0.0,875.913,489.70502,677.37244,489.95407
0.0,0.15,0.0,333.8084,556.4353,137.60352,549.8599
0.03,0.15,0.0,393.7567,555.79736,195.58902,550.1402
0.06,0.15,0.0,453.9315,555.07434,254.24529,550.2917
0.09,0.15,0.0,514.40967,554.3587,313.87158,550.43286
0.12,0.15,0.0,574.9768,553.6382,374.1171,550.5131
0.15,0.15,0.0,635.56,552.8973,434.61667,550.55524
0.18,0.15,0.0,696.1768,552.09906,495.3329,550.4654
0.21,0.15,0.0,756.8066,551.2956,556.1013,550.35095
0.24,0.15,0.0,817.3772,550.5597,616.9144,550.2948
0.27,0.15,0.0,877.8258,549.7143,677.6551,550.1478
0.0,0.18,0.0,333.03745,616.8411,135.60176,609.7296
0.03,0.18,0.0,393.1502,616.35095,193.61595,610.2931
0.06,0.18,0.0,453.6747,615.70667,252.61926,610.703
0.09,0.18,0.0,514.4571,615.0443,312.47745,611.0118
0.12,0.18,0.0,575.29364,614.3086,372.88477,611.2093
0.15,0.18,0.0,636.2143,613.58594,433.6534,611.3077
0.18,0.18,0.0,697.16437,612.8068,494.64667,611.32355
0.21,0.18,0.0,758.1279,611.9953,555.71075,611.2392
0.24,0.18,0.0,819.00244,611.23065,616.84546,611.1297
0.27,0.18,0.0,879.74347,610.3809,677.9213,611.0331
0.0,0.21,0.0,332.4293,677.7448,133.79993,669.9462
0.03,0.21,0.0,392.71292,677.39374,191.98239,670.845
0.06,0.21,0.0,453.507,676.8996,251.23145,671.54663
0.09,0.21,0.0,514.54193,676.26465,311.2178,672.08844
0.12,0.21,0.0,575.63776,675.5686,371.775,672.42303
0.15,0.21,0.0,636.89496,674.8618,432.7418,672.63434
0.18,0.21,0.0,698.16315,674.1164,494.0074,672.7122
0.21,0.21,0.0,759.41516,673.3004,555.3437,672.7014
0.24,0.21,0.0,820.58685,672.4728,616.764,672.61554
0.27,0.21,0.0,881.57434,671.5395,678.1752,672.53357
0.0,0.24,0.0,331.93573,739.0475,132.379,730.444
0.03,0.24,0.0,392.42792,738.8741,190.68034,731.69604
0.06,0.24,0.0,453.48004,738.5204,250.08653,732.6938
0.09,0.24,0.0,514.6982,738.0113,310.15152,733.4543
0.12,0.24,0.0,576.0234,737.4372,370.7234,734.0229
0.15,0.24,0.0,637.54395,736.74207,431.9568,734.36145
0.18,0.24,0.0,699.11365,735.98334,493.39243,734.5707
0.21,0.24,0.0,760.66376,735.1793,554.9916,734.69214
0.24,0.24,0.0,822.0662,734.2176,616.69586,734.6196
0.27,0.24,0.0,883.27686,733.1549,678.39935,734.50806
0.0,0.27,0.0,331.73935,800.53546,131.32016,791.01294
0.03,0.27,0.0,392.35138,800.61145,189.70052,792.6509
0.06,0.27,0.0,453.56683,800.40466,249.22554,793.969
0.09,0.27,0.0,514.9612,800.0582,309.28534,794.9919
0.12,0.27,0.0,576.47614,799.63,369.88638,795.8729
0.15,0.27,0.0,638.2518,798.9491,431.2835,796.3766
0.18,0.27,0.0,700.0599,798.1515,492.91315,796.7065
0.21,0.27,0.0,761.84314,797.30865,554.6824,796.9524
0.24,0.27,0.0,823.42365,796.2082,616.6447,796.92993
0.27,0.27,0.0,884.8186,795.00616,678.5916,796.81647
0.0,0.0,0.0,324.5276,252.82251,129.19989,248.60983
0.03,0.0,0.0,385.10068,251.29506,187.62836,247.18575
0.06,0.0,0.0,446.18103,249.95285,247.0163,245.98123
0.09,0.0,0.0,507.5898,248.78378,307.2671,244.99733
0.12,0.0,0.0,569.23486,247.73799,368.27914,244.22997
0.15,0.0,0.0,630.9614,246.75246,429.734,243.64342
0.18,0.0,0.0,692.80225,245.88396,491.52344,243.23657
0.21,0.0,0.0,754.62744,245.07692,553.4737,242.91794
0.24,0.0,0.0,816.35095,244.40009,615.5512,242.71664
0.27,0.0,0.0,877.93567,243.8522,677.6844,242.59476
0.0,0.03,0.0,326.34457,314.23364,130.6331,309.4157
0.03,0.03,0.0,386.82404,312.93002,189.00153,308.37256
0.06,0.03,0.0,447.747,311.75745,248.37288,307.48502
0.09,0.03,0.0,509.0071,310.71558,308.52466,306.77188
0.12,0.03,0.0,570.4037,309.7447,369.38846,306.243
0.15,0.03,0.0,631.9042,308.8371,430.704,305.82358
0.18,0.03,0.0,693.4779,307.9662,492.30304,305.5208
0.21,0.03,0.0,755.0749,307.15234,554.0335,305.3203
0.24,0.03,0.0,816.6356,306.38733,615.8751,305.17566
0.27,0.03,0.0,878.04315,305.75885,677.7428,305.0566
0.0,0.06,0.0,328.3357,375.331,132.38736,370.05884
0.03,0.06,0.0,388.65802,374.22574,190.66907,369.3531
0.06,0.06,0.0,449.44153,373.19635,249.92227,368.7756
0.09,0.06,0.0,510.44095,372.25638,309.97177,368.2814
0.12,0.06,0.0,571.5806,371.35095,370.65536,367.91354
0.15,0.06,0.0,632.86615,370.46988,431.76077,367.63712
0.18,0.06,0.0,694.1437,369.63074,493.1622,367.46243
0.21,0.06,0.0,755.4941,368.79944,554.6463,367.30518
0.24,0.06,0.0,816.8095,368.02777,616.192,367.17963
0.27,0.06,0.0,878.00824,367.32697,677.72565,367.0437
0.0,0.09,0.0,330.44943,436.04858,134.46593,430.34656
0.03,0.09,0.0,390.64645,435.0653,192.64566,429.93433
0.06,0.09,0.0,451.15363,434.17673,251.63217,429.614
0.09,0.09,0.0,511.9339,433.3034,311.53992,429.3569
0.12,0.09,0.0,572.86053,432.42706,372.0339,429.08987
0.15,0.09,0.0,633.78644,431.5654,432.9333,428.92896
0.18,0.09,0.0,694.8072,430.757,494.0318,428.82504
0.21,0.09,0.0,755.8784,429.96,555.24805,428.6995
0.24,0.09,0.0,816.89307,429.14786,616.49255,428.57892
0.27,0.09,0.0,877.85315,428.40817,677.6915,428.4878
0.0,0.12,0.0,332.75027,496.30997,136.88763,490.1559
0.03,0.12,0.0,392.72375,495.4167,194.92345,490.02414
0.06,0.12,0.0,452.89313,494.6476,253.5861,489.99225
0.09,0.12,0.0,513.4429,493.8025,313.23633,489.88416
0.12,0.12,0.0,574.084,492.91476,373.5124,489.69864
0.15,0.12,0.0,634.73193,492.104,434.1453,489.61435
0.18,0.12,0.0,695.4438,491.35062,494.92532,489.56644
0.21,0.12,0.0,756.2372,490.56757,555.84283,489.50244
0.24,0.12,0.0,816.94745,489.7306,616.7734,489.35147
0.27,0.12,0.0,877.65454,489.0074,677.6533,489.27194
0.0,0.15,0.0,335.21436,555.89984,139.64233,549.3992
0.03,0.15,0.0,394.831,555.1673,197.33028,549.5194
0.06,0.15,0.0,454.722,554.5232,255.71239,549.7646
0.09,0.15,0.0,514.96265,553.7064,315.08035,549.79333
0.12,0.15,0.0,575.2899,552.8397,375.0587,549.7303
0.15,0.15,0.0,635.6404,552.0602,435.35202,549.71387
0.18,0.15,0.0,696.08124,551.3303,495.84235,549.6645
0.21,0.15,0.0,756.5628,550.632,556.4002,549.66626
0.24,0.15,0.0,816.9739,549.76953,617.0304,549.4971
0.27,0.15,0.0,877.37604,548.9996,677.5898,549.4225
0.0,0.18,0.0,337.74927,614.8984,142.69708,607.9042
0.03,0.18,0.0,396.9696,614.36115,199.9195,608.37445
0.06,0.18,0.0,456.5955,613.7323,258.11395,608.79956
0.09,0.18,0.0,516.4915,612.9586,317.1209,609.00525
0.12,0.18,0.0,576.48663,612.2085,376.63977,609.1251
0.15,0.18,0.0,636.549,611.4406,436.5915,609.15576
0.18,0.18,0.0,696.67725,610.72943,496.72488,609.2142
0.21,0.18,0.0,756.8505,610.0321,556.97076,609.2142
0.24,0.18,0.0,816.99976,609.2363,617.26904,609.07916
0.27,0.18,0.0,877.01935,608.3827,677.5556,608.96857
0.0,0.21,0.0,340.38425,673.2211,145.9104,665.70764
0.03,0.21,0.0,399.21774,672.8319,202.78586,666.5297
0.06,0.21,0.0,458.50735,672.2358,260.65576,667.00085
0.09,0.21,0.0,518.069,671.5714,319.25174,667.4185
0.12,0.21,0.0,577.68567,670.98505,378.30453,667.7866
0.15,0.21,0.0,637.45526,670.18994,437.8823,667.8826
0.18,0.21,0.0,697.2802,669.4646,497.65155,667.9851
0.21,0.21,0.0,757.1078,668.79663,557.54517,668.0443
0.24,0.21,0.0,816.94086,667.97626,617.5122,668.0
0.27,0.21,0.0,876.5856,667.09875,677.4755,667.90356
0.0,0.24,0.0,343.14792,730.7791,149.36755,722.6576
0.03,0.24,0.0,401.56937,730.5781,205.86049,723.7061
0.06,0.24,0.0,460.52097,729.9764,263.38562,724.3976
0.09,0.24,0.0,519.64813,729.5019,321.47952,725.0686
0.12,0.24,0.0,578.91327,729.07404,380.03592,725.69653
0.15,0.24,0.0,638.35156,728.25616,439.2398,725.86884
0.18,0.24,0.0,697.8405,727.5162,498.62247,726.0212
0.21,0.24,0.0,757.3425,726.9042,558.1268,726.2504
0.24,0.24,0.0,816.7649,725.9791,617.74194,726.15424
0.27,0.24,0.0,876.0478,725.02924,677.38904,726.0904
0.0,0.27,0.0,346.0287,787.44434,153.09502,778.6741
0.03,0.27,0.0,404.07495,787.34,209.21292,779.95154
0.06,0.27,0.0,462.6071,786.8619,266.32178,780.77374
0.09,0.27,0.0,521.31744,786.49896,323.91605,781.70416
0.12,0.27,0.0,580.19995,786.3687,381.9146,782.7243
0.15,0.27,0.0,639.2612,785.5009,440.69873,782.92706
0.18,0.27,0.0,698.3795,784.75146,499.64896,783.18256
0.21,0.27,0.0,757.5223,784.23755,558.72437,783.5916
0.24,0.27,0.0,816.49243,783.08435,617.97784,783.41
0.27,0.27,0.0,875.3655,782.1251,677.275,783.462
0.0,0.0,0.0,470.67773,143.07588,273.4644,139.46115
0.03,0.0,0.0,531.96075,144.33109,334.81143,140.73688
0.06,0.0,0.0,592.69293,145.77066,396.01935,142.35062
0.09,0.0,0.0,652.84015,147.36362,456.97507,144.19144
0.12,0.0,0.0,712.31195,149.087,517.49347,146.22981
0.15,0.0,0.0,770.9934,150.97726,577.45447,148.45662
0.18,0.0,0.0,828.85944,153.0172,636.7731,150.76141
0.21,0.0,0.0,885.8148,155.19514,695.35986,153.2154
0.24,0.0,0.0,941.77,157.53374,753.20807,155.72403
0.27,0.0,0.0,996.65765,160.08199,810.2504,158.35684
0.0,0.03,0.0,470.5295,203.54616,271.94205,199.67691
0.03,0.03,0.0,532.021,204.60625,333.56168,200.85896
0.06,0.03,0.0,592.9308,205.77663,395.04745,202.32588
0.09,0.03,0.0,653.20483,207.07834,456.2199,204.01706
0.12,0.03,0.0,712.83215,208.45036,516.93317,205.85786
0.15,0.03,0.0,771.6465,209.94772,577.0393,207.7895
0.18,0.03,0.0,829.7005,211.49954,636.5044,209.80768
0.21,0.03,0.0,886.8805,213.21571,695.2193,211.87418
0.24,0.03,0.0,943.0376,215.04103,753.20056,214.00288
0.27,0.03,0.0,998.13904,217.0682,810.3721,216.19722
0.0,0.06,0.0,470.56342,264.60376,270.6243,260.4489
0.03,0.06,0.0,532.1822,265.41354,332.49918,261.56644
0.06,0.06,0.0,593.23706,266.3118,394.24677,262.8822
0.09,0.06,0.0,653.6125,267.28885,455.58887,264.3353
0.12,0.06,0.0,713.30927,268.33557,516.4442,265.92184
0.15,0.06,0.0,772.2217,269.37625,576.6557,267.55447
0.18,0.06,0.0,830.4367,270.48016,636.2201,269.2462
0.21,0.06,0.0,887.73145,271.7032,695.03864,270.9462
0.24,0.06,0.0,944.077,273.09506,753.11957,272.69794
0.27,0.06,0.0,999.36224,274.5813,810.37286,274.4358
0.0,0.09,0.0,470.6812,326.0023,269.5619,321.66168
0.03,0.09,0.0,532.41156,326.57593,331.69583,322.6696
0.06,0.09,0.0,593.5635,327.13943,393.5939,323.71906
0.09,0.09,0.0,654.0011,327.75256,455.09424,324.9451
0.12,0.09,0.0,713.70056,328.441,516.0314,326.28955
0.15,0.09,0.0,772.71454,329.10025,576.33295,327.62625
0.18,0.09,0.0,831.03284,329.8116,635.97174,328.94812
0.21,0.09,0.0,888.5078,330.564,694.8291,330.27698
0.24,0.09,0.0,944.9096,331.4985,752.887,331.64133
0.27,0.09,0.0,1000.40125,332.47284,810.293,332.94864
0.0,0.12,0.0,470.8957,387.6643,268.7926,383.2372
0.03,0.12,0.0,532.6938,387.93365,331.0479,384.05746
0.06,0.12,0.0,593.92035,388.14636,393.05008,384.86423
0.09,0.12,0.0,654.3855,388.4042,454.689,385.81384
0.12,0.12,0.0,714.11365,388.7218,515.6769,386.81686
0.15,0.12,0.0,773.11505,389.01147,576.00836,387.8451
0.18,0.12,0.0,831.5435,389.33914,635.6628,388.7842
0.21,0.12,0.0,889.1758,389.6821,694.6151,389.72238
0.24,0.12,0.0,945.55316,390.1837,752.6083,390.71997
0.27,0.12,0.0,1001.2065,390.62683,810.0849,391.659
0.0,0.15,0.0,471.19504,449.44495,268.2176,444.95044
0.03,0.15,0.0,533.0357,449.3597,330.55908,445.54465
0.06,0.15,0.0,594.2786,449.252,392.6382,446.1253
0.09,0.15,0.0,654.7404,449.15964,454.31525,446.74503
0.12,0.15,0.0,714.47906,449.11096,515.35706,447.3988
0.15,0.15,0.0,773.5408,449.0585,575.69324,448.06522
0.18,0.15,0.0,832.00073,448.986,635.3341,448.6531
0.21,0.15,0.0,889.7091,448.9215,694.30365,449.25128
0.24,0.15,0.0,946.1534,448.9389,752.3304,449.8448
0.27,0.15,0.0,1001.82184,448.98212,809.7984,450.40222
0.0,0.18,0.0,471.50406,511.26675,267.84714,506.799
0.03,0.18,0.0,533.39124,510.8083,330.16522,507.09067
0.06,0.18,0.0,594.59717,510.4013,392.2725,507.40955
0.09,0.18,0.0,655.076,509.96478,453.95844,507.7425
0.12,0.18,0.0,714.8941,509.52618,515.0396,507.99063
0.15,0.18,0.0,773.94446,509.10544,575.36945,508.28433
0.18,0.18,0.0,832.3742,508.6855,635.0119,508.5174
0.21,0.18,0.0,890.06036,508.2861,693.93,508.7419
0.24,0.18,0.0,946.7134,507.8848,752.06445,508.9496
0.27,0.18,0.0,1002.23785,507.44205,809.4918,509.15878
0.0,0.21,0.0,471.89874,573.1461,267.61597,568.5625
0.03,0.21,0.0,533.7625,572.3479,329.9344,568.688
0.06,0.21,0.0,594.9256,571.56146,392.02386,568.7072
0.09,0.21,0.0,655.4276,570.7508,453.6366,568.6769
0.12,0.21,0.0,715.27637,569.98676,514.7188,568.6084
0.15,0.21,0.0,774.3092,569.1816,575.0752,568.4695
0.18,0.21,0.0,832.716,568.3729,634.66675,568.33246
0.21,0.21,0.0,890.3953,567.6027,693.59015,568.2456
0.24,0.21,0.0,946.9981,566.76105,751.76587,568.1007
0.27,0.21,0.0,1002.5883,565.89636,809.1755,567.97205
0.0,0.24,0.0,472.2923,635.00085,267.57202,630.2798
0.03,0.24,0.0,534.15985,633.90424,329.8144,630.19305
0.06,0.24,0.0,595.2901,632.6797,391.80142,629.90393
0.09,0.24,0.0,655.7851,631.5506,453.3552,629.58386
0.12,0.24,0.0,715.70856,630.46844,514.41144,629.2344
0.15,0.24,0.0,774.6866,629.25616,574.6929,628.68634
0.18,0.24,0.0,833.0299,628.09235,634.31415,628.19775
0.21,0.24,0.0,890.68536,626.9225,693.28705,627.7698
0.24,0.24,0.0,947.17944,625.6145,751.39514,627.239
0.27,0.24,0.0,1002.70416,624.2927,808.8229,626.7158
0.0,0.27,0.0,472.8028,696.808,267.7799,691.75586
0.03,0.27,0.0,534.5638,695.3438,329.84055,691.4545
0.06,0.27,0.0,595.6269,693.7159,391.72156,690.8745
0.09,0.27,0.0,656.14276,692.2644,453.1618,690.2863
0.12,0.27,0.0,716.1075,690.9096,514.16095,689.72296
0.15,0.27,0.0,774.9872,689.24445,574.3705,688.82434
0.18,0.27,0.0,833.26013,687.6672,633.9605,687.9848
0.21,0.27,0.0,890.9403,686.1119,692.9708,687.248
0.24,0.27,0.0,947.1445,684.2861,750.9588,686.2422
0.27,0.27,0.0,1002.6472,682.47107,808.42035,685.37085
0.0,0.0,0.0,475.38977,164.37769,286.7755,160.78864
0.03,0.0,0.0,533.6932,163.27031,344.20084,159.74875
0.06,0.0,0.0,592.077,162.3038,402.08688,158.95964
0.09,0.0,0.0,650.61,161.46613,460.38583,158.36601
0.12,0.0,0.0,709.13727,160.78445,518.9585,157.94984
0.15,0.0,0.0,767.6041,160.24904,577.6429,157.69447
0.18,0.0,0.0,825.9032,159.86646,636.3865,157.57666
0.21,0.0,0.0,883.98236,159.68102,695.14264,157.5806
0.24,0.0,0.0,941.63794,159.69978,753.79333,157.67754
0.27,0.0,0.0,998.8291,159.9391,812.29834,157.92374
0.0,0.03,0.0,474.8028,220.16241,284.0326,216.33594
0.03,0.03,0.0,533.4961,219.14943,341.9892,215.51244
0.06,0.03,0.0,592.4115,218.2518,400.38733,214.87563
0.09,0.03,0.0,651.3405,217.47313,459.2053,214.45224
0.12,0.03,0.0,710.29724,216.75768,518.19055,214.16692
0.15,0.03,0.0,769.2122,216.12018,577.3152,213.94614
0.18,0.03,0.0,827.9862,215.64218,636.50946,213.84042
0.21,0.03,0.0,886.5459,215.28874,695.66016,213.83144
0.24,0.03,0.0,944.7244,215.12292,754.7452,213.88322
0.27,0.03,0.0,1002.4275,215.17079,813.7115,213.99966
0.0,0.06,0.0,474.30173,276.96176,281.48727,272.91965
0.03,0.06,0.0,533.44434,276.0503,339.87958,272.29996
0.06,0.06,0.0,592.7262,275.19235,398.81378,271.84125
0.09,0.06,0.0,652.0765,274.40952,458.03503,271.53058
0.12,0.06,0.0,711.44135,273.7267,517.52655,271.34506
0.15,0.06,0.0,770.74677,273.02243,577.0375,271.2007
0.18,0.06,0.0,829.96185,272.4056,636.59906,271.07846
0.21,0.06,0.0,889.00085,271.93497,696.16345,271.006
0.24,0.06,0.0,947.6452,271.6078,755.6624,271.03867
0.27,0.06,0.0,1005.82855,271.4416,815.011,271.0742
0.0,0.09,0.0,473.86328,334.61673,279.07437,330.409
0.03,0.09,0.0,533.4553,333.8492,338.01508,330.03848
0.06,0.09,0.0,593.12146,332.94852,397.31656,329.65546
0.09,0.09,0.0,652.81836,332.18768,457.002,329.43765
0.12,0.09,0.0,712.5301,331.506,516.8695,329.3897
0.15,0.09,0.0,772.22974,330.80048,576.7982,329.32175
0.18,0.09,0.0,831.86774,330.04846,636.68365,329.13675
0.21,0.09,0.0,891.3511,329.44128,696.61847,329.05652
0.24,0.09,0.0,950.39734,329.04807,756.4673,329.0851
0.27,0.09,0.0,1009.04004,328.6325,816.2194,328.9986
0.0,0.12,0.0,473.5219,393.12128,276.90088,388.79138
0.03,0.12,0.0,533.53186,392.4134,336.25204,388.62057
0.06,0.12,0.0,593.5072,391.4762,395.91946,388.29257
0.09,0.12,0.0,653.5802,390.732,456.0326,388.16006
0.12,0.12,0.0,713.6164,390.07272,516.3176,388.18774
0.15,0.12,0.0,773.66095,389.34488,576.56464,388.15564
0.18,0.12,0.0,833.7107,388.55905,636.8,387.97412
0.21,0.12,0.0,893.61176,387.80283,697.06445,387.82254
0.24,0.12,0.0,953.05273,387.34714,757.21594,387.84857
0.27,0.12,0.0,1012.1424,386.74332,817.3663,387.67938
0.0,0.15,0.0,473.26248,452.35623,274.86673,447.9696
0.03,0.15,0.0,533.6019,451.63144,334.59866,447.88815
0.06,0.15,0.0,593.9354,450.7485,394.61703,447.69867
0.09,0.15,0.0,654.3278,450.0201,455.0813,447.62253
0.12,0.15,0.0,714.7226,449.33023,515.7267,447.63797
0.15,0.15,0.0,775.1075,448.5859,576.31976,447.61304
0.18,0.15,0.0,835.52216,447.78665,636.88275,447.4614
0.21,0.15,0.0,895.7899,446.97586,697.4792,447.3006
0.24,0.15,0.0,955.6022,446.39496,757.9401,447.263
0.27,0.15,0.0,1015.03516,445.70438,818.43713,447.10678
0.0,0.18,0.0,473.02417,512.2924,272.9852,507.82938
0.03,0.18,0.0,533.67084,511.51718,332.9411,507.8209
0.06,0.18,0.0,594.36816,510.73492,393.40167,507.795
0.09,0.18,0.0,655.0952,510.0118,454.19034,507.79465
0.12,0.18,0.0,715.8334,509.25095,515.1308,507.72998
0.15,0.18,0.0,776.527,508.5004,576.0612,507.69586
0.18,0.18,0.0,837.2733,507.72003,636.9887,507.58243
0.21,0.18,0.0,897.884,506.879,697.846,507.42926
0.24,0.18,0.0,958.0931,506.1209,758.62476,507.33002
0.27,0.18,0.0,1017.7663,505.35703,819.49963,507.21964
0.0,0.21,0.0,472.77533,572.8265,271.24762,568.2873
0.03,0.21,0.0,533.7687,572.0666,331.45566,568.42145
0.06,0.21,0.0,594.8094,571.3559,392.2442,568.54236
0.09,0.21,0.0,655.84985,570.6145,453.33514,568.5449
0.12,0.21,0.0,716.9414,569.8171,514.5058,568.4596
0.15,0.21,0.0,778.006,569.0684,575.7741,568.4208
0.18,0.21,0.0,839.0307,568.2836,637.0164,568.30194
0.21,0.21,0.0,899.90466,567.4336,698.2184,568.1691
0.24,0.21,0.0,960.43243,566.55505,759.3678,568.0819
0.27,0.21,0.0,1020.4116,565.6102,820.52966,567.9438
0.0,0.24,0.0,472.54288,634.016,269.6103,629.2713
0.03,0.24,0.0,533.88965,633.33685,330.08313,629.5837
0.06,0.24,0.0,595.27673,632.6102,391.17612,629.81537
0.09,0.24,0.0,656.6458,631.88104,452.46686,629.8824
0.12,0.24,0.0,718.0703,631.08026,513.8668,629.8633
0.15,0.24,0.0,779.41425,630.3294,575.4816,629.8101
0.18,0.24,0.0,840.7312,629.477,637.03674,629.7202
0.21,0.24,0.0,901.9115,628.5543,698.59973,629.60126
0.24,0.24,0.0,962.63574,627.5437,760.0893,629.4903
0.27,0.24,0.0,1022.8536,626.39905,821.4838,629.27515
0.0,0.27,0.0,472.45572,695.781,268.21286,690.638
0.03,0.27,0.0,534.0588,695.16376,328.89056,691.20667
0.06,0.27,0.0,595.7343,694.47186,390.22296,691.55884
0.09,0.27,0.0,657.43005,693.7255,451.6442,691.7246
0.12,0.27,0.0,719.1814,692.9458,513.2757,691.82294
0.15,0.27,0.0,780.825,692.12195,575.22797,691.8142
0.18,0.27,0.0,842.3654,691.2059,637.0916,691.7049
0.21,0.27,0.0,903.8388,690.18384,698.9494,691.5855
0.24,0.27,0.0,964.62866,688.9804,760.718,691.3827
0.27,0.27,0.0,1025.0764,687.64496,822.41235,691.1004
0.0,0.0,0.0,466.62732,147.93723,269.86722,144.50172
0.03,0.0,0.0,527.6017,146.56105,329.78012,143.15208
0.06,0.0,0.0,588.80835,145.38898,390.31915,142.0655
0.09,0.0,0.0,650.1597,144.37985,451.32886,141.20242
0.12,0.0,0.0,711.5254,143.56616,512.6851,140.58574
0.15,0.0,0.0,772.82965,142.91412,574.2244,140.18
0.18,0.0,0.0,833.99774,142.48344,635.87616,139.9573
0.21,0.0,0.0,894.883,142.27264,697.553,139.86139
0.24,0.0,0.0,955.3041,142.3613,759.127,139.92996
0.27,0.0,0.0,1015.15356,142.72769,820.55505,140.18602
0.0,0.03,0.0,467.87756,209.28644,270.6686,205.52013
0.03,0.03,0.0,528.7853,208.05019,330.58328,204.45872
0.06,0.03,0.0,589.8595,206.9768,391.0845,203.63579
0.09,0.03,0.0,651.01917,206.02315,452.01788,202.988
0.12,0.03,0.0,712.2238,205.18805,513.2551,202.51239
0.15,0.03,0.0,773.38904,204.4646,574.63354,202.21321
0.18,0.03,0.0,834.4584,203.896,636.1265,202.00195
0.21,0.03,0.0,895.2755,203.52448,697.5748,201.907
0.24,0.03,0.0,955.6599,203.34386,758.9767,201.90054
0.27,0.03,0.0,1015.5341,203.48546,820.32684,202.06534
0.0,0.06,0.0,469.30087,270.54086,271.76877,266.5287
0.03,0.06,0.0,530.0323,269.45734,331.58438,265.71912
0.06,0.06,0.0,590.90643,268.48492,392.01343,265.11832
0.09,0.06,0.0,651.8607,267.55762,452.80756,264.6579
0.12,0.06,0.0,712.8801,266.73672,513.90607,264.30325
0.15,0.06,0.0,773.85,265.95203,575.0904,264.08975
0.18,0.06,0.0,834.7783,265.2764,636.3367,263.8894
0.21,0.06,0.0,895.45325,264.7545,697.60724,263.78848
0.24,0.06,0.0,955.81134,264.3953,758.8094,263.7602
0.27,0.06,0.0,1015.57715,264.26007,819.9084,263.76974
0.0,0.09,0.0,470.78387,331.54337,273.05624,327.36307
0.03,0.09,0.0,531.392,330.5761,332.88278,326.75424
0.06,0.09,0.0,592.03,329.64655,393.07663,326.32715
0.09,0.09,0.0,652.7117,328.70578,453.70102,326.01047
0.12,0.09,0.0,713.4612,327.87878,514.6242,325.78568
0.15,0.09,0.0,774.2284,327.11096,575.5624,325.576
0.18,0.09,0.0,834.92834,326.39694,636.55853,325.45108
0.21,0.09,0.0,895.50183,325.7714,697.5371,325.3712
0.24,0.09,0.0,955.63293,325.263,758.4963,325.24185
0.27,0.09,0.0,1015.37445,324.90747,819.40247,325.20142
0.0,0.12,0.0,472.43362,392.1384,274.6395,387.83942
0.03,0.12,0.0,532.76746,391.23355,334.32953,387.4578
0.06,0.12,0.0,593.13477,390.4,394.3089,387.19632
0.09,0.12,0.0,653.5517,389.54233,454.72314,386.96826
0.12,0.12,0.0,714.01556,388.66452,515.4085,386.74896
0.15,0.12,0.0,774.49274,387.8488,576.06885,386.6162
0.18,0.12,0.0,835.00134,387.1162,636.75684,386.51575
0.21,0.12,0.0,895.38043,386.4207,697.4775,386.44336
0.24,0.12,0.0,955.3167,385.7736,758.10016,386.2785
0.27,0.12,0.0,1014.88025,385.25952,818.75854,386.18588
0.0,0.15,0.0,474.10437,452.247,276.4154,447.8904
0.03,0.15,0.0,534.1379,451.39407,335.87402,447.6589
0.06,0.15,0.0,594.21,450.59183,395.6137,447.51755
0.09,0.15,0.0,654.3875,449.75873,455.8133,447.38068
0.12,0.15,0.0,714.57043,448.89392,516.2087,447.19724
0.15,0.15,0.0,774.76215,448.08908,576.5803,447.09027
0.18,0.15,0.0,835.0081,447.3332,636.9672,446.992
0.21,0.15,0.0,895.1564,446.6092,697.33984,446.91238
0.24,0.15,0.0,954.8628,445.84583,757.68744,446.73468
0.27,0.15,0.0,1014.21497,445.22797,818.0363,446.62244
0.0,0.18,0.0,475.7681,511.79422,278.3746,507.39026
0.03,0.18,0.0,535.5237,511.0126,337.43677,507.34286
0.06,0.18,0.0,595.33264,510.2319,397.03375,507.26886
0.09,0.18,0.0,655.20184,509.372,456.9332,507.13873
0.12,0.18,0.0,715.11816,508.57077,516.9719,507.03424
0.15,0.18,0.0,774.9978,507.77515,577.0713,506.9057
0.18,0.18,0.0,834.944,507.02466,637.1182,506.82776
0.21,0.18,0.0,894.7836,506.27457,697.18726,506.73746
0.24,0.18,0.0,954.3215,505.4852,757.243,506.6035
0.27,0.18,0.0,1013.3253,504.69073,817.3034,506.47775
0.0,0.21,0.0,477.4694,570.8045,280.42297,566.3223
0.03,0.21,0.0,536.8771,570.0309,339.16678,566.4032
0.06,0.21,0.0,596.4345,569.2184,398.49066,566.3779
0.09,0.21,0.0,656.01666,568.40985,458.03775,566.3107
0.12,0.21,0.0,715.6142,567.6746,517.72675,566.2745
0.15,0.21,0.0,775.2397,566.8669,577.5194,566.0937
0.18,0.21,0.0,834.8616,566.0936,637.2872,566.0109
0.21,0.21,0.0,894.4064,565.3507,697.05566,565.94867
0.24,0.21,0.0,953.61395,564.47107,756.80536,565.8638
0.27,0.21,0.0,1012.34314,563.57367,816.52484,565.7122
0.0,0.24,0.0,479.17297,629.20624,282.57953,624.5574
0.03,0.24,0.0,538.2998,628.5252,340.96902,624.79816
0.06,0.24,0.0,597.5519,627.64453,399.98303,624.8
0.09,0.24,0.0,656.8195,626.8908,459.14142,624.8443
0.12,0.24,0.0,716.12604,626.2664,518.4639,624.9458
0.15,0.24,0.0,775.43146,625.3698,577.9523,624.74475
0.18,0.24,0.0,834.701,624.56415,637.41504,624.6232
0.21,0.24,0.0,893.93097,623.8365,696.8807,624.675
0.24,0.24,0.0,952.7545,622.8412,756.34064,624.4729
0.27,0.24,0.0,1011.1349,621.8184,815.7147,624.3292
0.0,0.27,0.0,480.88123,687.0293,284.84225,682.1093
0.03,0.27,0.0,539.6919,686.3085,342.9306,682.45105
0.06,0.27,0.0,598.64813,685.3846,401.5691,682.4727
0.09,0.27,0.0,657.59515,684.7037,460.32834,682.6153
0.12,0.27,0.0,716.6405,684.21497,519.23285,682.9659
0.15,0.27,0.0,775.58997,683.2294,578.3921,682.69794
0.18,0.27,0.0,834.51807,682.3963,637.55383,682.6183
0.21,0.27,0.0,893.40576,681.65424,696.71094,682.7285
0.24,0.27,0.0,951.744,680.42175,755.793,682.3807
0.27,0.27,0.0,1009.805,679.33453,814.8908,682.2674
0.0,0.0,0.0,614.2586,259.11206,422.31467,255.98143
0.03,0.0,0.0,672.40826,256.43008,479.3224,253.73036
0.06,0.0,0.0,731.2957,253.78358,537.1396,251.55737
0.09,0.0,0.0,790.7867,251.21147,595.80005,249.4327
0.12,0.0,0.0,850.9348,248.70181,655.2036,247.36726
0.15,0.0,0.0,911.4929,246.36368,715.3284,245.28189
0.18,0.0,0.0,972.3928,244.19972,776.12646,243.29451
0.21,0.0,0.0,1033.3677,242.21587,837.5095,241.35284
0.24,0.0,0.0,1094.2583,240.5181,899.3889,239.57904
0.27,0.0,0.0,1154.8145,239.07256,961.5898,237.93246
0.0,0.03,0.0,615.4105,317.62384,422.54218,314.54523
0.03,0.03,0.0,673.6239,315.3029,479.6654,312.75317
0.06,0.03,0.0,732.55096,312.9844,537.6159,311.01447
0.09,0.03,0.0,792.2104,310.71783,596.34985,309.3165
0.12,0.03,0.0,852.47766,308.51807,655.80994,307.6227
0.15,0.03,0.0,913.2017,306.3596,715.98566,305.9124
0.18,0.03,0.0,974.3094,304.37448,776.8738,304.22397
0.21,0.03,0.0,1035.5089,302.5363,838.3916,302.56464
0.24,0.03,0.0,1096.6458,300.9194,900.4219,301.01178
0.27,0.03,0.0,1157.4852,299.50934,962.8619,299.56268
0.0,0.06,0.0,616.5461,376.3235,422.87924,373.36328
0.03,0.06,0.0,674.82495,374.38254,480.07596,372.0245
0.06,0.06,0.0,733.8377,372.41605,538.1339,370.70245
0.09,0.06,0.0,793.52216,370.46085,596.892,369.3911
0.12,0.06,0.0,853.8793,368.55643,656.4185,368.05933
0.15,0.06,0.0,914.76715,366.6985,716.61035,366.7102
0.18,0.06,0.0,975.99927,364.89468,777.5493,365.33862
0.21,0.06,0.0,1037.3912,363.25122,839.1455,363.99774
0.24,0.06,0.0,1098.7028,361.6831,901.3289,362.7238
0.27,0.06,0.0,1159.7037,360.30435,963.8478,361.50854
0.0,0.09,0.0,617.69916,435.0812,423.2509,432.27838
0.03,0.09,0.0,676.0378,433.51245,480.6177,431.36243
0.06,0.09,0.0,735.03784,431.88913,538.61194,430.4084
0.09,0.09,0.0,794.7898,430.32965,597.42633,429.4796
0.12,0.09,0.0,855.22504,428.73932,656.96155,428.55212
0.15,0.09,0.0,916.18024,427.1826,717.1802,427.58084
0.18,0.09,0.0,977.5305,425.62442,778.13116,426.56168
0.21,0.09,0.0,1039.064,424.1641,839.8027,425.55487
0.24,0.09,0.0,1100.4253,422.7976,902.03955,424.6017
0.27,0.09,0.0,1161.599,421.47443,964.6974,423.6498
0.0,0.12,0.0,618.85376,493.94348,423.72897,491.27203
0.03,0.12,0.0,677.25116,492.73578,481.16116,490.75314
0.06,0.12,0.0,736.2313,491.49454,539.1083,490.19308
0.09,0.12,0.0,796.07715,490.24026,597.9759,489.62344
0.12,0.12,0.0,856.50214,489.0349,657.5587,489.00528
0.15,0.12,0.0,917.5211,487.75256,717.7294,488.42938
0.18,0.12,0.0,978.9348,486.5248,778.70056,487.81866
0.21,0.12,0.0,1040.5333,485.2722,840.3964,487.19165
0.24,0.12,0.0,1101.9327,484.0406,902.71173,486.53778
0.27,0.12,0.0,1163.1311,482.7738,965.40015,485.90363
0.0,0.15,0.0,620.04004,552.7898,424.30405,550.2446
0.03,0.15,0.0,678.438,551.941,481.68362,550.09424
0.06,0.15,0.0,737.45935,551.1173,539.6367,549.93805
0.09,0.15,0.0,797.3121,550.2597,598.50116,549.7356
0.12,0.15,0.0,857.7571,549.3277,658.054,549.4869
0.15,0.15,0.0,918.7577,548.4092,718.27625,549.3067
0.18,0.15,0.0,980.1429,547.4367,779.2637,549.06067
0.21,0.15,0.0,1041.7411,546.4231,840.94385,548.8569
0.24,0.15,0.0,1103.1387,545.2955,903.2186,548.5258
0.27,0.15,0.0,1164.2821,544.112,965.87933,548.18896
0.0,0.18,0.0,621.2547,611.6519,424.91367,609.188
0.03,0.18,0.0,679.5912,611.19324,482.12552,609.4942
0.06,0.18,0.0,738.6795,610.7217,540.1732,609.68085
0.09,0.18,0.0,798.4879,610.1986,599.0427,609.8489
0.12,0.18,0.0,858.90564,609.63995,658.57556,610.0084
0.15,0.18,0.0,919.8459,608.99286,718.80914,610.16125
0.18,0.18,0.0,981.203,608.28296,779.7919,610.3291
0.21,0.18,0.0,1042.6774,607.4739,841.4282,610.45197
0.24,0.18,0.0,1104.0428,606.48535,903.6457,610.4814
0.27,0.18,0.0,1165.0374,605.3956,966.2295,610.3846
0.0,0.21,0.0,622.44574,670.52325,425.5482,668.0643
0.03,0.21,0.0,680.7709,670.4336,482.6991,668.76874
0.06,0.21,0.0,739.88544,670.2714,540.79443,669.3515
0.09,0.21,0.0,799.63696,670.08203,599.58356,669.90454
0.12,0.21,0.0,860.0013,669.8811,659.03125,670.50366
0.15,0.21,0.0,920.869,669.4773,719.3188,670.991
0.18,0.21,0.0,982.0788,668.98303,780.28595,671.48395
0.21,0.21,0.0,1043.4103,668.32794,841.823,671.9433
0.24,0.21,0.0,1104.6104,667.4933,903.93335,672.22546
0.27,0.21,0.0,1165.4733,666.39746,966.41254,672.38654
0.0,0.24,0.0,623.59503,729.2795,426.25687,726.71783
0.03,0.24,0.0,681.94366,729.5529,483.32837,727.89557
0.06,0.24,0.0,741.0636,729.67596,541.4127,728.84534
0.09,0.24,0.0,800.73627,729.81213,600.12775,729.8478
0.12,0.24,0.0,860.9746,729.96436,659.514,730.89166
0.15,0.24,0.0,921.71185,729.70233,719.7663,731.69055
0.18,0.24,0.0,982.7179,729.3905,780.6277,732.4758
0.21,0.24,0.0,1043.8647,728.9619,842.098,733.23926
0.24,0.24,0.0,1104.8385,728.1246,904.0519,733.73376
0.27,0.24,0.0,1165.5079,727.1167,966.35876,734.11475
0.0,0.27,0.0,624.764,787.8547,427.07486,785.10974
0.03,0.27,0.0,683.1092,788.3753,484.0833,786.66113
0.06,0.27,0.0,742.1508,788.7496,542.11224,788.00653
0.09,0.27,0.0,801.68335,789.1975,600.7237,789.41876
0.12,0.27,0.0,861.7876,789.6729,659.90137,790.97363
0.15,0.27,0.0,922.3173,789.59265,720.1414,791.99866
0.18,0.27,0.0,983.0947,789.3809,780.88837,793.0643
0.21,0.27,0.0,1044.0603,789.1095,842.17914,794.20465
0.24,0.27,0.0,1104.6859,788.2199,903.95886,794.80176
0.27,0.27,0.0,1165.1525,787.26215,966.0509,795.37115
0.0,0.0,0.0,614.5371,242.19995,412.91476,238.89264
0.03,0.0,0.0,675.7071,243.37532,475.18265,240.54303
0.06,0.0,0.0,736.13336,244.63823,536.82654,242.28873
0.09,0.0,0.0,795.7551,245.91858,597.8966,244.10219
0.12,0.0,0.0,854.4749,247.35046,658.1798,245.97392
0.15,0.0,0.0,912.25415,248.88458,717.6972,247.89583
0.18,0.0,0.0,968.9674,250.57004,776.424,249.87065
0.21,0.0,0.0,1024.448,252.39198,834.28345,251.88834
0.24,0.0,0.0,1078.6531,254.37448,891.20087,253.9623
0.27,0.0,0.0,1131.5089,256.53976,947.1814,256.1552
0.0,0.03,0.0,614.89606,303.94147,412.242,300.71802
0.03,0.03,0.0,676.1655,304.75403,474.68643,302.09033
0.06,0.03,0.0,736.64215,305.57178,536.4864,303.52432
0.09,0.03,0.0,796.3427,306.46518,597.56665,305.04715
0.12,0.03,0.0,855.18945,307.42764,657.9235,306.56305
0.15,0.03,0.0,913.09235,308.45374,717.4882,308.07507
0.18,0.03,0.0,969.9581,309.60815,776.2803,309.575
0.21,0.03,0.0,1025.662,310.90103,834.2662,311.16183
0.24,0.03,0.0,1080.0475,312.29013,891.34125,312.75583
0.27,0.03,0.0,1133.0576,313.83945,947.4352,314.4627
0.0,0.06,0.0,615.2678,365.89413,411.73697,362.81525
0.03,0.06,0.0,676.5399,366.34747,474.26578,363.88107
0.06,0.06,0.0,737.10693,366.7668,536.13367,364.99194
0.09,0.06,0.0,796.8327,367.24072,597.2848,366.15
0.12,0.06,0.0,855.79596,367.77966,657.6538,367.30765
0.15,0.06,0.0,913.7976,368.3236,717.25385,368.41962
0.18,0.06,0.0,970.8133,368.98547,776.0977,369.51376
0.21,0.06,0.0,1026.65,369.74127,834.1478,370.651
0.24,0.06,0.0,1081.1519,370.58847,891.33405,371.80173
0.27,0.06,0.0,1134.2388,371.54074,947.4956,373.0069
0.0,0.09,0.0,615.66876,427.94275,411.28198,425.0188
0.03,0.09,0.0,676.8882,428.00342,473.89957,425.79114
0.06,0.09,0.0,737.5475,428.05557,535.81195,426.55328
0.09,0.09,0.0,797.352,428.14444,597.0068,427.35004
0.12,0.09,0.0,856.2764,428.2458,657.3392,428.0771
0.15,0.09,0.0,914.3503,428.38107,716.9241,428.82526
0.18,0.09,0.0,971.51105,428.55585,775.8662,429.4962
0.21,0.09,0.0,1027.4761,428.80267,834.0086,430.22308
0.24,0.09,0.0,1081.9363,429.07367,891.12805,430.98755
0.27,0.09,0.0,1135.1659,429.4248,947.42944,431.71487
0.0,0.12,0.0,616.0406,490.10913,410.94345,487.34875
0.03,0.12,0.0,677.2801,489.76703,473.56528,487.72607
0.06,0.12,0.0,737.9999,489.43686,535.5387,488.12625
0.09,0.12,0.0,797.8116,489.13202,596.70703,488.4991
0.12,0.12,0.0,856.6994,488.82687,657.02026,488.8571
0.15,0.12,0.0,914.79486,488.51505,716.58905,489.18158
0.18,0.12,0.0,972.04877,488.23636,775.5694,489.54565
0.21,0.12,0.0,1028.1005,487.97635,833.77966,489.85074
0.24,0.12,0.0,1082.4932,487.70694,890.86597,490.19122
0.27,0.12,0.0,1135.8328,487.4832,947.25305,490.50354
0.0,0.15,0.0,616.4006,552.2659,410.64117,549.6496
0.03,0.15,0.0,677.6903,551.5499,473.22955,549.679
0.06,0.15,0.0,738.40875,550.8458,535.2235,549.7067
0.09,0.15,0.0,798.23047,550.1616,596.39307,549.6682
0.12,0.15,0.0,857.12427,549.4338,656.71844,549.6109
0.15,0.15,0.0,915.1761,548.71045,716.2994,549.5744
0.18,0.15,0.0,972.3657,547.9532,775.24854,549.5626
0.21,0.15,0.0,1028.481,547.2004,833.4737,549.5399
0.24,0.15,0.0,1082.8618,546.3758,890.5775,549.4198
0.27,0.15,0.0,1136.1565,545.5774,946.8594,549.29065
0.0,0.18,0.0,616.7697,614.40594,410.3968,611.89056
0.03,0.18,0.0,678.10443,613.3125,472.956,611.61383
0.06,0.18,0.0,738.72107,612.2375,534.87396,611.2425
0.09,0.18,0.0,798.5064,611.1543,596.0339,610.8317
0.12,0.18,0.0,857.4671,610.0356,656.406,610.4184
0.15,0.18,0.0,915.4982,608.84045,715.9904,609.98334
0.18,0.18,0.0,972.57605,607.6485,774.8891,609.5956
0.21,0.18,0.0,1028.5564,606.4049,833.0641,609.1526
0.24,0.18,0.0,1083.038,605.0306,890.2149,608.6225
0.27,0.18,0.0,1136.0907,603.56433,946.3685,608.01605
0.0,0.21,0.0,617.18677,676.5337,410.2222,674.02356
0.03,0.21,0.0,678.532,675.1042,472.7157,673.4409
0.06,0.21,0.0,739.04694,673.5847,534.54144,672.6961
0.09,0.21,0.0,798.78796,672.06696,595.6495,671.928
0.12,0.21,0.0,857.7592,670.54205,656.0982,671.1761
0.15,0.21,0.0,915.6829,668.8923,715.6342,670.3493
0.18,0.21,0.0,972.6041,667.16284,774.474,669.5111
0.21,0.21,0.0,1028.4894,665.3789,832.5867,668.65314
0.24,0.21,0.0,1082.8525,663.43567,889.6722,667.68585
0.27,0.21,0.0,1135.8357,661.41376,945.74493,666.6119
0.0,0.24,0.0,617.6175,738.58606,410.25446,735.9144
0.03,0.24,0.0,678.89795,736.7352,472.57355,735.0643
0.06,0.24,0.0,739.31287,734.76605,534.256,733.95294
0.09,0.24,0.0,799.0063,732.82385,595.3302,732.8706
0.12,0.24,0.0,858.0089,730.912,655.762,731.8394
0.15,0.24,0.0,915.6989,728.66376,715.2421,730.5327
0.18,0.24,0.0,972.4355,726.4353,773.972,729.26917
0.21,0.24,0.0,1028.211,724.14355,832.0378,728.0135
0.24,0.24,0.0,1082.3722,721.5942,888.92944,726.4943
0.27,0.24,0.0,1135.191,718.94305,944.9804,724.95447
0.0,0.27,0.0,618.10205,800.32086,410.3854,797.4268
0.03,0.27,0.0,679.24396,798.08044,472.50772,796.26764
0.06,0.27,0.0,739.4823,795.58575,534.07367,794.8367
0.09,0.27,0.0,799.0628,793.2123,595.0102,793.4537
0.12,0.27,0.0,858.08124,790.9354,655.4372,792.1685
0.15,0.27,0.0,915.47876,788.1247,714.77386,790.4049
0.18,0.27,0.0,972.0603,785.3331,773.3917,788.6879
0.21,0.27,0.0,1027.7458,782.5351,831.38806,787.02155
0.24,0.27,0.0,1081.4966,779.29297,888.0938,784.938
0.27,0.27,0.0,1134.2909,776.0684,943.98566,782.94464
0.0,0.0,0.0,612.1643,259.1142,419.77264,255.9854
0.03,0.0,0.0,671.09424,258.37552,478.6673,255.66695
0.06,0.0,0.0,729.9781,257.6939,537.68695,255.48068
0.09,0.0,0.0,788.81067,257.04874,596.79,255.32436
0.12,0.0,0.0,847.5296,256.52466,655.92444,255.26344
0.15,0.0,0.0,905.9895,256.15497,714.9931,255.24815
0.18,0.0,0.0,963.9987,255.95424,774.0041,255.30713
0.21,0.0,0.0,1021.5076,255.95078,832.83514,255.429
0.24,0.0,0.0,1078.2775,256.12177,891.44434,255.64044
0.27,0.0,0.0,1134.1722,256.51465,949.65814,255.98969
0.0,0.03,0.0,612.6638,316.401,418.4839,313.3082
0.03,0.03,0.0,671.9538,315.64124,477.7687,313.09625
0.06,0.03,0.0,731.2467,314.91766,537.19183,312.95328
0.09,0.03,0.0,790.45905,314.23856,596.68274,312.88266
0.12,0.03,0.0,849.5856,313.6491,656.1502,312.82794
0.15,0.03,0.0,908.46906,313.14355,715.60535,312.77704
0.18,0.03,0.0,966.964,312.76428,774.9496,312.74167
0.21,0.03,0.0,1024.9025,312.52542,834.215,312.74652
0.24,0.03,0.0,1082.1284,312.4839,893.2425,312.85303
0.27,0.03,0.0,1138.4788,312.60056,951.88654,313.04718
0.0,0.06,0.0,613.2162,374.43384,417.2284,371.45938
0.03,0.06,0.0,672.8057,373.69925,476.93283,371.33878
0.06,0.06,0.0,732.4791,372.94305,536.72345,371.23114
0.09,0.06,0.0,792.0496,372.22473,596.5611,371.1822
0.12,0.06,0.0,851.5577,371.55557,656.3896,371.1262
0.15,0.06,0.0,910.83826,370.93353,716.1451,371.04083
0.18,0.06,0.0,969.7834,370.41348,775.8656,370.92825
0.21,0.06,0.0,1028.1625,370.02103,835.5038,370.90707
0.24,0.06,0.0,1085.8069,369.7227,894.9325,370.90292
0.27,0.06,0.0,1142.4935,369.535,953.9822,370.95776
0.0,0.09,0.0,613.7208,433.1434,416.03387,430.2879
0.03,0.09,0.0,673.70325,432.45108,476.15784,430.29333
0.06,0.09,0.0,733.679,431.62057,536.2598,430.154
0.09,0.09,0.0,793.662,430.90936,596.4518,430.1013
0.12,0.09,0.0,853.4832,430.23373,656.5754,430.10104
0.15,0.09,0.0,913.1117,429.54486,716.62787,429.99295
0.18,0.09,0.0,972.488,428.85428,776.73895,429.8184
0.21,0.09,0.0,1031.293,428.2616,836.739,429.6853
0.24,0.09,0.0,1089.1923,427.7813,896.48694,429.6914
0.27,0.09,0.0,1146.3002,427.31656,955.9417,429.58774
0.0,0.12,0.0,614.27264,492.58554,414.906,489.8602
0.03,0.12,0.0,674.5831,491.8517,475.38406,489.8792
0.06,0.12,0.0,734.9257,491.02444,535.8094,489.72513
0.09,0.12,0.0,795.2041,490.27966,596.3186,489.64374
0.12,0.12,0.0,855.3723,489.5756,656.77924,489.64362
0.15,0.12,0.0,915.3474,488.83105,717.1398,489.52292
0.18,0.12,0.0,975.06464,488.018,777.57465,489.38055
0.21,0.12,0.0,1034.227,487.27597,837.9472,489.1776
0.24,0.12,0.0,1092.3741,486.60822,897.9814,489.1436
0.27,0.12,0.0,1149.8381,485.8211,957.81244,488.94968
0.0,0.15,0.0,614.8359,552.6432,413.84695,550.0809
0.03,0.15,0.0,675.4878,551.93097,474.6019,550.081
0.06,0.15,0.0,736.15186,551.10376,535.3469,549.9503
0.09,0.15,0.0,796.77435,550.35895,596.1927,549.8453
0.12,0.15,0.0,857.20605,549.58185,656.9343,549.8067
0.15,0.15,0.0,917.54565,548.7562,717.6508,549.7201
0.18,0.15,0.0,977.505,547.8899,778.40546,549.5355
0.21,0.15,0.0,1036.9642,546.9454,839.0846,549.3566
0.24,0.15,0.0,1095.4061,546.0245,899.48413,549.22046
0.27,0.15,0.0,1153.023,544.98254,959.5297,548.96704
0.0,0.18,0.0,615.42035,613.3786,412.7999,610.8619
0.03,0.18,0.0,676.393,612.6111,473.7781,610.8786
0.06,0.18,0.0,737.3617,611.83655,534.88196,610.8387
0.09,0.18,0.0,798.25806,611.0683,596.03894,610.7386
0.12,0.18,0.0,859.0707,610.2293,657.10657,610.6407
0.15,0.18,0.0,919.62994,609.3222,718.1584,610.5193
0.18,0.18,0.0,979.8028,608.3128,779.1863,610.38306
0.21,0.18,0.0,1039.481,607.2026,840.14233,610.1672
0.24,0.18,0.0,1098.1737,605.96454,900.83844,609.88086
0.27,0.18,0.0,1155.9072,604.69415,961.09265,609.48975
0.0,0.21,0.0,616.0093,674.72546,411.86288,672.15106
0.03,0.21,0.0,677.2933,673.96954,473.06052,672.2717
0.06,0.21,0.0,738.5693,673.1888,534.4495,672.26965
0.09,0.21,0.0,799.7599,672.3489,595.86,672.20905
0.12,0.21,0.0,860.8509,671.396,657.2711,672.0844
0.15,0.21,0.0,921.5886,670.3755,718.62244,671.92365
0.18,0.21,0.0,981.92834,669.20746,779.9477,671.75104
0.21,0.21,0.0,1041.758,667.84937,841.16486,671.4623
0.24,0.21,0.0,1100.6362,666.3936,902.0512,671.0765
0.27,0.21,0.0,1158.4889,664.7275,962.52423,670.5293
0.0,0.24,0.0,616.6255,736.6177,410.9954,733.90894
0.03,0.24,0.0,678.1929,735.8783,472.44064,734.12506
0.06,0.24,0.0,739.7134,735.0285,534.0395,734.21594
0.09,0.24,0.0,801.1485,734.10254,595.7276,734.15344
0.12,0.24,0.0,862.5131,733.08014,657.4217,734.0979
0.15,0.24,0.0,923.41016,731.86707,719.0444,733.8696
0.18,0.24,0.0,983.8803,730.4844,780.6222,733.62085
0.21,0.24,0.0,1043.8115,728.8618,842.0719,733.2164
0.24,0.24,0.0,1102.7356,727.0923,903.1073,732.6561
0.27,0.24,0.0,1160.7294,725.0865,963.744,731.89606
0.0,0.27,0.0,617.22437,798.8838,410.23492,795.8795
0.03,0.27,0.0,679.0592,798.1017,471.8661,796.24927
0.06,0.27,0.0,740.80225,797.174,533.74567,796.3876
0.09,0.27,0.0,802.46155,796.1339,595.5963,796.4253
0.12,0.27,0.0,864.05774,795.0138,657.5003,796.4226
0.15,0.27,0.0,925.0093,793.56213,719.3932,796.1114
0.18,0.27,0.0,985.5487,791.9312,781.1803,795.72504
0.21,0.27,0.0,1045.6086,790.07666,842.83136,795.2642
0.24,0.27,0.0,1104.4371,787.8954,903.9179,794.44183
0.27,0.27,0.0,1162.5642,785.5362,964.7312,793.5145
0.0,0.0,0.0,609.85986,246.97545,408.71927,243.73895
0.03,0.0,0.0,671.65796,246.08208,470.41843,243.2561
0.06,0.0,0.0,733.4348,245.24281,532.3038,242.88168
0.09,0.0,0.0,795.1783,244.4843,594.2967,242.65453
0.12,0.0,0.0,856.7501,243.91203,656.3805,242.4878
0.15,0.0,0.0,918.08484,243.49666,718.43616,242.37944
0.18,0.0,0.0,978.9072,243.24214,780.3641,242.3872
0.21,0.0,0.0,1039.0986,243.28319,842.1831,242.48277
0.24,0.0,0.0,1098.4584,243.56226,903.68866,242.74924
0.27,0.0,0.0,1156.8431,244.10168,964.763,243.19167
0.0,0.03,0.0,610.9171,309.0124,409.76804,305.84064
0.03,0.03,0.0,672.44916,308.1308,471.28122,305.46774
0.06,0.03,0.0,733.9902,307.25388,532.9773,305.25558
0.09,0.03,0.0,795.48395,306.4951,594.761,305.0524
0.12,0.03,0.0,856.90375,305.7875,656.5283,304.89456
0.15,0.03,0.0,918.0673,305.19794,718.30334,304.78174
0.18,0.03,0.0,978.812,304.78998,780.0284,304.69684
0.21,0.03,0.0,1038.9467,304.58875,841.62463,304.71503
0.24,0.03,0.0,1098.2565,304.57495,902.9643,304.81772
0.27,0.03,0.0,1156.5974,304.7398,963.9299,305.0698
0.0,0.06,0.0,611.9491,370.6206,410.9397,367.57104
0.03,0.06,0.0,673.194,369.7684,472.2379,367.34515
0.06,0.06,0.0,734.49194,368.90646,533.6563,367.17157
0.09,0.06,0.0,795.7603,368.07822,595.15564,367.0068
0.12,0.06,0.0,856.9174,367.36856,656.681,366.8791
0.15,0.06,0.0,917.9099,366.6442,718.1499,366.7413
0.18,0.06,0.0,978.4972,366.08862,779.60095,366.61453
0.21,0.06,0.0,1038.5428,365.65707,840.9744,366.5179
0.24,0.06,0.0,1097.6962,365.35645,902.10187,366.5204
0.27,0.06,0.0,1155.9277,365.24167,962.86554,366.59122
0.0,0.09,0.0,612.98553,431.7033,412.15802,428.83136
0.03,0.09,0.0,673.9762,430.81586,473.2275,428.63397
0.06,0.09,0.0,734.9684,430.02725,534.36743,428.5005
0.09,0.09,0.0,795.9822,429.2054,595.58636,428.36008
0.12,0.09,0.0,856.88116,428.36823,656.76227,428.2407
0.15,0.09,0.0,917.61475,427.64478,717.92303,428.0785
0.18,0.09,0.0,978.06494,426.96863,779.0983,427.93018
0.21,0.09,0.0,1037.8849,426.37936,840.226,427.83194
0.24,0.09,0.0,1096.8584,425.82785,901.0685,427.71835
0.27,0.09,0.0,1154.9639,425.38196,961.63873,427.68744
0.0,0.12,0.0,614.04254,492.24628,413.45953,489.49722
0.03,0.12,0.0,674.71185,491.3594,474.26575,489.31497
0.06,0.12,0.0,735.4462,490.58688,535.0945,489.27267
0.09,0.12,0.0,796.15405,489.7394,595.9787,489.10583
0.12,0.12,0.0,856.75275,488.89194,656.8567,488.91998
0.15,0.12,0.0,917.2216,488.0721,717.6776,488.74866
0.18,0.12,0.0,977.39636,487.35208,778.5746,488.66415
0.21,0.12,0.0,1037.0562,486.62598,839.4584,488.5526
0.24,0.12,0.0,1095.702,485.8101,899.9538,488.34387
0.27,0.12,0.0,1153.6279,485.10483,960.2807,488.26782
0.0,0.15,0.0,615.07544,552.14984,414.81995,549.5293
0.03,0.15,0.0,675.4662,551.2912,475.29388,549.40686
0.06,0.15,0.0,735.87164,550.5565,535.78186,549.3793
0.09,0.15,0.0,796.3421,549.7356,596.3859,549.23315
0.12,0.15,0.0,856.59973,548.8287,656.935,549.00696
0.15,0.15,0.0,916.76227,547.9694,717.45526,548.8421
0.18,0.15,0.0,976.58246,547.1208,778.0215,548.74866
0.21,0.15,0.0,1035.9677,546.3163,838.5807,548.6874
0.24,0.15,0.0,1094.3535,545.25745,898.793,548.42413
0.27,0.15,0.0,1151.9432,544.31915,958.77454,548.1893
0.0,0.18,0.0,616.1172,611.4209,416.22256,608.87585
0.03,0.18,0.0,676.17053,610.6579,476.27405,608.8829
0.06,0.18,0.0,736.29865,609.8912,536.49146,608.82336
0.09,0.18,0.0,796.3952,609.01447,596.75696,608.65137
0.12,0.18,0.0,856.4077,608.1661,656.9823,608.50037
0.15,0.18,0.0,916.17706,607.2518,717.2094,608.3154
0.18,0.18,0.0,975.6584,606.2973,777.4425,608.22705
0.21,0.18,0.0,1034.6238,605.3094,837.6147,608.0972
0.24,0.18,0.0,1092.7849,604.141,897.55994,607.83844
0.27,0.18,0.0,1149.9568,602.8252,957.0842,607.4624
0.0,0.21,0.0,617.1197,670.1624,417.65555,667.5877
0.03,0.21,0.0,676.89844,669.40826,477.33154,667.685
0.06,0.21,0.0,736.6811,668.546,537.2217,667.56885
0.09,0.21,0.0,796.4282,667.6701,597.1218,667.4096
0.12,0.21,0.0,856.10895,666.87146,657.0596,667.3999
0.15,0.21,0.0,915.50653,665.8251,716.9532,667.1697
0.18,0.21,0.0,974.5508,664.6939,776.81506,666.9751
0.21,0.21,0.0,1033.1543,663.54755,836.6282,666.8355
0.24,0.21,0.0,1090.8978,662.1712,896.16583,666.47473
0.27,0.21,0.0,1147.7267,660.6237,955.3515,665.99817
0.0,0.24,0.0,618.161,728.2228,419.17093,725.49634
0.03,0.24,0.0,677.61224,727.4737,478.4421,725.6893
0.06,0.24,0.0,737.0408,726.5009,537.96747,725.5355
0.09,0.24,0.0,796.4311,725.6304,597.5014,725.5289
0.12,0.24,0.0,855.7658,724.8606,657.0965,725.5941
0.15,0.24,0.0,914.70984,723.5657,716.6283,725.26794
0.18,0.24,0.0,973.29443,722.35815,776.1418,725.0348
0.21,0.24,0.0,1031.4872,721.0158,835.5417,724.8235
0.24,0.24,0.0,1088.74,719.34393,894.6816,724.30927
0.27,0.24,0.0,1145.1877,717.5771,953.415,723.68317
0.0,0.27,0.0,619.18634,785.4962,420.7564,782.58905
0.03,0.27,0.0,678.2753,784.6834,479.6599,782.7751
0.06,0.27,0.0,737.3562,783.56647,538.7794,782.64435
0.09,0.27,0.0,796.29816,782.6617,597.9004,782.68567
0.12,0.27,0.0,855.2732,781.9774,657.11206,782.9624
0.15,0.27,0.0,913.71356,780.47656,716.2385,782.51855
0.18,0.27,0.0,971.8356,779.00525,775.35913,782.1569
0.21,0.27,0.0,1029.5973,777.6369,834.402,781.98834
0.24,0.27,0.0,1086.2539,775.5547,892.99567,781.14056
0.27,0.27,0.0,1142.3556,773.5477,951.34045,780.4912
0.0,0.0,0.0,477.02167,360.27472,284.1895,356.06476
0.03,0.0,0.0,534.4399,358.1391,339.82785,354.38904
0.06,0.0,0.0,592.6088,356.00125,396.60004,352.7648
0.09,0.0,0.0,651.5589,353.84802,454.37042,351.18668
0.12,0.0,0.0,711.32294,351.69223,513.036,349.6537
0.15,0.0,0.0,771.79004,349.5578,572.54224,348.15747
0.18,0.0,0.0,832.9738,347.44107,632.8292,346.66867
0.21,0.0,0.0,894.7647,345.4126,693.8572,345.12836
0.24,0.0,0.0,956.9719,343.4214,755.6477,343.59384
0.27,0.0,0.0,1019.4489,341.60715,818.1756,342.08936
0.0,0.03,0.0,478.09235,419.11023,284.37915,414.8581
0.03,0.03,0.0,535.5711,417.38507,340.12738,413.657
0.06,0.03,0.0,593.80396,415.63516,396.98492,412.52228
0.09,0.03,0.0,652.7669,413.87354,454.85223,411.40872
0.12,0.03,0.0,712.56616,412.11533,513.60126,410.32324
0.15,0.03,0.0,773.087,410.34448,573.1161,409.22696
0.18,0.03,0.0,834.3813,408.58084,633.3991,408.12265
0.21,0.03,0.0,896.23016,406.8389,694.4506,407.0089
0.24,0.03,0.0,958.57324,405.16388,756.26447,405.8387
0.27,0.03,0.0,1021.18555,403.56223,818.8413,404.6614
0.0,0.06,0.0,479.20023,478.04617,284.72375,473.75552
0.03,0.06,0.0,536.7249,476.72665,340.50726,473.08725
0.06,0.06,0.0,594.981,475.34406,397.44263,472.39304
0.09,0.06,0.0,653.9923,473.97635,455.3125,471.69894
0.12,0.06,0.0,713.83734,472.59525,514.128,471.0153
0.15,0.06,0.0,774.36633,471.2203,573.6687,470.30484
0.18,0.06,0.0,835.68176,469.82715,633.98004,469.58438
0.21,0.06,0.0,897.6151,468.41614,695.02856,468.86005
0.24,0.06,0.0,960.0303,467.0422,756.8547,468.10175
0.27,0.06,0.0,1022.70105,465.67398,819.4591,467.2982
0.0,0.09,0.0,480.29214,537.0085,285.17413,532.69006
0.03,0.09,0.0,537.907,536.05176,341.0862,532.4946
0.06,0.09,0.0,596.1319,535.10284,397.8891,532.2581
0.09,0.09,0.0,655.2026,534.127,455.816,532.01886
0.12,0.09,0.0,715.07086,533.1101,514.6858,531.6943
0.15,0.09,0.0,775.6465,532.1285,574.22424,531.3878
0.18,0.09,0.0,836.9599,531.1129,634.51135,531.0472
0.21,0.09,0.0,898.92694,530.09283,695.6115,530.7199
0.24,0.09,0.0,961.3463,529.03314,757.3897,530.38116
0.27,0.09,0.0,1024.0021,527.8776,820.034,530.02026
0.0,0.12,0.0,481.51447,595.97894,285.85776,591.5829
0.03,0.12,0.0,539.1534,595.4059,341.78442,591.8762
0.06,0.12,0.0,597.2973,594.86945,398.4094,592.1547
0.09,0.12,0.0,656.3957,594.2839,456.36566,592.3077
0.12,0.12,0.0,716.3361,593.64777,515.25867,592.37665
0.15,0.12,0.0,776.91284,593.0239,574.78937,592.4412
0.18,0.12,0.0,838.20087,592.40027,635.06476,592.552
0.21,0.12,0.0,900.13934,591.7472,696.1051,592.61957
0.24,0.12,0.0,962.48615,590.92645,757.99304,592.6454
0.27,0.12,0.0,1025.1183,590.03485,820.5747,592.6861
0.0,0.15,0.0,482.79938,654.9047,286.74014,650.33856
0.03,0.15,0.0,540.3545,654.7664,342.49194,651.1126
0.06,0.15,0.0,598.5324,654.6577,399.07748,651.9242
0.09,0.15,0.0,657.6393,654.4391,456.96707,652.52856
0.12,0.15,0.0,717.5484,654.17267,515.81036,653.0357
0.15,0.15,0.0,778.11755,653.8942,575.3315,653.50836
0.18,0.15,0.0,839.37994,653.63513,635.60126,654.0074
0.21,0.15,0.0,901.2197,653.2876,696.6409,654.5106
0.24,0.15,0.0,963.516,652.71936,758.4962,654.86237
0.27,0.15,0.0,1025.9998,652.05133,821.04047,655.2723
0.0,0.18,0.0,484.11978,713.70404,287.81802,708.8129
0.03,0.18,0.0,541.5475,714.0419,343.33575,710.21893
0.06,0.18,0.0,599.8074,714.3287,399.9549,711.46204
0.09,0.18,0.0,658.88684,714.49194,457.73807,712.5399
0.12,0.18,0.0,718.7248,714.62756,516.3766,713.54266
0.15,0.18,0.0,779.26105,714.7159,575.86487,714.4791
0.18,0.18,0.0,840.44653,714.75073,636.1332,715.3773
0.21,0.18,0.0,902.2094,714.6655,697.145,716.25635
0.24,0.18,0.0,964.3214,714.34216,758.93805,717.0285
0.27,0.18,0.0,1026.6187,713.8178,821.39233,717.6887
0.0,0.21,0.0,485.50638,772.2911,289.0433,766.9945
0.03,0.21,0.0,542.8316,773.0861,344.3537,768.93555
0.06,0.21,0.0,601.1262,773.70105,400.97275,770.664
0.09,0.21,0.0,660.14935,774.2801,458.58817,772.26807
0.12,0.21,0.0,719.8521,774.84674,517.00684,773.81177
0.15,0.21,0.0,780.32983,775.2172,576.43854,775.13416
0.18,0.21,0.0,841.3956,775.4889,636.646,776.4283
0.21,0.21,0.0,902.9618,775.664,697.5953,777.7057
0.24,0.21,0.0,964.8777,775.5435,759.296,778.8227
0.27,0.21,0.0,1026.9403,775.1591,821.60864,779.763
0.0,0.24,0.0,486.96634,830.5134,290.4673,824.7134
0.03,0.24,0.0,544.20105,831.7621,345.63025,827.2304
0.06,0.24,0.0,602.4553,832.7131,402.18494,829.3866
0.09,0.24,0.0,661.33734,833.7023,459.5117,831.52783
0.12,0.24,0.0,720.91016,834.72034,517.70703,833.6485
0.15,0.24,0.0,781.28186,835.29535,577.08014,835.3786
0.18,0.24,0.0,842.1606,835.8038,637.1704,837.07135
0.21,0.24,0.0,903.5347,836.20514,697.9684,838.75415
0.24,0.24,0.0,965.1666,836.1857,759.5374,840.10187
0.27,0.24,0.0,1026.928,835.9023,821.6642,841.3422
0.0,0.27,0.0,488.57007,888.1399,292.09918,881.79
0.03,0.27,0.0,545.7468,889.76855,347.1735,884.7706
0.06,0.27,0.0,603.8469,891.0684,403.51385,887.4406
0.09,0.27,0.0,662.5317,892.4664,460.64612,890.11865
0.12,0.27,0.0,721.88086,893.9623,518.5224,892.8764
0.15,0.27,0.0,782.07947,894.70715,577.77246,894.94104
0.18,0.27,0.0,842.7493,895.41614,637.6923,897.0342
0.21,0.27,0.0,903.82947,896.1108,698.2461,899.15094
0.24,0.27,0.0,965.13525,896.0178,759.6375,900.6335
0.27,0.27,0.0,1026.5712,895.95844,821.51495,902.20465
