0.0,0.0,0.0,477.73355,162.55934,290.54678,158.54962
0.03,0.0,0.0,534.3215,158.85411,345.17496,154.92427
0.06,0.0,0.0,591.72815,155.22104,400.9173,151.4595
0.09,0.0,0.0,649.9333,151.7105,457.69376,148.11742
0.12,0.0,0.0,708.8809,148.28757,515.4943,144.9036
0.15,0.0,0.0,768.53033,144.99608,574.1964,141.82298
0.18,0.0,0.0,828.68024,141.88142,633.7166,138.85634
0.21,0.0,0.0,889.2699,138.95575,694.03705,135.94128
0.24,0.0,0.0,950.11743,136.31288,755.0709,133.19865
0.27,0.0,0.0,1011.0986,133.88606,816.7579,130.5797
0.0,0.03,0.0,478.58258,220.06169,289.99088,215.61142
0.03,0.03,0.0,535.3313,216.77272,344.83957,212.52805
0.06,0.03,0.0,592.9323,213.55994,400.83545,209.59583
0.09,0.03,0.0,651.2776,210.41678,457.82404,206.79662
0.12,0.03,0.0,710.4225,207.33543,515.7757,204.07451
0.15,0.03,0.0,770.18536,204.34619,574.61584,201.41725
0.18,0.03,0.0,830.5298,201.40746,634.28485,198.8099
0.21,0.03,0.0,891.3839,198.64113,694.757,196.28528
0.24,0.03,0.0,952.5018,196.11826,755.9635,193.85141
0.27,0.03,0.0,1013.805,193.80789,817.8794,191.4905
0.0,0.06,0.0,479.57172,278.01453,289.65973,273.19443
0.03,0.06,0.0,536.43555,275.20584,344.73755,270.69003
0.06,0.06,0.0,594.14075,272.36102,400.88568,268.2469
0.09,0.06,0.0,652.6165,269.5909,458.07596,265.96634
0.12,0.06,0.0,711.83923,266.83743,516.1834,263.7092
0.15,0.06,0.0,771.7179,264.12473,575.08356,261.50522
0.18,0.06,0.0,832.2722,261.45718,634.84924,259.30194
0.21,0.06,0.0,893.28516,258.91196,695.42316,257.11926
0.24,0.06,0.0,954.6669,256.53516,756.7879,255.04204
0.27,0.06,0.0,1016.188,254.3413,818.8419,252.97385
0.0,0.09,0.0,480.64212,336.20828,289.5252,331.17484
0.03,0.09,0.0,537.68994,333.8516,344.84613,329.2124
0.06,0.09,0.0,595.3868,331.38577,401.0733,327.20743
0.09,0.09,0.0,653.9464,329.03073,458.4024,325.4099
0.12,0.09,0.0,713.2615,326.63577,516.6626,323.63205
0.15,0.09,0.0,773.25,324.26508,575.6334,321.85886
0.18,0.09,0.0,833.8652,321.84198,635.4299,320.0507
0.21,0.09,0.0,895.0392,319.56183,696.0516,318.2828
0.24,0.09,0.0,956.59216,317.3797,757.52734,316.56134
0.27,0.09,0.0,1018.3301,315.3347,819.70496,314.79477
0.0,0.12,0.0,481.87103,394.6486,289.6371,389.4366
0.03,0.12,0.0,538.9847,392.6922,345.13797,387.96335
0.06,0.12,0.0,596.69684,390.6188,401.3693,386.48428
0.09,0.12,0.0,655.2932,388.62268,458.79547,385.07465
0.12,0.12,0.0,714.6569,386.61856,517.1885,383.7503
0.15,0.12,0.0,774.6886,384.5407,576.2189,382.36795
0.18,0.12,0.0,835.3966,382.47827,636.03296,380.99734
0.21,0.12,0.0,896.6667,380.4296,696.6666,379.62067
0.24,0.12,0.0,958.3144,378.53342,758.22736,378.2904
0.27,0.12,0.0,1020.2166,376.598,820.4821,376.8856
0.0,0.15,0.0,483.16553,453.1392,289.9588,447.8685
0.03,0.15,0.0,540.30096,451.53903,345.45792,446.8817
0.06,0.15,0.0,598.0145,449.92422,401.78488,445.87195
0.09,0.15,0.0,656.65393,448.26685,459.30286,444.90933
0.12,0.15,0.0,716.00446,446.59796,517.7088,443.9351
0.15,0.15,0.0,776.07806,444.9306,576.7901,442.99872
0.18,0.15,0.0,836.8547,443.2051,636.66473,442.02158
0.21,0.15,0.0,898.18933,441.4727,697.3078,441.04373
0.24,0.15,0.0,959.8959,439.80594,758.8901,440.10123
0.27,0.15,0.0,1021.8762,438.15512,821.2332,439.1428
0.0,0.18,0.0,484.51306,511.651,290.4136,506.42123
0.03,0.18,0.0,541.5904,510.44708,345.86893,505.91138
0.06,0.18,0.0,599.4265,509.20584,402.37082,505.3454
0.09,0.18,0.0,658.01886,507.91394,459.89853,504.78256
0.12,0.18,0.0,717.3539,506.62506,518.2353,504.2331
0.15,0.18,0.0,777.4346,505.3082,577.37274,503.70853
0.18,0.18,0.0,838.21405,503.9683,637.2786,503.11145
0.21,0.18,0.0,899.57404,502.5642,698.01447,502.5951
0.24,0.18,0.0,961.3087,501.15082,759.5638,502.03235
0.27,0.18,0.0,1023.2937,499.75238,821.94495,501.4797
0.0,0.21,0.0,485.88535,570.1418,290.96445,565.0272
0.03,0.21,0.0,542.9535,569.3139,346.4116,564.961
0.06,0.21,0.0,600.8222,568.43945,403.00964,564.8809
0.09,0.21,0.0,659.41974,567.5518,460.48175,564.72687
0.12,0.21,0.0,718.7127,566.6553,518.73956,564.5839
0.15,0.21,0.0,778.80396,565.6987,577.951,564.4081
0.18,0.21,0.0,839.5537,564.67847,637.8978,564.2697
0.21,0.21,0.0,900.87366,563.6326,698.6768,564.1483
0.24,0.21,0.0,962.6157,562.5234,760.2267,564.0188
0.27,0.21,0.0,1024.5339,561.31744,822.6644,563.8994
0.0,0.24,0.0,487.22385,628.6109,291.63165,623.5776
0.03,0.24,0.0,544.29706,628.16583,347.03937,624.04584
0.06,0.24,0.0,602.2267,627.6413,403.70715,624.37836
0.09,0.24,0.0,660.76044,627.1385,461.10724,624.7133
0.12,0.24,0.0,720.00366,626.64557,519.27814,625.0541
0.15,0.24,0.0,780.1302,626.02686,578.565,625.2542
0.18,0.24,0.0,840.83716,625.36865,638.54663,625.50275
0.21,0.24,0.0,902.07513,624.6402,699.29834,625.8409
0.24,0.24,0.0,963.709,623.77106,760.92615,626.09094
0.27,0.24,0.0,1025.5425,622.7371,823.3036,626.3565
0.0,0.27,0.0,488.62225,686.92,292.40173,682.0449
0.03,0.27,0.0,545.7007,686.8846,347.85794,682.9837
0.06,0.27,0.0,603.66736,686.7183,404.49133,683.7799
0.09,0.27,0.0,662.16644,686.6008,461.83554,684.5765
0.12,0.27,0.0,721.3265,686.5475,519.84265,685.4763
0.15,0.27,0.0,781.39343,686.1933,579.1742,686.0462
0.18,0.27,0.0,842.0045,685.8366,639.2179,686.7428
0.21,0.27,0.0,903.1493,685.4833,699.8865,687.5274
0.24,0.27,0.0,964.61926,684.71014,761.5731,688.05725
0.27,0.27,0.0,1026.3081,683.94366,823.8687,688.71735
0.0,0.0,0.0,471.30835,346.54532,268.99313,341.26974
0.03,0.0,0.0,533.40735,346.83566,331.40964,342.00168
0.06,0.0,0.0,594.8516,347.1425,393.62253,342.8807
0.09,0.0,0.0,655.6037,347.4784,455.4287,343.86014
0.12,0.0,0.0,715.63916,347.84714,516.6694,344.89832
0.15,0.0,0.0,774.95056,348.22137,577.2962,345.97787
0.18,0.0,0.0,833.44403,348.63168,637.13416,347.06866
0.21,0.0,0.0,891.0643,349.10977,696.33636,348.15753
0.24,0.0,0.0,947.6907,349.68268,754.8413,349.27222
0.27,0.0,0.0,1003.25183,350.34174,812.67664,350.40753
0.0,0.03,0.0,471.75327,408.6174,268.26816,403.21033
0.03,0.03,0.0,533.9207,408.5754,330.84027,403.74722
0.06,0.03,0.0,595.3999,408.5342,393.15924,404.34122
0.09,0.03,0.0,656.1516,408.5317,455.0607,405.02893
0.12,0.03,0.0,716.21234,408.5077,516.3812,405.73874
0.15,0.03,0.0,775.53235,408.51144,576.98846,406.48532
0.18,0.03,0.0,834.107,408.52402,636.9105,407.2079
0.21,0.03,0.0,891.7794,408.54208,696.1562,407.93866
0.24,0.03,0.0,948.47614,408.64038,754.69617,408.7093
0.27,0.03,0.0,1004.0919,408.77988,812.57294,409.45212
0.0,0.06,0.0,472.28198,470.77365,267.7528,465.33423
0.03,0.06,0.0,534.43805,470.3721,330.38315,465.63013
0.06,0.06,0.0,595.95844,470.00143,392.79816,465.92334
0.09,0.06,0.0,656.71375,469.62576,454.71085,466.29944
0.12,0.06,0.0,716.7623,469.22745,516.0846,466.6466
0.15,0.06,0.0,776.07117,468.83035,576.7206,467.01868
0.18,0.06,0.0,834.6959,468.43918,636.6975,467.42245
0.21,0.06,0.0,892.4043,468.0563,695.95044,467.80386
0.24,0.06,0.0,949.1438,467.70786,754.5405,468.1948
0.27,0.06,0.0,1004.7423,467.35022,812.4502,468.5957
0.0,0.09,0.0,472.85992,532.9664,267.3916,527.5442
0.03,0.09,0.0,535.01935,532.2209,330.07635,527.665
0.06,0.09,0.0,596.5171,531.43427,392.46713,527.65564
0.09,0.09,0.0,657.2997,530.7097,454.44394,527.6322
0.12,0.09,0.0,717.3189,529.9336,515.7715,527.6391
0.15,0.09,0.0,776.5854,529.16833,576.4589,527.62646
0.18,0.09,0.0,835.2169,528.39716,636.4881,527.66077
0.21,0.09,0.0,892.9673,527.5941,695.78827,527.7083
0.24,0.09,0.0,949.6004,526.78235,754.32825,527.7582
0.27,0.09,0.0,1005.29254,525.9655,812.2919,527.81775
0.0,0.12,0.0,473.51953,595.0774,267.2268,589.75323
0.03,0.12,0.0,535.60406,593.9678,329.9156,589.5637
0.06,0.12,0.0,597.1178,592.87256,392.22565,589.3777
0.09,0.12,0.0,657.8641,591.7315,454.18643,589.0552
0.12,0.12,0.0,717.8141,590.59186,515.5304,588.6538
0.15,0.12,0.0,777.09454,589.4234,576.2001,588.31134
0.18,0.12,0.0,835.7093,588.29504,636.2773,587.98645
0.21,0.12,0.0,893.48413,587.0972,695.62775,587.70465
0.24,0.12,0.0,949.9609,585.80945,754.15894,587.36017
0.27,0.12,0.0,1005.61456,584.5259,812.1449,587.0643
0.0,0.15,0.0,474.1959,657.01764,267.31186,651.8177
0.03,0.15,0.0,536.24164,655.6038,329.82846,651.4284
0.06,0.15,0.0,597.6885,654.2157,392.09653,651.0044
0.09,0.15,0.0,658.4316,652.7335,453.98862,650.4209
0.12,0.15,0.0,718.35864,651.1804,515.32275,649.7019
0.15,0.15,0.0,777.5855,649.6184,575.9705,649.00745
0.18,0.15,0.0,836.1067,648.07086,636.04315,648.3683
0.21,0.15,0.0,893.80524,646.44525,695.4538,647.7295
0.24,0.15,0.0,950.2231,644.69556,753.99396,646.9926
0.27,0.15,0.0,1005.7028,642.8798,811.927,646.3228
0.0,0.18,0.0,475.00742,718.78235,267.64615,713.67645
0.03,0.18,0.0,536.9312,717.1,329.96033,713.20197
0.06,0.18,0.0,598.28613,715.33514,392.11194,712.491
0.09,0.18,0.0,658.9086,713.506,453.89792,711.63324
0.12,0.18,0.0,718.85864,711.6107,515.1462,710.72363
0.15,0.18,0.0,777.99335,709.6469,575.7761,709.69604
0.18,0.18,0.0,836.39014,707.65625,635.80756,708.6957
0.21,0.18,0.0,893.9317,705.591,695.20483,707.69995
0.24,0.18,0.0,950.3345,703.3757,753.8112,706.6155
0.27,0.18,0.0,1005.57434,700.99994,811.6023,705.4739
0.0,0.21,0.0,475.95096,780.16205,268.237,775.18536
0.03,0.21,0.0,537.7379,778.2471,330.31458,774.5476
0.06,0.21,0.0,598.9,776.11664,392.30542,773.6692
0.09,0.21,0.0,659.47424,773.94525,453.92117,772.60175
0.12,0.21,0.0,719.33887,771.7505,515.09906,771.4855
0.15,0.21,0.0,778.3596,769.35767,575.67017,770.1621
0.18,0.21,0.0,836.52515,766.8683,635.6013,768.80707
0.21,0.21,0.0,893.9325,764.3409,694.94037,767.44946
0.24,0.21,0.0,950.2081,761.6126,753.4925,765.9688
0.27,0.21,0.0,1005.2811,758.74927,811.2349,764.4443
0.0,0.24,0.0,477.03964,841.04266,269.08975,836.17065
0.03,0.24,0.0,538.6154,838.86224,330.9663,835.45483
0.06,0.24,0.0,599.55884,836.3982,392.6886,834.3717
0.09,0.24,0.0,659.9909,833.92365,454.1132,833.19305
0.12,0.24,0.0,719.7977,831.44556,515.1349,831.9307
0.15,0.24,0.0,778.6081,828.5427,575.5443,830.2449
0.18,0.24,0.0,836.59406,825.6049,635.3843,828.57227
0.21,0.24,0.0,893.8263,822.64136,694.6485,826.9169
0.24,0.24,0.0,949.7928,819.353,753.08344,824.9859
0.27,0.24,0.0,1004.68787,815.9374,810.7178,823.02094
0.0,0.27,0.0,478.31625,901.17236,270.29608,896.48694
0.03,0.27,0.0,539.6122,898.73193,331.83,895.6582
0.06,0.27,0.0,600.3316,895.9354,393.31668,894.3897
0.09,0.27,0.0,660.5061,893.14496,454.45193,893.05115
0.12,0.27,0.0,720.1499,890.4763,515.32745,891.7696
0.15,0.27,0.0,778.68427,887.0799,575.5461,889.7645
0.18,0.27,0.0,836.4681,883.66473,635.226,887.7509
0.21,0.27,0.0,893.54047,880.2982,694.372,885.8707
0.24,0.27,0.0,949.13336,876.35956,752.5431,883.36566
0.27,0.27,0.0,1003.89185,872.4685,810.0707,881.0428
0.0,0.0,0.0,476.16895,358.14618,282.90842,352.89154
0.03,0.0,0.0,535.13696,357.1766,341.20868,352.39465
0.06,0.0,0.0,594.1819,356.2415,399.95367,351.99313
0.09,0.0,0.0,653.2385,355.3456,458.9999,351.67212
0.12,0.0,0.0,712.3445,354.44272,518.2139,351.44812
0.15,0.0,0.0,771.3864,353.56888,577.4988,351.24475
0.18,0.0,0.0,830.37994,352.71506,636.77625,351.08813
0.21,0.0,0.0,889.1196,351.9315,696.1131,350.8973
0.24,0.0,0.0,947.538,351.2281,755.4654,350.71417
0.27,0.0,0.0,1005.4622,350.63144,814.787,350.59525
0.0,0.03,0.0,476.07178,416.22583,280.83725,410.88055
0.03,0.03,0.0,535.38544,415.32596,339.5242,410.51065
0.06,0.03,0.0,594.7565,414.38928,398.70395,410.20547
0.09,0.03,0.0,654.17346,413.4826,458.1116,409.97354
0.12,0.03,0.0,713.5836,412.58533,517.6965,409.7733
0.15,0.03,0.0,772.9705,411.68423,577.30084,409.61145
0.18,0.03,0.0,832.3018,410.75406,636.94104,409.39914
0.21,0.03,0.0,891.416,409.8856,696.6036,409.23224
0.24,0.03,0.0,950.1907,409.08426,756.3165,409.08774
0.27,0.03,0.0,1008.4766,408.30496,815.9911,408.9308
0.0,0.06,0.0,476.0257,475.00055,278.89075,469.6172
0.03,0.06,0.0,535.64075,474.09177,337.96732,469.37567
0.06,0.06,0.0,595.37585,473.21283,397.4783,469.14923
0.09,0.06,0.0,655.0886,472.27753,457.2457,468.96225
0.12,0.06,0.0,714.8042,471.3673,517.17944,468.7738
0.15,0.06,0.0,774.502,470.42618,577.11993,468.6173
0.18,0.06,0.0,834.1551,469.45667,637.09406,468.40253
0.21,0.06,0.0,893.61334,468.52347,697.11084,468.22485
0.24,0.06,0.0,952.74097,467.60187,757.1501,468.0906
0.27,0.06,0.0,1011.3621,466.65277,817.163,467.9246
0.0,0.09,0.0,476.0009,534.3772,277.04062,529.01215
0.03,0.09,0.0,536.003,533.5221,336.4723,528.93805
0.06,0.09,0.0,595.9606,532.58,396.25497,528.75714
0.09,0.09,0.0,656.0131,531.66284,456.40417,528.6138
0.12,0.09,0.0,716.0554,530.75586,516.6617,528.45496
0.15,0.09,0.0,776.05115,529.8108,576.9475,528.29175
0.18,0.09,0.0,836.0402,528.7959,637.2661,528.0723
0.21,0.09,0.0,895.8535,527.7748,697.61475,527.9028
0.24,0.09,0.0,955.1598,526.756,757.9699,527.8106
0.27,0.09,0.0,1014.12683,525.65173,818.3743,527.60974
0.0,0.12,0.0,476.0292,594.32635,275.39957,589.0586
0.03,0.12,0.0,536.35474,593.5185,335.13388,589.1051
0.06,0.12,0.0,596.60736,592.5859,395.10486,589.0512
0.09,0.12,0.0,656.96985,591.65717,455.5491,588.94653
0.12,0.12,0.0,717.3118,590.7313,516.1658,588.8198
0.15,0.12,0.0,777.59424,589.7654,576.7913,588.6672
0.18,0.12,0.0,837.8836,588.7271,637.4485,588.4613
0.21,0.12,0.0,897.9466,587.5923,698.16785,588.2998
0.24,0.12,0.0,957.5094,586.47473,758.8105,588.1821
0.27,0.12,0.0,1016.68524,585.20856,819.548,587.9903
0.0,0.15,0.0,476.17624,654.8372,273.99503,649.6417
0.03,0.15,0.0,536.69507,654.046,333.881,649.8733
0.06,0.15,0.0,597.2756,653.1659,394.1069,649.95825
0.09,0.15,0.0,657.9268,652.2587,454.78995,649.9197
0.12,0.15,0.0,718.56494,651.282,515.682,649.8363
0.15,0.15,0.0,779.1231,650.27795,576.65015,649.70905
0.18,0.15,0.0,839.64294,649.1636,637.6285,649.57806
0.21,0.15,0.0,899.94025,647.9593,698.6811,649.3842
0.24,0.15,0.0,959.7011,646.633,759.6841,649.225
0.27,0.15,0.0,1019.0238,645.2107,820.64825,649.02826
0.0,0.18,0.0,476.40207,715.7656,272.77423,710.6378
0.03,0.18,0.0,537.14105,715.0569,332.74652,711.0489
0.06,0.18,0.0,597.96735,714.2171,393.27655,711.3259
0.09,0.18,0.0,658.90466,713.33966,454.13083,711.4201
0.12,0.18,0.0,719.7736,712.354,515.2196,711.4442
0.15,0.18,0.0,780.623,711.2486,576.49005,711.3944
0.18,0.18,0.0,841.303,710.06,637.8284,711.26447
0.21,0.18,0.0,901.7906,708.72437,699.16705,711.08044
0.24,0.18,0.0,961.7699,707.21484,760.4895,710.9024
0.27,0.18,0.0,1021.12775,705.5079,821.68494,710.57544
0.0,0.21,0.0,476.75894,776.93524,271.8122,771.89453
0.03,0.21,0.0,537.6733,776.35846,331.86414,772.5915
0.06,0.21,0.0,598.7366,775.6027,392.5792,773.04596
0.09,0.21,0.0,659.86566,774.6929,453.65314,773.3126
0.12,0.21,0.0,720.97723,773.6968,514.89075,773.4437
0.15,0.21,0.0,781.9964,772.52405,576.4466,773.43506
0.18,0.21,0.0,842.8692,771.1982,638.0273,773.3872
0.21,0.21,0.0,903.4744,769.6904,699.6414,773.19885
0.24,0.21,0.0,963.5456,767.9821,761.2253,772.9237
0.27,0.21,0.0,1023.0083,766.02234,822.6456,772.5182
0.0,0.24,0.0,477.23068,838.2841,271.0895,833.3139
0.03,0.24,0.0,538.3084,837.79834,331.25183,834.27014
0.06,0.24,0.0,599.5575,837.0666,392.11807,834.9522
0.09,0.24,0.0,660.81793,836.21545,453.24457,835.41705
0.12,0.24,0.0,722.14514,835.2003,514.68256,835.78076
0.15,0.24,0.0,783.27716,833.8818,576.4125,835.77997
0.18,0.24,0.0,844.26807,832.4224,638.2228,835.73535
0.21,0.24,0.0,904.96893,830.77673,700.0532,835.57996
0.24,0.24,0.0,965.07227,828.7678,761.8161,835.2226
0.27,0.24,0.0,1024.5627,826.5481,823.4392,834.7081
0.0,0.27,0.0,477.8932,899.51556,270.68167,894.66693
0.03,0.27,0.0,539.0783,899.13855,330.9064,895.8789
0.06,0.27,0.0,600.42163,898.4343,391.84225,896.8066
0.09,0.27,0.0,661.7998,897.6037,453.08243,897.50073
0.12,0.27,0.0,723.2271,896.6835,514.5637,898.09625
0.15,0.27,0.0,784.4621,895.2102,576.44727,898.1589
0.18,0.27,0.0,845.4615,893.55835,638.422,898.14307
0.21,0.27,0.0,906.2716,891.74994,700.42786,898.0213
0.24,0.27,0.0,966.24646,889.39954,762.31213,897.4626
0.27,0.27,0.0,1025.7916,886.9139,824.0418,896.8317
0.0,0.0,0.0,467.20612,350.87674,265.39838,345.7387
0.03,0.0,0.0,529.00244,349.7708,326.30594,345.03653
0.06,0.0,0.0,590.966,348.6817,387.8057,344.5055
0.09,0.0,0.0,652.8922,347.6909,449.67145,344.03848
0.12,0.0,0.0,714.9238,346.65677,511.80304,343.69058
0.15,0.0,0.0,776.9405,345.63995,574.057,343.43085
0.18,0.0,0.0,838.8603,344.69788,636.35474,343.16132
0.21,0.0,0.0,900.5205,343.84875,698.6864,342.86902
0.24,0.0,0.0,961.8458,343.0906,761.1272,342.6491
0.27,0.0,0.0,1022.60126,342.53174,823.5116,342.50552
0.0,0.03,0.0,469.10022,412.72308,267.10153,407.42688
0.03,0.03,0.0,530.62445,411.66776,327.88562,406.90775
0.06,0.03,0.0,592.25745,410.64468,389.19693,406.49646
0.09,0.03,0.0,653.9262,409.61447,450.81137,406.16373
0.12,0.03,0.0,715.62604,408.59106,512.6742,405.876
0.15,0.03,0.0,777.3438,407.58945,574.6152,405.60898
0.18,0.03,0.0,839.0306,406.60544,636.5981,405.36572
0.21,0.03,0.0,900.4876,405.65424,698.6418,405.133
0.24,0.03,0.0,961.59924,404.82217,760.7745,404.93478
0.27,0.03,0.0,1022.14825,404.04788,822.9008,404.77478
0.0,0.06,0.0,471.02698,473.98557,269.012,468.64755
0.03,0.06,0.0,532.2362,472.98965,329.51987,468.3146
0.06,0.06,0.0,593.57745,471.98825,390.6059,468.02896
0.09,0.06,0.0,654.95154,470.97614,451.95334,467.73053
0.12,0.06,0.0,716.3611,469.9853,513.5438,467.47263
0.15,0.06,0.0,777.7473,468.9635,575.17773,467.20914
0.18,0.06,0.0,839.1467,467.96494,636.88696,466.99747
0.21,0.06,0.0,900.3239,466.96945,698.6166,466.8234
0.24,0.06,0.0,961.16406,466.01175,760.4332,466.64307
0.27,0.06,0.0,1021.4485,465.05795,822.2811,466.47644
0.0,0.09,0.0,472.9773,534.6212,271.00433,529.36066
0.03,0.09,0.0,533.9046,533.6232,331.31464,529.1232
0.06,0.09,0.0,594.8983,532.7019,392.01346,528.94806
0.09,0.09,0.0,655.95935,531.72577,453.10037,528.7391
0.12,0.09,0.0,717.04236,530.7042,514.41095,528.46893
0.15,0.09,0.0,778.1332,529.6822,575.7304,528.2405
0.18,0.09,0.0,839.22723,528.7196,637.14935,528.08344
0.21,0.09,0.0,900.1015,527.67584,698.597,527.93176
0.24,0.09,0.0,960.5533,526.5727,760.1133,527.73285
0.27,0.09,0.0,1020.58655,525.50415,821.6657,527.63025
0.0,0.12,0.0,474.95505,594.6233,273.25583,589.3895
0.03,0.12,0.0,535.5668,593.6446,333.24344,589.2839
0.06,0.12,0.0,596.20624,592.8221,393.5433,589.33673
0.09,0.12,0.0,656.9634,591.8422,454.3143,589.1546
0.12,0.12,0.0,717.7381,590.76025,515.2942,588.86633
0.15,0.12,0.0,778.49255,589.7338,576.34204,588.6704
0.18,0.12,0.0,839.229,588.7857,637.4266,588.57416
0.21,0.12,0.0,899.7785,587.73334,698.62006,588.49524
0.24,0.12,0.0,959.8526,586.4702,759.76465,588.2313
0.27,0.12,0.0,1019.53,585.29193,821.00415,588.1553
0.0,0.15,0.0,477.0307,653.8635,275.65475,648.6812
0.03,0.15,0.0,537.2464,652.97974,335.18616,648.76984
0.06,0.15,0.0,597.55786,652.1862,395.1566,648.97815
0.09,0.15,0.0,657.9708,651.2309,455.55292,648.908
0.12,0.15,0.0,718.40216,650.1745,516.20245,648.6979
0.15,0.15,0.0,778.7748,649.1193,576.9073,648.5553
0.18,0.15,0.0,839.1571,648.11426,637.72705,648.4591
0.21,0.15,0.0,899.3392,647.0632,698.5742,648.425
0.24,0.15,0.0,958.9906,645.6446,759.4367,648.18964
0.27,0.15,0.0,1018.2376,644.2771,820.3072,648.0432
0.0,0.18,0.0,479.13562,712.2844,278.23767,707.19794
0.03,0.18,0.0,538.9151,711.5852,337.2991,707.5519
0.06,0.18,0.0,598.88513,710.77454,396.92133,707.8203
0.09,0.18,0.0,658.9594,709.83704,456.90063,707.88385
0.12,0.18,0.0,719.0001,708.8492,517.122,707.8674
0.15,0.18,0.0,779.0569,707.78094,577.50024,707.7681
0.18,0.18,0.0,838.9771,706.6514,637.97675,707.7251
0.21,0.18,0.0,898.70886,705.48206,698.5265,707.6549
0.24,0.18,0.0,957.9945,704.03064,759.0638,707.4619
0.27,0.18,0.0,1016.7465,702.36475,819.53064,707.1933
0.0,0.21,0.0,481.3108,769.87054,280.99142,764.8104
0.03,0.21,0.0,540.6938,769.2719,339.5748,765.4549
0.06,0.21,0.0,600.29224,768.4178,398.78568,765.77203
0.09,0.21,0.0,659.9206,767.5253,458.34525,766.0001
0.12,0.21,0.0,719.5843,766.6518,518.12933,766.2445
0.15,0.21,0.0,779.2188,765.50543,578.1501,766.17346
0.18,0.21,0.0,838.69006,764.2861,638.29175,766.1096
0.21,0.21,0.0,897.95844,762.96704,698.4416,766.0752
0.24,0.21,0.0,956.81604,761.36865,758.6051,765.8916
0.27,0.21,0.0,1015.07733,759.5885,818.68933,765.53406
0.0,0.24,0.0,483.58337,826.4733,283.90344,821.5677
0.03,0.24,0.0,542.5239,825.9661,342.04904,822.36475
0.06,0.24,0.0,601.67944,825.0952,400.80856,822.8088
0.09,0.24,0.0,660.8823,824.2985,459.86176,823.2647
0.12,0.24,0.0,720.1378,823.57654,519.1968,823.7476
0.15,0.24,0.0,779.2825,822.2284,578.82477,823.6595
0.18,0.24,0.0,838.3102,820.86755,638.54974,823.6063
0.21,0.24,0.0,897.0823,819.47296,698.32916,823.654
0.24,0.24,0.0,955.37036,817.6664,758.0683,823.3104
0.27,0.24,0.0,1013.15686,815.6773,817.71844,822.9571
0.0,0.27,0.0,485.95648,882.01074,286.9948,877.2133
0.03,0.27,0.0,544.40857,881.4978,344.69873,878.14746
0.06,0.27,0.0,603.0826,880.61035,402.97638,878.7186
0.09,0.27,0.0,661.8063,879.86523,461.55524,879.3177
0.12,0.27,0.0,720.5917,879.29456,520.35846,880.14606
0.15,0.27,0.0,779.2305,877.74805,579.5481,880.0227
0.18,0.27,0.0,837.73206,876.29535,638.8161,880.04596
0.21,0.27,0.0,896.0698,874.9126,698.1521,880.19617
0.24,0.27,0.0,953.74335,872.7054,757.43494,879.6206
0.27,0.27,0.0,1011.00275,870.6062,816.6209,879.2623
0.0,0.0,0.0,342.79126,262.9235,156.08304,257.71173
0.03,0.0,0.0,398.198,259.67593,208.745,254.62062
0.06,0.0,0.0,454.6245,256.46075,262.80756,251.63766
0.09,0.0,0.0,512.02234,253.33528,318.15216,248.7756
0.12,0.0,0.0,570.3861,250.29501,374.78174,246.04013
0.15,0.0,0.0,629.5433,247.26274,432.49594,243.44847
0.18,0.0,0.0,689.4927,244.26453,491.24298,240.94533
0.21,0.0,0.0,750.20966,241.30022,550.85535,238.4607
0.24,0.0,0.0,811.5702,238.43599,611.3804,236.02277
0.27,0.0,0.0,873.53406,235.68484,672.74677,233.67839
0.0,0.03,0.0,343.57,320.90213,155.44576,315.16818
0.03,0.03,0.0,399.10016,318.14258,208.28859,312.67673
0.06,0.03,0.0,455.68924,315.451,262.50757,310.28314
0.09,0.03,0.0,513.22974,312.79547,318.08725,307.9869
0.12,0.03,0.0,571.66785,310.19653,374.90344,305.8267
0.15,0.03,0.0,630.90424,307.574,432.77774,303.70966
0.18,0.03,0.0,690.9423,304.9431,491.61368,301.65366
0.21,0.03,0.0,751.7139,302.34018,551.37286,299.68222
0.24,0.03,0.0,813.2263,299.77133,611.94543,297.7166
0.27,0.03,0.0,875.33453,297.26337,673.3715,295.74344
0.0,0.06,0.0,344.4748,379.14633,155.08669,372.9535
0.03,0.06,0.0,400.12094,376.88293,208.07384,371.06985
0.06,0.06,0.0,456.84717,374.6764,262.47342,369.26437
0.09,0.06,0.0,514.46954,372.4727,318.19818,367.53256
0.12,0.06,0.0,572.96674,370.28192,375.15735,365.85406
0.15,0.06,0.0,632.2868,368.10764,433.14835,364.25574
0.18,0.06,0.0,692.313,365.8382,492.091,362.68213
0.21,0.06,0.0,753.1899,363.58716,551.9,361.13977
0.24,0.06,0.0,814.7765,361.36035,612.5449,359.61404
0.27,0.06,0.0,876.9903,359.1567,674.0109,358.05362
0.0,0.09,0.0,345.51685,437.52417,154.99858,431.02087
0.03,0.09,0.0,401.35016,435.76135,208.15375,429.7352
0.06,0.09,0.0,458.04712,433.97507,262.5803,428.47226
0.09,0.09,0.0,515.75665,432.22952,318.4442,427.26166
0.12,0.09,0.0,574.32385,430.46353,375.53934,426.10086
0.15,0.09,0.0,633.6533,428.63223,433.63205,424.94672
0.18,0.09,0.0,693.6983,426.7841,492.54468,423.79822
0.21,0.09,0.0,754.6139,424.9474,552.4212,422.68958
0.24,0.09,0.0,816.2451,423.08615,613.16473,421.5909
0.27,0.09,0.0,878.5386,421.1978,674.63654,420.4406
0.0,0.12,0.0,346.77225,496.02814,155.22542,489.2666
0.03,0.12,0.0,402.71164,494.69482,208.5541,488.55865
0.06,0.12,0.0,459.31708,493.39572,262.86826,487.846
0.09,0.12,0.0,517.0567,492.03378,318.79187,487.16562
0.12,0.12,0.0,575.71936,490.63794,376.05182,486.4668
0.15,0.12,0.0,635.0386,489.24866,434.14612,485.77032
0.18,0.12,0.0,695.09314,487.7999,493.12473,485.04633
0.21,0.12,0.0,755.9852,486.332,552.9404,484.33392
0.24,0.12,0.0,817.6949,484.86755,613.79474,483.65994
0.27,0.12,0.0,879.99036,483.3478,675.2539,482.90417
0.0,0.15,0.0,348.21805,554.50366,155.81541,547.4472
0.03,0.15,0.0,404.07724,553.6412,209.05148,547.38477
0.06,0.15,0.0,460.6988,552.76447,263.39423,547.28564
0.09,0.15,0.0,518.4708,551.8342,319.35236,547.1105
0.12,0.15,0.0,577.08844,550.8357,376.57797,546.87915
0.15,0.15,0.0,636.4293,549.8317,434.70932,546.6157
0.18,0.15,0.0,696.4924,548.8012,493.70828,546.3714
0.21,0.15,0.0,757.35187,547.74066,553.536,546.0758
0.24,0.15,0.0,819.0619,546.6434,614.3964,545.7573
0.27,0.15,0.0,881.3522,545.4718,675.90643,545.5267
0.0,0.18,0.0,349.78625,612.85785,156.70845,605.69867
0.03,0.18,0.0,405.48566,612.53046,209.75285,606.22253
0.06,0.18,0.0,462.20145,612.08704,264.24728,606.689
0.09,0.18,0.0,519.91034,611.5739,320.11002,607.0519
0.12,0.18,0.0,578.43964,610.99365,377.13354,607.30536
0.15,0.18,0.0,637.788,610.3999,435.28073,607.5467
0.18,0.18,0.0,697.89026,609.7559,494.30206,607.7084
0.21,0.18,0.0,758.74786,609.1347,554.17065,607.87445
0.24,0.18,0.0,820.3965,608.3828,614.9678,608.0174
0.27,0.18,0.0,882.66534,607.57184,676.6064,608.1896
0.0,0.21,0.0,351.4383,671.0879,157.76503,663.7663
0.03,0.21,0.0,407.02753,671.25964,210.74747,664.9101
0.06,0.21,0.0,463.80194,671.2487,265.27435,665.9397
0.09,0.21,0.0,521.42926,671.2036,320.98212,666.8286
0.12,0.21,0.0,579.82825,671.09045,377.8248,667.7074
0.15,0.21,0.0,639.18726,670.8577,435.944,668.3997
0.18,0.21,0.0,699.26855,670.6038,494.9716,669.0446
0.21,0.21,0.0,760.1136,670.3594,554.82153,669.67316
0.24,0.21,0.0,821.6911,669.9678,615.62225,670.27014
0.27,0.21,0.0,883.8238,669.46765,677.2557,670.87476
0.0,0.24,0.0,353.22964,729.08014,159.08067,721.61896
0.03,0.24,0.0,408.76315,729.75085,212.0126,723.4225
0.06,0.24,0.0,465.49466,730.182,266.50613,724.93286
0.09,0.24,0.0,522.9667,730.61755,322.0147,726.4631
0.12,0.24,0.0,581.23676,731.022,378.6032,727.96783
0.15,0.24,0.0,640.5705,731.1657,436.73822,729.1052
0.18,0.24,0.0,700.63947,731.2821,495.71085,730.2625
0.21,0.24,0.0,761.3573,731.4285,555.47705,731.4409
0.24,0.24,0.0,822.8326,731.2802,616.2956,732.44055
0.27,0.24,0.0,884.85486,731.0793,677.89014,733.4425
0.0,0.27,0.0,355.1704,786.67926,160.6544,779.1244
0.03,0.27,0.0,410.60776,787.8155,213.5335,781.4432
0.06,0.27,0.0,467.27295,788.7047,267.95065,783.56476
0.09,0.27,0.0,524.635,789.6338,323.34573,785.7385
0.12,0.27,0.0,582.68365,790.6058,379.61615,787.88416
0.15,0.27,0.0,641.97675,791.0755,437.6606,789.52985
0.18,0.27,0.0,701.93634,791.5758,496.52795,791.1878
0.21,0.27,0.0,762.50885,792.1163,556.1691,792.9396
0.24,0.27,0.0,823.86707,792.1688,616.9976,794.2443
0.27,0.27,0.0,885.68524,792.28357,678.51825,795.7651
0.0,0.0,0.0,328.7637,246.55019,133.68486,241.55623
0.03,0.0,0.0,390.45728,246.8954,194.3038,241.97174
0.06,0.0,0.0,451.8392,247.41333,255.1788,242.64313
0.09,0.0,0.0,512.83167,248.06944,316.18198,243.55554
0.12,0.0,0.0,573.35443,248.87706,377.09555,244.68352
0.15,0.0,0.0,633.2113,249.74873,437.71887,246.01396
0.18,0.0,0.0,692.4147,250.65082,497.88492,247.4436
0.21,0.0,0.0,750.90826,251.66058,557.4901,248.97757
0.24,0.0,0.0,808.63434,252.70691,616.52734,250.53752
0.27,0.0,0.0,865.5246,253.85089,674.8718,252.16945
0.0,0.03,0.0,328.64618,307.6647,132.06435,302.008
0.03,0.03,0.0,390.52213,307.8263,192.8978,302.41797
0.06,0.03,0.0,452.09625,308.15308,254.05295,302.99564
0.09,0.03,0.0,513.2096,308.59357,315.2624,303.7905
0.12,0.03,0.0,573.7734,309.1002,376.39166,304.74857
0.15,0.03,0.0,633.71893,309.62454,437.14832,305.84183
0.18,0.03,0.0,692.99255,310.19757,497.42175,307.0285
0.21,0.03,0.0,751.5313,310.7812,557.17053,308.2949
0.24,0.03,0.0,809.35645,311.42526,616.2324,309.5671
0.27,0.03,0.0,866.3467,312.15192,674.68774,310.86093
0.0,0.06,0.0,328.73624,369.07584,130.76672,362.8842
0.03,0.06,0.0,390.7379,369.07013,191.77206,363.22678
0.06,0.06,0.0,452.4385,369.15,253.12772,363.71973
0.09,0.06,0.0,513.62775,369.31097,314.51392,364.35974
0.12,0.06,0.0,574.2748,369.49948,375.79504,365.1075
0.15,0.06,0.0,634.2234,369.70886,436.6584,365.93863
0.18,0.06,0.0,693.5072,369.8901,497.08868,366.8175
0.21,0.06,0.0,752.1201,370.12466,556.86285,367.78418
0.24,0.06,0.0,809.97125,370.38364,615.989,368.72748
0.27,0.06,0.0,867.0413,370.6694,674.4445,369.66275
0.0,0.09,0.0,329.02884,430.6913,129.78258,424.00302
0.03,0.09,0.0,391.12363,430.48798,191.0015,424.33478
0.06,0.09,0.0,452.86978,430.24426,252.41075,424.6559
0.09,0.09,0.0,514.13727,430.0999,313.9344,425.12363
0.12,0.09,0.0,574.7552,429.99023,375.308,425.62265
0.15,0.09,0.0,634.7022,429.8295,436.28986,426.16574
0.18,0.09,0.0,694.0801,429.6586,496.75702,426.7505
0.21,0.09,0.0,752.6842,429.53903,556.6022,427.36475
0.24,0.09,0.0,810.537,429.41782,615.71045,427.95398
0.27,0.09,0.0,867.70825,429.2986,674.2282,428.55606
0.0,0.12,0.0,329.49207,492.40442,129.17899,485.36502
0.03,0.12,0.0,391.63638,491.9167,190.4767,485.58215
0.06,0.12,0.0,453.4028,491.43628,251.88762,485.75214
0.09,0.12,0.0,514.66705,490.94223,313.52692,486.03598
0.12,0.12,0.0,575.2623,490.47562,374.9272,486.2655
0.15,0.12,0.0,635.25104,489.9666,435.94507,486.5076
0.18,0.12,0.0,694.58746,489.4878,496.47186,486.77026
0.21,0.12,0.0,753.28204,488.99585,556.3768,486.9999
0.24,0.12,0.0,811.0424,488.49246,615.4674,487.25766
0.27,0.12,0.0,868.24567,487.97443,673.9722,487.54044
0.0,0.15,0.0,330.13986,554.07904,128.9478,546.7535
0.03,0.15,0.0,392.24496,553.35925,190.19293,546.89294
0.06,0.15,0.0,453.96103,552.6135,251.60127,547.0122
0.09,0.15,0.0,515.22766,551.79785,313.2025,546.99866
0.12,0.15,0.0,575.83044,550.9394,374.64227,546.972
0.15,0.15,0.0,635.779,550.1123,435.6646,546.88116
0.18,0.15,0.0,695.1048,549.27374,496.1666,546.8231
0.21,0.15,0.0,753.7977,548.4351,556.0784,546.74585
0.24,0.15,0.0,811.5591,547.5481,615.2382,546.623
0.27,0.15,0.0,868.6732,546.69324,673.79236,546.5792
0.0,0.18,0.0,330.9402,615.6783,129.06976,608.0723
0.03,0.18,0.0,392.90778,614.73865,190.16801,608.1596
0.06,0.18,0.0,454.59598,613.6868,251.56485,608.1217
0.09,0.18,0.0,515.7876,612.5651,313.08844,607.9632
0.12,0.18,0.0,576.3857,611.40924,374.4066,607.66064
0.15,0.18,0.0,636.3292,610.20526,435.41486,607.32776
0.18,0.18,0.0,695.6048,609.0398,495.9074,606.9641
0.21,0.18,0.0,754.2174,607.8461,555.79584,606.5367
0.24,0.18,0.0,812.08044,606.6013,615.0123,606.1401
0.27,0.18,0.0,869.0778,605.3108,673.5633,605.687
0.0,0.21,0.0,331.95044,677.0442,129.48045,669.21704
0.03,0.21,0.0,393.78632,675.8932,190.43356,669.28125
0.06,0.21,0.0,455.32077,674.6044,251.7497,669.0723
0.09,0.21,0.0,516.4295,673.1732,313.10056,668.7691
0.12,0.21,0.0,576.9723,671.76324,374.31787,668.30286
0.15,0.21,0.0,636.88226,670.2281,435.24652,667.6997
0.18,0.21,0.0,696.11383,668.65924,495.67514,667.0188
0.21,0.21,0.0,754.68756,667.10516,555.5822,666.33685
0.24,0.21,0.0,812.48334,665.4973,614.80585,665.5995
0.27,0.21,0.0,869.419,663.8114,673.3596,664.8232
0.0,0.24,0.0,333.12888,738.1339,130.26685,730.085
0.03,0.24,0.0,394.8163,736.8166,191.03514,730.0699
0.06,0.24,0.0,456.17178,735.22363,252.16168,729.7655
0.09,0.24,0.0,517.1425,733.6075,313.3124,729.3651
0.12,0.24,0.0,577.63666,731.9548,374.3668,728.8148
0.15,0.24,0.0,637.41614,730.0419,435.1836,727.92346
0.18,0.24,0.0,696.54895,728.1195,495.528,726.9862
0.21,0.24,0.0,755.10144,726.2387,555.3922,726.0595
0.24,0.24,0.0,812.7794,724.18866,614.5725,725.00165
0.27,0.24,0.0,869.5998,722.0729,673.13586,723.9162
0.0,0.27,0.0,334.59512,798.7043,131.34723,790.49994
0.03,0.27,0.0,396.00702,797.2282,191.95697,790.4346
0.06,0.27,0.0,457.17844,795.4036,252.90343,790.0213
0.09,0.27,0.0,517.96014,793.5808,313.80093,789.51465
0.12,0.27,0.0,578.3301,791.80414,374.6353,788.9688
0.15,0.27,0.0,637.9582,789.4815,435.27084,787.84686
0.18,0.27,0.0,696.9923,787.228,495.49893,786.69257
0.21,0.27,0.0,755.5292,785.04596,555.28467,785.58887
0.24,0.27,0.0,812.9094,782.43463,614.3476,784.098
0.27,0.27,0.0,869.70154,779.9354,672.91736,782.72705
0.0,0.0,0.0,340.38214,262.72186,153.58572,257.71338
0.03,0.0,0.0,398.26584,261.35925,209.61462,256.44376
0.06,0.0,0.0,456.57584,260.12408,266.5088,255.37979
0.09,0.0,0.0,515.11755,258.98767,324.0799,254.47485
0.12,0.0,0.0,573.83356,257.98398,382.1912,253.79646
0.15,0.0,0.0,632.6557,257.05194,440.75638,253.27495
0.18,0.0,0.0,691.4774,256.16983,499.55753,252.86903
0.21,0.0,0.0,750.2611,255.33177,558.4434,252.49307
0.24,0.0,0.0,808.8852,254.61665,617.4604,252.24382
0.27,0.0,0.0,867.42804,253.97057,676.55176,252.0249
0.0,0.03,0.0,339.13498,319.53964,150.09874,313.974
0.03,0.03,0.0,397.4819,318.30865,206.62268,312.97675
0.06,0.03,0.0,456.1989,317.20425,263.93878,312.10556
0.09,0.03,0.0,515.1472,316.16296,321.99203,311.4444
0.12,0.03,0.0,574.235,315.2269,380.62943,310.89825
0.15,0.03,0.0,633.41785,314.31198,439.6,310.48328
0.18,0.03,0.0,692.6038,313.39667,498.7637,310.15314
0.21,0.03,0.0,751.76184,312.52225,558.0877,309.87485
0.24,0.03,0.0,810.8187,311.6918,617.46533,309.63177
0.27,0.03,0.0,869.7294,310.95636,676.9026,309.41183
0.0,0.06,0.0,338.031,377.18637,146.9148,371.09235
0.03,0.06,0.0,396.77368,376.11005,203.79146,370.3747
0.06,0.06,0.0,455.88342,375.10495,261.5806,369.73608
0.09,0.06,0.0,515.23755,374.1138,320.08127,369.24402
0.12,0.06,0.0,574.69696,373.20932,379.0895,368.83768
0.15,0.06,0.0,634.19617,372.31046,438.47345,368.53906
0.18,0.06,0.0,693.73376,371.37772,498.0682,368.23962
0.21,0.06,0.0,753.2368,370.45312,557.72876,367.9993
0.24,0.06,0.0,812.6686,369.5968,617.458,367.81848
0.27,0.06,0.0,871.9656,368.74155,677.2346,367.56763
0.0,0.09,0.0,337.06042,435.57483,143.90811,429.0578
0.03,0.09,0.0,396.2281,434.64822,201.23148,428.63412
0.06,0.09,0.0,455.65396,433.67108,259.33237,428.17322
0.09,0.09,0.0,515.3679,432.7627,318.23846,427.8373
0.12,0.09,0.0,575.1788,431.9042,377.6813,427.56693
0.15,0.09,0.0,635.0042,430.98944,437.4615,427.3095
0.18,0.09,0.0,694.84515,430.00635,497.38348,427.04916
0.21,0.09,0.0,754.6962,429.08887,557.40894,426.80673
0.24,0.09,0.0,814.4537,428.2045,617.4768,426.6757
0.27,0.09,0.0,874.127,427.25525,677.59076,426.43286
0.0,0.12,0.0,336.23224,494.68115,141.20494,487.79572
0.03,0.12,0.0,395.76364,493.87488,198.93234,487.6256
0.06,0.12,0.0,455.491,492.91287,257.251,487.36737
0.09,0.12,0.0,515.53107,492.03287,316.5132,487.13797
0.12,0.12,0.0,575.6558,491.1932,376.36142,487.0273
0.15,0.12,0.0,635.8222,490.28796,436.4513,486.80692
0.18,0.12,0.0,696.01874,489.31027,496.7208,486.56046
0.21,0.12,0.0,756.166,488.35416,557.071,486.33978
0.24,0.12,0.0,816.2211,487.462,617.5133,486.23798
0.27,0.12,0.0,876.22754,486.42053,677.95795,485.98264
0.0,0.15,0.0,335.59625,554.38214,138.83257,547.14746
0.03,0.15,0.0,395.3979,553.6789,196.73274,547.2613
0.06,0.15,0.0,455.40872,552.801,255.33278,547.238
0.09,0.15,0.0,515.75134,551.9554,314.89664,547.1849
0.12,0.15,0.0,576.1947,551.1208,375.0422,547.13776
0.15,0.15,0.0,636.6412,550.1949,435.45782,547.0153
0.18,0.15,0.0,697.1378,549.2559,496.0565,546.8218
0.21,0.15,0.0,757.6095,548.25366,556.74524,546.5785
0.24,0.15,0.0,817.98566,547.3053,617.537,546.4696
0.27,0.15,0.0,878.25256,546.28516,678.33234,546.28815
0.0,0.18,0.0,335.11896,614.64044,136.74814,607.1131
0.03,0.18,0.0,395.06735,614.0067,194.75504,607.4827
0.06,0.18,0.0,455.4208,613.2943,253.70338,607.68823
0.09,0.18,0.0,516.00946,612.47974,313.47757,607.8659
0.12,0.18,0.0,576.70984,611.6131,373.81027,607.8894
0.15,0.18,0.0,637.46783,610.7031,434.48624,607.8478
0.18,0.18,0.0,698.2691,609.78357,495.4358,607.735
0.21,0.18,0.0,759.0403,608.7786,556.45447,607.6056
0.24,0.18,0.0,819.73395,607.7514,617.5513,607.4388
0.27,0.18,0.0,880.1966,606.6728,678.73425,607.3004
0.0,0.21,0.0,334.76855,675.31665,134.93614,667.46643
0.03,0.21,0.0,394.89685,674.86237,193.10558,668.1461
0.06,0.21,0.0,455.50604,674.23444,252.30058,668.6659
0.09,0.21,0.0,516.34033,673.4961,312.19843,669.0334
0.12,0.21,0.0,577.2853,672.64056,372.6776,669.2114
0.15,0.21,0.0,638.3293,671.77124,433.61737,669.2959
0.18,0.21,0.0,699.4099,670.8368,494.8452,669.2714
0.21,0.21,0.0,760.46027,669.81836,556.18176,669.19525
0.24,0.21,0.0,821.4277,668.7228,617.6251,669.07477
0.27,0.21,0.0,882.14355,667.54144,679.1041,668.9287
0.0,0.24,0.0,334.61804,736.2915,133.44604,728.14233
0.03,0.24,0.0,394.90518,736.0391,191.72775,729.17505
0.06,0.24,0.0,455.7111,735.5851,251.1242,729.977
0.09,0.24,0.0,516.72614,734.9231,311.09164,730.6059
0.12,0.24,0.0,577.86896,734.2163,371.6778,731.0253
0.15,0.24,0.0,639.19806,733.33435,432.86035,731.26324
0.18,0.24,0.0,700.5573,732.3503,494.3237,731.38586
0.21,0.24,0.0,761.8558,731.29443,555.9354,731.3997
0.24,0.24,0.0,823.01196,730.13104,617.70087,731.2951
0.27,0.24,0.0,883.92126,728.78467,679.4701,731.21893
0.0,0.27,0.0,334.68857,797.43146,132.28558,788.9735
0.03,0.27,0.0,395.13266,797.4189,190.71135,790.3845
0.06,0.27,0.0,456.09363,797.0852,250.23807,791.5079
0.09,0.27,0.0,517.2425,796.59143,310.3087,792.4254
0.12,0.27,0.0,578.5832,796.0424,370.84982,793.15155
0.15,0.27,0.0,640.104,795.1541,432.2775,793.5674
0.18,0.27,0.0,701.6463,794.1518,493.9224,793.81586
0.21,0.27,0.0,763.16815,793.0708,555.72595,793.9974
0.24,0.27,0.0,824.43274,791.7123,617.80347,793.9534
0.27,0.27,0.0,885.55676,790.24976,679.85394,793.82336
0.0,0.0,0.0,325.09055,251.17018,130.67691,246.30136
0.03,0.0,0.0,385.58514,249.49828,188.97676,244.69109
0.06,0.0,0.0,446.59723,248.00552,248.2495,243.32825
0.09,0.0,0.0,507.93063,246.67487,308.37808,242.19566
0.12,0.0,0.0,569.51324,245.47037,369.1972,241.26942
0.15,0.0,0.0,631.2427,244.33286,430.51553,240.57234
0.18,0.0,0.0,693.013,243.2998,492.16763,240.00153
0.21,0.0,0.0,754.76324,242.38423,553.98346,239.56444
0.24,0.0,0.0,816.4113,241.58183,615.9582,239.18886
0.27,0.0,0.0,877.86005,240.88506,678.0391,238.93628
0.0,0.03,0.0,327.1507,312.54404,132.03642,306.9642
0.03,0.03,0.0,387.53604,311.10107,190.31493,305.7343
0.06,0.03,0.0,448.35938,309.8131,249.5317,304.68765
0.09,0.03,0.0,509.541,308.6231,309.59778,303.84647
0.12,0.03,0.0,570.8766,307.48218,370.32684,303.16467
0.15,0.03,0.0,632.3438,306.45206,431.4951,302.59964
0.18,0.03,0.0,693.849,305.4139,492.95645,302.16193
0.21,0.03,0.0,755.3995,304.4471,554.57074,301.8132
0.24,0.03,0.0,816.8191,303.5402,616.2916,301.5484
0.27,0.03,0.0,878.1052,302.75668,678.1078,301.24927
0.0,0.06,0.0,329.3934,373.63513,133.74327,367.4786
0.03,0.06,0.0,389.5757,372.3866,191.91849,366.60666
0.06,0.06,0.0,450.244,371.23978,251.05527,365.83133
0.09,0.06,0.0,511.1526,370.16064,311.01453,365.1902
0.12,0.06,0.0,572.2391,369.0794,371.5794,364.68826
0.15,0.06,0.0,633.43854,368.0899,432.57492,364.25385
0.18,0.06,0.0,694.6899,367.07538,493.81445,363.92465
0.21,0.06,0.0,755.9063,366.0848,555.1782,363.63815
0.24,0.06,0.0,817.09784,365.14877,616.6236,363.4151
0.27,0.06,0.0,878.1677,364.2641,678.1317,363.14435
0.0,0.09,0.0,331.75476,434.29172,135.78073,427.6753
0.03,0.09,0.0,391.79953,433.19525,193.88936,427.0794
0.06,0.09,0.0,452.16187,432.16812,252.77524,426.6064
0.09,0.09,0.0,512.8464,431.15002,312.5568,426.16934
0.12,0.09,0.0,573.6934,430.15497,372.9404,425.7622
0.15,0.09,0.0,634.53516,429.13153,433.7142,425.42615
0.18,0.09,0.0,695.474,428.15717,494.7002,425.1833
0.21,0.09,0.0,756.4062,427.1843,555.7855,424.95227
0.24,0.09,0.0,817.33044,426.20255,616.9762,424.71423
0.27,0.09,0.0,878.12585,425.26126,678.1748,424.51633
0.0,0.12,0.0,334.3374,494.42014,138.1309,487.46375
0.03,0.12,0.0,394.13974,493.40097,196.08472,487.15225
0.06,0.12,0.0,454.1773,492.53403,254.68954,486.936
0.09,0.12,0.0,514.564,491.57343,314.26917,486.63574
0.12,0.12,0.0,575.09985,490.50778,374.45187,486.3299
0.15,0.12,0.0,635.65906,489.55228,434.92108,486.06735
0.18,0.12,0.0,696.26935,488.62158,495.6267,485.88223
0.21,0.12,0.0,756.9024,487.7095,556.4218,485.70563
0.24,0.12,0.0,817.4935,486.64972,617.329,485.4496
0.27,0.12,0.0,878.0124,485.7033,678.2082,485.2883
0.0,0.15,0.0,337.06943,553.85144,140.84941,546.6684
0.03,0.15,0.0,396.51544,552.9914,198.46027,546.6298
0.06,0.15,0.0,456.22772,552.2425,256.82446,546.6785
0.09,0.15,0.0,516.3126,551.3333,316.09772,546.56726
0.12,0.15,0.0,576.50977,550.3321,375.96362,546.35657
0.15,0.15,0.0,636.7434,549.3804,436.17673,546.17255
0.18,0.15,0.0,697.03174,548.43726,496.54333,546.0247
0.21,0.15,0.0,757.37225,547.5737,557.0433,545.9161
0.24,0.15,0.0,817.6144,546.50964,617.64905,545.6645
0.27,0.15,0.0,877.80383,545.54,678.314,545.53204
0.0,0.18,0.0,339.9015,612.625,143.81366,605.2349
0.03,0.18,0.0,398.9194,611.9662,201.04225,605.5358
0.06,0.18,0.0,458.35477,611.21497,259.16525,605.74817
0.09,0.18,0.0,518.0746,610.36664,318.0941,605.7744
0.12,0.18,0.0,577.8782,609.47833,377.5413,605.7894
0.15,0.18,0.0,637.80835,608.55237,437.4202,605.69635
0.18,0.18,0.0,697.7798,607.63605,497.5028,605.5906
0.21,0.18,0.0,757.7895,606.7567,557.6725,605.517
0.24,0.18,0.0,817.7305,605.7428,617.9929,605.3563
0.27,0.18,0.0,877.4516,604.6388,678.35474,605.2178
0.0,0.21,0.0,342.8374,670.65594,147.01593,663.15137
0.03,0.21,0.0,401.4766,670.14276,203.87941,663.69635
0.06,0.21,0.0,460.52173,669.4573,261.70444,664.0844
0.09,0.21,0.0,519.8612,668.71436,320.21445,664.3413
0.12,0.21,0.0,579.29425,667.957,379.21127,664.5668
0.15,0.21,0.0,638.9031,667.04126,438.72495,664.54736
0.18,0.21,0.0,698.5305,666.10706,498.48523,664.535
0.21,0.21,0.0,758.17334,665.2076,558.369,664.534
0.24,0.21,0.0,817.7336,664.2045,618.3445,664.41077
0.27,0.21,0.0,877.1588,663.0742,678.4188,664.3166
0.0,0.24,0.0,345.87045,727.8656,150.39554,720.27966
0.03,0.24,0.0,404.08426,727.5473,206.87567,721.0854
0.06,0.24,0.0,462.78473,726.8996,264.40375,721.6115
0.09,0.24,0.0,521.6558,726.28766,322.42197,722.1593
0.12,0.24,0.0,580.7399,725.738,380.95267,722.66766
0.15,0.24,0.0,639.981,724.7732,440.12177,722.70166
0.18,0.24,0.0,699.23895,723.8332,499.56055,722.7594
0.21,0.24,0.0,758.49994,722.9775,559.03827,722.938
0.24,0.24,0.0,817.66406,721.84595,618.7221,722.81793
0.27,0.24,0.0,876.68176,720.6522,678.47015,722.7559
0.0,0.27,0.0,349.0095,784.1689,154.06676,776.4889
0.03,0.27,0.0,406.82068,783.97125,210.17679,777.5214
0.06,0.27,0.0,465.11432,783.36755,267.27872,778.2445
0.09,0.27,0.0,523.57416,782.9026,324.873,779.0152
0.12,0.27,0.0,582.201,782.62103,382.85413,779.9309
0.15,0.27,0.0,641.0382,781.5669,441.66302,780.0301
0.18,0.27,0.0,699.91003,780.66113,500.63953,780.2045
0.21,0.27,0.0,758.80176,779.8793,559.7645,780.5755
0.24,0.27,0.0,817.4823,778.49365,619.10254,780.33856
0.27,0.27,0.0,876.0737,777.28546,678.4905,780.4004
0.0,0.0,0.0,470.912,140.82834,274.64053,136.96912
0.03,0.0,0.0,532.1444,142.00294,335.82364,138.08173
0.06,0.0,0.0,592.8015,143.35765,396.892,139.5561
0.09,0.0,0.0,652.8536,144.83163,457.6355,141.21812
0.12,0.0,0.0,712.2194,146.47249,518.025,143.11964
0.15,0.0,0.0,770.804,148.25433,577.8617,145.16933
0.18,0.0,0.0,828.52185,150.22804,637.1182,147.34952
0.21,0.0,0.0,885.2866,152.31035,695.6752,149.63017
0.24,0.0,0.0,941.1007,154.5853,753.5041,151.99754
0.27,0.0,0.0,995.7103,157.02838,810.6141,154.4966
0.0,0.03,0.0,470.9061,201.33856,273.0621,196.96794
0.03,0.03,0.0,532.3384,202.27014,334.55853,198.02348
0.06,0.03,0.0,593.1872,203.33495,395.87796,199.34991
0.09,0.03,0.0,653.4069,204.55629,456.9087,200.89096
0.12,0.03,0.0,712.875,205.83188,517.4854,202.571
0.15,0.03,0.0,771.58856,207.17287,577.4626,204.35878
0.18,0.03,0.0,829.51324,208.67947,636.85315,206.22128
0.21,0.03,0.0,886.485,210.25519,695.53784,208.15192
0.24,0.03,0.0,942.455,211.98329,753.5071,210.14824
0.27,0.03,0.0,997.30347,213.89848,810.76025,212.20972
0.0,0.06,0.0,471.0899,262.40042,271.75604,257.58633
0.03,0.06,0.0,532.65533,263.10342,333.50836,258.5674
0.06,0.06,0.0,593.62714,263.8652,395.0979,259.72943
0.09,0.06,0.0,653.92206,264.70413,456.2883,261.0434
0.12,0.06,0.0,713.5056,265.62164,517.0048,262.48898
0.15,0.06,0.0,772.31824,266.5855,577.107,263.98538
0.18,0.06,0.0,830.3671,267.58453,636.5699,265.54657
0.21,0.06,0.0,887.49066,268.69565,695.3683,267.10916
0.24,0.06,0.0,943.5991,269.93295,753.44403,268.71945
0.27,0.06,0.0,998.65063,271.29675,810.8106,270.38123
0.0,0.09,0.0,471.3784,323.80936,270.68698,318.68344
0.03,0.09,0.0,533.0373,324.25854,332.7038,319.5207
0.06,0.09,0.0,594.1313,324.692,394.43735,320.46548
0.09,0.09,0.0,654.4812,325.1836,455.8304,321.52356
0.12,0.09,0.0,714.0836,325.72565,516.61646,322.74274
0.15,0.09,0.0,772.9578,326.28088,576.7785,323.92297
0.18,0.09,0.0,831.1346,326.8277,636.3443,325.1203
0.21,0.09,0.0,888.37976,327.4763,695.1734,326.32935
0.24,0.09,0.0,944.5401,328.26117,753.28314,327.6061
0.27,0.09,0.0,999.7753,329.05746,810.7834,328.79947
0.0,0.12,0.0,471.79312,385.4514,269.88177,380.1167
0.03,0.12,0.0,533.5107,385.596,332.04474,380.77396
0.06,0.12,0.0,594.6506,385.67627,393.93387,381.45776
0.09,0.12,0.0,654.988,385.7941,455.40848,382.2413
0.12,0.12,0.0,714.5977,385.98465,516.3074,383.12442
0.15,0.12,0.0,773.5233,386.132,576.4943,383.9966
0.18,0.12,0.0,831.7786,386.27628,636.0828,384.84158
0.21,0.12,0.0,889.1641,386.47006,695.0452,385.6882
0.24,0.12,0.0,945.3166,386.76965,753.08185,386.60767
0.27,0.12,0.0,1000.6734,387.06073,810.6695,387.4456
0.0,0.15,0.0,472.27094,447.20044,269.30432,441.78705
0.03,0.15,0.0,534.03156,446.9763,331.56906,442.20605
0.06,0.15,0.0,595.1581,446.72775,393.51263,442.63147
0.09,0.15,0.0,655.53235,446.51584,455.0609,443.09412
0.12,0.15,0.0,715.1466,446.31506,515.9919,443.6114
0.15,0.15,0.0,774.0536,446.0647,576.2287,444.16016
0.18,0.15,0.0,832.3237,445.81598,635.8168,444.63058
0.21,0.15,0.0,889.79596,445.60034,694.79285,445.15823
0.24,0.15,0.0,946.0371,445.416,752.9225,445.68332
0.27,0.15,0.0,1001.3374,445.2622,810.5138,446.22992
0.0,0.18,0.0,472.80148,508.93335,268.92484,503.58017
0.03,0.18,0.0,534.54675,508.37762,331.14236,503.71146
0.06,0.18,0.0,595.66394,507.8125,393.15402,503.8473
0.09,0.18,0.0,656.0374,507.21243,454.72107,504.0226
0.12,0.18,0.0,715.6899,506.61795,515.66974,504.19302
0.15,0.18,0.0,774.59766,505.994,575.9618,504.34586
0.18,0.18,0.0,832.8257,505.3782,635.5815,504.48972
0.21,0.18,0.0,890.26886,504.77063,694.5081,504.67798
0.24,0.18,0.0,946.6414,504.16312,752.7765,504.8836
0.27,0.18,0.0,1001.8632,503.53214,810.29443,505.05533
0.0,0.21,0.0,473.39383,570.7225,268.6608,565.38214
0.03,0.21,0.0,535.1209,569.7636,330.90305,565.30914
0.06,0.21,0.0,596.1674,568.825,392.90662,565.16327
0.09,0.21,0.0,656.5529,567.8604,454.4174,564.99677
0.12,0.21,0.0,716.2428,566.8977,515.4159,564.82104
0.15,0.21,0.0,775.1243,565.92456,575.6902,564.59595
0.18,0.21,0.0,833.27136,564.9086,635.3264,564.4227
0.21,0.21,0.0,890.69354,563.8927,694.2883,564.2799
0.24,0.21,0.0,947.0352,562.84344,752.5969,564.11255
0.27,0.21,0.0,1002.262,561.74536,810.155,563.9742
0.0,0.24,0.0,474.046,632.41986,268.59167,627.1635
0.03,0.24,0.0,535.74194,631.1454,330.7608,626.89404
0.06,0.24,0.0,596.72327,629.79987,392.67987,626.44415
0.09,0.24,0.0,657.0708,628.4945,454.18002,625.9808
0.12,0.24,0.0,716.80884,627.20276,515.1611,625.52936
0.15,0.24,0.0,775.6066,625.79517,575.4545,624.9382
0.18,0.24,0.0,833.6901,624.4067,635.07556,624.41486
0.21,0.24,0.0,891.07367,622.9775,694.1308,623.9276
0.24,0.24,0.0,947.31024,621.4658,752.3777,623.3981
0.27,0.24,0.0,1002.4688,619.8558,809.9847,622.88434
0.0,0.27,0.0,474.78616,693.973,268.7428,688.7928
0.03,0.27,0.0,536.3664,692.3562,330.77664,688.3054
0.06,0.27,0.0,597.28424,690.59656,392.63522,687.58264
0.09,0.27,0.0,657.572,688.9329,454.0205,686.87396
0.12,0.27,0.0,717.35394,687.37897,514.98676,686.23395
0.15,0.27,0.0,776.0075,685.5047,575.2414,685.2619
0.18,0.27,0.0,834.03265,683.66736,634.8538,684.3881
0.21,0.27,0.0,891.3899,681.8841,693.95795,683.6108
0.24,0.27,0.0,947.3441,679.78076,752.0902,682.62164
0.27,0.27,0.0,1002.47473,677.7371,809.7371,681.75433
0.0,0.0,0.0,475.5966,162.25632,287.82556,158.18427
0.03,0.0,0.0,533.842,161.01181,345.10345,157.02167
0.06,0.0,0.0,592.16864,159.92308,402.88998,156.06021
0.09,0.0,0.0,650.5929,158.94112,461.0344,155.3173
0.12,0.0,0.0,709.09283,158.12392,519.4651,154.78604
0.15,0.0,0.0,767.45087,157.47122,578.0763,154.38403
0.18,0.0,0.0,825.658,156.97673,636.7454,154.10773
0.21,0.0,0.0,883.5534,156.63905,695.45215,153.92332
0.24,0.0,0.0,941.0773,156.52484,754.09357,153.90303
0.27,0.0,0.0,998.0865,156.66808,812.705,154.04066
0.0,0.03,0.0,475.14392,218.06157,285.1324,213.55647
0.03,0.03,0.0,533.81934,216.88788,342.94806,212.58028
0.06,0.03,0.0,592.62244,215.84445,401.2246,211.8405
0.09,0.03,0.0,651.51556,214.90628,459.8451,211.24577
0.12,0.03,0.0,710.3882,214.06375,518.72876,210.81012
0.15,0.03,0.0,769.2072,213.32175,577.76013,210.5127
0.18,0.03,0.0,827.86224,212.7067,636.85876,210.25723
0.21,0.03,0.0,886.2451,212.22423,695.9863,210.04611
0.24,0.03,0.0,944.2659,211.92365,755.08765,209.99635
0.27,0.03,0.0,1001.7541,211.79672,814.1346,209.97253
0.0,0.06,0.0,474.80585,274.838,282.56323,270.00424
0.03,0.06,0.0,533.8942,273.79364,340.83023,269.26248
0.06,0.06,0.0,593.1116,272.7856,399.6318,268.65793
0.09,0.06,0.0,652.3581,271.8563,458.74734,268.20062
0.12,0.06,0.0,711.65375,270.9934,518.08105,267.89526
0.15,0.06,0.0,770.86865,270.16968,577.4762,267.60526
0.18,0.06,0.0,829.9707,269.42477,636.95404,267.36243
0.21,0.06,0.0,888.8222,268.8236,696.4963,267.14703
0.24,0.06,0.0,947.3009,268.33453,756.0127,267.04837
0.27,0.06,0.0,1005.25525,268.04675,815.4706,266.95203
0.0,0.09,0.0,474.5348,332.48758,280.2139,327.40067
0.03,0.09,0.0,534.0458,331.55823,338.9694,326.8528
0.06,0.09,0.0,593.62164,330.52246,398.15424,326.34543
0.09,0.09,0.0,653.2865,329.6122,457.71677,326.00107
0.12,0.09,0.0,712.88324,328.78345,517.4408,325.78055
0.15,0.09,0.0,772.4906,327.9152,577.2386,325.56302
0.18,0.09,0.0,832.01154,327.02747,637.0862,325.30563
0.21,0.09,0.0,891.3124,326.30322,696.9685,325.0864
0.24,0.09,0.0,950.1652,325.71347,756.87335,324.9733
0.27,0.09,0.0,1008.59247,325.13242,816.7442,324.82196
0.0,0.12,0.0,474.39966,390.94086,277.96338,385.67474
0.03,0.12,0.0,534.3073,390.1028,337.23642,385.3286
0.06,0.12,0.0,594.1984,389.0428,396.75015,384.851
0.09,0.12,0.0,654.1834,388.14664,456.72714,384.59644
0.12,0.12,0.0,714.1308,387.3144,516.8706,384.4552
0.15,0.12,0.0,774.04816,386.42566,577.0399,384.28943
0.18,0.12,0.0,833.9889,385.44534,637.2315,384.00595
0.21,0.12,0.0,893.68896,384.55182,697.45764,383.7669
0.24,0.12,0.0,952.89557,383.87485,757.6801,383.69568
0.27,0.12,0.0,1011.7641,383.1149,817.9603,383.4663
0.0,0.15,0.0,474.32303,450.1485,275.9359,444.77472
0.03,0.15,0.0,534.54407,449.29144,335.54657,444.5232
0.06,0.15,0.0,594.7696,448.26813,395.48672,444.17575
0.09,0.15,0.0,655.0908,447.3725,455.82535,443.95667
0.12,0.15,0.0,715.38477,446.4912,516.33203,443.81747
0.15,0.15,0.0,775.645,445.5832,576.849,443.677
0.18,0.15,0.0,835.8999,444.59253,637.3736,443.4262
0.21,0.15,0.0,895.9668,443.59277,697.9509,443.1893
0.24,0.15,0.0,955.54407,442.77704,758.53033,443.1028
0.27,0.15,0.0,1014.70496,441.89127,819.15405,442.9187
0.0,0.18,0.0,474.29376,509.9573,274.06827,504.63196
0.03,0.18,0.0,534.82214,509.0702,333.9232,504.4549
0.06,0.18,0.0,595.4129,508.1605,394.26883,504.2666
0.09,0.18,0.0,656.0066,507.24414,454.94873,504.10092
0.12,0.18,0.0,716.6268,506.3204,515.7591,503.92725
0.15,0.18,0.0,777.2089,505.39233,576.61945,503.73334
0.18,0.18,0.0,837.7501,504.39,637.5102,503.55997
0.21,0.18,0.0,898.1498,503.34915,698.4456,503.35834
0.24,0.18,0.0,958.10876,502.36057,759.3702,503.21063
0.27,0.18,0.0,1017.5113,501.36707,820.3475,503.07312
0.0,0.21,0.0,474.30508,570.4022,272.30646,565.09863
0.03,0.21,0.0,535.12964,569.53455,332.4511,565.0593
0.06,0.21,0.0,596.0267,568.6239,393.14743,565.00134
0.09,0.21,0.0,656.95374,567.71216,454.12015,564.8739
0.12,0.21,0.0,717.8863,566.74023,515.2001,564.68695
0.15,0.21,0.0,778.77094,565.79034,576.4275,564.5331
0.18,0.21,0.0,839.6296,564.7983,637.65375,564.3719
0.21,0.21,0.0,900.26624,563.6982,698.9352,564.2018
0.24,0.21,0.0,960.5185,562.555,760.2176,564.0734
0.27,0.21,0.0,1020.2117,561.3965,821.5369,563.91284
0.0,0.24,0.0,474.3239,631.39264,270.65564,626.1753
0.03,0.24,0.0,535.4851,630.5948,331.07413,626.28815
0.06,0.24,0.0,596.68695,629.708,392.08905,626.3893
0.09,0.24,0.0,657.89716,628.79083,453.26965,626.31976
0.12,0.24,0.0,719.144,627.79565,514.67365,626.1594
0.15,0.24,0.0,780.32324,626.808,576.25,626.049
0.18,0.24,0.0,841.4066,625.7458,637.82886,625.9112
0.21,0.24,0.0,902.36426,624.57434,699.4512,625.74976
0.24,0.24,0.0,962.77655,623.32916,761.0843,625.61383
0.27,0.24,0.0,1022.67645,621.90027,822.6954,625.42175
0.0,0.27,0.0,474.4407,692.894,269.1646,687.68146
0.03,0.27,0.0,535.84607,692.1386,329.85724,688.0402
0.06,0.27,0.0,597.369,691.3041,391.1165,688.2308
0.09,0.27,0.0,658.87305,690.37695,452.53485,688.3203
0.12,0.27,0.0,720.40765,689.3718,514.11957,688.31464
0.15,0.27,0.0,781.8544,688.33545,576.0566,688.1988
0.18,0.27,0.0,843.1517,687.1735,637.9966,688.0848
0.21,0.27,0.0,904.33057,685.8761,699.95154,687.9671
0.24,0.27,0.0,964.8416,684.4186,761.8983,687.76263
0.27,0.27,0.0,1024.9636,682.8081,823.803,687.5095
0.0,0.0,0.0,466.77338,145.8318,270.94138,141.97531
0.03,0.0,0.0,527.707,144.31677,330.73975,140.46472
0.06,0.0,0.0,588.8498,142.99805,391.1064,139.21744
0.09,0.0,0.0,650.12225,141.85268,451.98105,138.23137
0.12,0.0,0.0,711.42584,140.90204,513.2137,137.45653
0.15,0.0,0.0,772.6549,140.12825,574.65204,136.91187
0.18,0.0,0.0,833.7018,139.54607,636.2419,136.50372
0.21,0.0,0.0,894.4575,139.20341,697.8716,136.24318
0.24,0.0,0.0,954.70166,139.16444,759.47766,136.13997
0.27,0.0,0.0,1014.41626,139.4308,820.97485,136.25392
0.0,0.03,0.0,468.20837,207.18752,271.7444,202.81906
0.03,0.03,0.0,529.039,205.82825,331.52014,201.61171
0.06,0.03,0.0,590.0298,204.60237,391.8731,200.61949
0.09,0.03,0.0,651.1412,203.48067,452.65378,199.84978
0.12,0.03,0.0,712.3105,202.51201,513.7823,199.24126
0.15,0.03,0.0,773.35236,201.67624,575.0653,198.7846
0.18,0.03,0.0,834.3165,200.97984,636.4916,198.39262
0.21,0.03,0.0,894.96674,200.45807,697.9212,198.15205
0.24,0.03,0.0,955.21246,200.1744,759.3271,198.01562
0.27,0.03,0.0,1014.85486,200.14735,820.78906,198.0139
0.0,0.06,0.0,469.8152,268.4411,272.81256,263.64908
0.03,0.06,0.0,530.43677,267.22797,332.54584,262.742
0.06,0.06,0.0,591.2498,266.09518,392.83267,261.9481
0.09,0.06,0.0,652.1708,265.02448,453.4852,261.39417
0.12,0.06,0.0,713.088,264.03223,514.4271,260.89084
0.15,0.06,0.0,773.9543,263.1078,575.51855,260.52402
0.18,0.06,0.0,834.7588,262.30658,636.69495,260.19226
0.21,0.06,0.0,895.2952,261.64478,697.923,259.9272
0.24,0.06,0.0,955.41425,261.14667,759.1726,259.75363
0.27,0.06,0.0,1015.0041,260.85504,820.3851,259.66772
0.0,0.09,0.0,471.48566,329.44107,274.12955,324.3528
0.03,0.09,0.0,531.9511,328.32175,333.79355,323.60858
0.06,0.09,0.0,592.542,327.24905,393.9231,323.0535
0.09,0.09,0.0,653.1757,326.175,454.42923,322.58484
0.12,0.09,0.0,713.8163,325.19034,515.20087,322.22003
0.15,0.09,0.0,774.4754,324.2488,576.0076,321.8496
0.18,0.09,0.0,835.0612,323.3932,636.9346,321.61783
0.21,0.09,0.0,895.43933,322.57803,697.8833,321.41626
0.24,0.09,0.0,955.3897,321.91434,758.9141,321.1774
0.27,0.09,0.0,1014.9067,321.39465,819.91614,321.02768
0.0,0.12,0.0,473.28494,390.0312,275.7264,384.73245
0.03,0.12,0.0,533.5202,388.93976,335.29117,384.18393
0.06,0.12,0.0,593.8046,387.96982,395.14966,383.76596
0.09,0.12,0.0,654.1794,386.9258,455.44855,383.40625
0.12,0.12,0.0,714.5313,385.9185,515.9788,383.05954
0.15,0.12,0.0,774.9025,384.95657,576.54407,382.76917
0.18,0.12,0.0,835.253,384.02103,637.162,382.5703
0.21,0.12,0.0,895.4875,383.1667,697.86865,382.40622
0.24,0.12,0.0,955.17084,382.32867,758.5912,382.13452
0.27,0.12,0.0,1014.4945,381.6273,819.3644,381.97897
0.0,0.15,0.0,475.16345,450.03345,277.52078,444.67896
0.03,0.15,0.0,535.10016,448.998,336.8399,444.30222
0.06,0.15,0.0,595.068,448.08533,396.48544,444.00793
0.09,0.15,0.0,655.16504,447.09238,456.5591,443.70245
0.12,0.15,0.0,715.23236,446.074,516.8156,443.3985
0.15,0.15,0.0,775.3165,445.0922,577.08466,443.17743
0.18,0.15,0.0,835.38727,444.1463,637.43146,442.96466
0.21,0.15,0.0,895.3395,443.2509,697.8058,442.80215
0.24,0.15,0.0,954.79755,442.27054,758.2553,442.5669
0.27,0.15,0.0,1013.8757,441.44174,818.75116,442.4415
0.0,0.18,0.0,477.0633,509.48514,279.46127,504.14362
0.03,0.18,0.0,536.66504,508.54343,338.44025,503.89014
0.06,0.18,0.0,596.352,507.59955,397.92178,503.68646
0.09,0.18,0.0,656.13135,506.6512,457.69904,503.43585
0.12,0.18,0.0,715.8855,505.6369,517.6068,503.20102
0.15,0.18,0.0,775.6702,504.6577,577.60547,502.9845
0.18,0.18,0.0,835.45325,503.68286,637.66187,502.798
0.21,0.18,0.0,895.06384,502.7439,697.77313,502.66882
0.24,0.18,0.0,954.3312,501.71646,757.9485,502.50018
0.27,0.18,0.0,1013.0934,500.6966,818.1171,502.33267
0.0,0.21,0.0,478.96808,568.31287,281.5203,563.0484
0.03,0.21,0.0,538.2709,567.393,340.18542,562.9628
0.06,0.21,0.0,597.66254,566.4332,399.4056,562.7617
0.09,0.21,0.0,657.0913,565.47955,458.82706,562.599
0.12,0.21,0.0,716.5535,564.59515,518.4036,562.47156
0.15,0.21,0.0,776.0243,563.5849,578.15454,562.2247
0.18,0.21,0.0,835.4507,562.5907,637.9122,562.0334
0.21,0.21,0.0,894.7431,561.6142,697.7363,561.95996
0.24,0.21,0.0,953.7034,560.5177,757.63245,561.8169
0.27,0.21,0.0,1012.1364,559.38257,817.50867,561.6898
0.0,0.24,0.0,480.88394,626.5284,283.6326,621.3549
0.03,0.24,0.0,539.84875,625.6971,342.00586,621.39703
0.06,0.24,0.0,598.9454,624.6601,400.88788,621.2582
0.09,0.24,0.0,658.0522,623.7737,459.99142,621.20215
0.12,0.24,0.0,717.2237,622.9534,519.2369,621.21234
0.15,0.24,0.0,776.32825,621.87555,578.6793,620.9288
0.18,0.24,0.0,835.41766,620.83484,638.1646,620.79364
0.21,0.24,0.0,894.3708,619.84717,697.7113,620.7498
0.24,0.24,0.0,952.911,618.6678,757.2874,620.58606
0.27,0.24,0.0,1011.017,617.3649,816.8682,620.4436
0.0,0.27,0.0,482.8415,684.0669,285.9056,678.98956
0.03,0.27,0.0,541.4922,683.2218,343.95233,679.1284
0.06,0.27,0.0,600.2384,682.17004,402.51736,679.03394
0.09,0.27,0.0,659.02563,681.2839,461.23138,679.1171
0.12,0.27,0.0,717.8539,680.6498,520.0816,679.3374
0.15,0.27,0.0,776.59375,679.4408,579.24146,679.0552
0.18,0.27,0.0,835.3055,678.35815,638.4217,678.9027
0.21,0.27,0.0,893.92145,677.37024,697.6768,679.0036
0.24,0.27,0.0,951.9745,675.8796,756.9182,678.6717
0.27,0.27,0.0,1009.722,674.552,816.18726,678.58044
0.0,0.0,0.0,614.5512,256.66626,423.06467,252.69788
0.03,0.0,0.0,672.61176,253.83504,479.92798,250.32043
0.06,0.0,0.0,731.3484,251.06923,537.6446,248.01122
0.09,0.0,0.0,790.7166,248.30492,596.1858,245.71968
0.12,0.0,0.0,850.6993,245.6755,655.5015,243.49712
0.15,0.0,0.0,911.1169,243.16231,715.62427,241.30635
0.18,0.0,0.0,971.78357,240.81108,776.45807,239.17284
0.21,0.0,0.0,1032.5409,238.66599,837.94684,237.13728
0.24,0.0,0.0,1093.182,236.75858,899.984,235.2374
0.27,0.0,0.0,1153.5094,235.13899,962.41693,233.52686
0.0,0.03,0.0,615.84235,315.14618,423.31787,311.1188
0.03,0.03,0.0,673.9675,312.65753,480.27625,309.21613
0.06,0.03,0.0,732.7875,310.19876,538.10596,307.3113
0.09,0.03,0.0,792.30646,307.75586,596.72626,305.4725
0.12,0.03,0.0,852.3886,305.38794,656.1411,303.66412
0.15,0.03,0.0,912.951,303.07654,716.31354,301.7988
0.18,0.03,0.0,973.8288,300.9069,777.2537,299.98718
0.21,0.03,0.0,1034.8004,298.86508,838.89746,298.24692
0.24,0.03,0.0,1095.6545,297.0719,901.13904,296.61234
0.27,0.03,0.0,1156.1989,295.42642,963.77167,295.11606
0.0,0.06,0.0,617.174,373.7842,423.65475,369.7886
0.03,0.06,0.0,675.29395,371.69547,480.7415,368.3089
0.06,0.06,0.0,734.2026,369.54642,538.63855,366.8547
0.09,0.06,0.0,793.762,367.4445,597.2828,365.41513
0.12,0.06,0.0,853.9557,365.35486,656.759,363.97488
0.15,0.06,0.0,914.62463,363.30536,716.9695,362.52472
0.18,0.06,0.0,975.62854,361.305,777.9652,361.05978
0.21,0.06,0.0,1036.7817,359.43933,839.7389,359.648
0.24,0.06,0.0,1097.7845,357.6572,902.1139,358.3199
0.27,0.06,0.0,1158.5242,356.11908,964.8908,357.04865
0.0,0.09,0.0,618.44824,432.4931,424.04797,428.59967
0.03,0.09,0.0,676.6866,430.76776,481.26974,427.54108
0.06,0.09,0.0,735.5229,428.98434,539.1264,426.48718
0.09,0.09,0.0,795.16473,427.2115,597.86115,425.41235
0.12,0.09,0.0,855.4142,425.45676,657.35144,424.37158
0.15,0.09,0.0,916.1756,423.67233,717.62714,423.32117
0.18,0.09,0.0,977.272,421.92166,778.6664,422.23984
0.21,0.09,0.0,1038.545,420.24628,840.4947,421.19522
0.24,0.09,0.0,1099.596,418.63248,902.97076,420.2298
0.27,0.09,0.0,1160.5042,417.0693,965.8783,419.22916
0.0,0.12,0.0,619.78766,491.23676,424.52374,487.52313
0.03,0.12,0.0,678.04724,489.85388,481.8223,486.86978
0.06,0.12,0.0,736.8816,488.4527,539.65686,486.18167
0.09,0.12,0.0,796.54034,487.0039,598.48175,485.5119
0.12,0.12,0.0,856.7806,485.56873,658.00055,484.84567
0.15,0.12,0.0,917.57574,484.12445,718.2908,484.19003
0.18,0.12,0.0,978.7627,482.6515,779.37244,483.54745
0.21,0.12,0.0,1040.0608,481.15433,841.23444,482.8836
0.24,0.12,0.0,1101.1586,479.65613,903.80316,482.22412
0.27,0.12,0.0,1162.0793,478.182,966.721,481.5909
0.0,0.15,0.0,621.1621,549.9513,425.12036,546.5131
0.03,0.15,0.0,679.40875,548.9102,482.36017,546.23755
0.06,0.15,0.0,738.26544,547.92377,540.2357,545.95953
0.09,0.15,0.0,797.8991,546.8496,599.08716,545.696
0.12,0.15,0.0,858.1568,545.72723,658.6181,545.40045
0.15,0.15,0.0,918.9212,544.5634,718.9557,545.14307
0.18,0.15,0.0,980.0408,543.3727,780.0779,544.9012
0.21,0.15,0.0,1041.3279,542.09015,841.93494,544.6567
0.24,0.15,0.0,1102.4331,540.7081,904.4793,544.3388
0.27,0.15,0.0,1163.2831,539.2886,967.4289,544.02
0.0,0.18,0.0,622.53125,608.64233,425.7564,605.5187
0.03,0.18,0.0,680.7161,607.9921,482.92276,605.6688
0.06,0.18,0.0,739.6191,607.3444,540.8925,605.80896
0.09,0.18,0.0,799.22034,606.61237,599.7168,605.9059
0.12,0.18,0.0,859.44037,605.82184,659.2672,606.00757
0.15,0.18,0.0,920.11633,604.94104,719.6124,606.17444
0.18,0.18,0.0,981.1869,603.97394,780.73553,606.29395
0.21,0.18,0.0,1042.3619,602.89185,842.6017,606.4311
0.24,0.18,0.0,1103.4135,601.64056,905.0816,606.4663
0.27,0.18,0.0,1164.0907,600.2671,967.9977,606.40356
0.0,0.21,0.0,623.91003,667.24005,426.42053,664.4728
0.03,0.21,0.0,682.06665,666.97455,483.54068,665.0945
0.06,0.21,0.0,740.9709,666.6185,541.58276,665.5826
0.09,0.21,0.0,800.49664,666.24414,600.37335,666.13947
0.12,0.21,0.0,860.60675,665.77966,659.88727,666.687
0.15,0.21,0.0,921.2645,665.1349,720.27594,667.18506
0.18,0.21,0.0,982.0966,664.3547,781.39307,667.64496
0.21,0.21,0.0,1043.1504,663.4683,843.20996,668.1499
0.24,0.21,0.0,1104.0342,662.35583,905.592,668.4737
0.27,0.21,0.0,1164.574,661.00916,968.3875,668.7141
0.0,0.24,0.0,625.24146,725.7256,427.11786,723.3526
0.03,0.24,0.0,683.364,725.79065,484.2161,724.393
0.06,0.24,0.0,742.25134,725.7197,542.32605,725.3276
0.09,0.24,0.0,801.67303,725.6375,601.0451,726.3001
0.12,0.24,0.0,861.66876,725.5357,660.49396,727.31445
0.15,0.24,0.0,922.1329,725.0374,720.8829,728.1108
0.18,0.24,0.0,982.81775,724.44794,781.95605,728.93616
0.21,0.24,0.0,1043.6736,723.7298,843.6721,729.732
0.24,0.24,0.0,1104.3198,722.626,905.9253,730.2993
0.27,0.24,0.0,1164.6559,721.34125,968.60175,730.7347
0.0,0.27,0.0,626.59406,783.9268,427.9608,781.9959
0.03,0.27,0.0,684.66437,784.30566,485.0457,783.482
0.06,0.27,0.0,743.4685,784.4447,543.089,784.785
0.09,0.27,0.0,802.77136,784.645,601.76495,786.1495
0.12,0.27,0.0,862.58075,784.8776,661.07086,787.71234
0.15,0.27,0.0,922.81647,784.52576,721.4565,788.77496
0.18,0.27,0.0,983.2915,784.07,782.4134,789.87006
0.21,0.27,0.0,1043.9099,783.4773,843.9782,791.0609
0.24,0.27,0.0,1104.2377,782.34106,906.0715,791.72455
0.27,0.27,0.0,1164.3125,781.10803,968.48663,792.3829
0.0,0.0,0.0,614.6504,239.894,413.59952,235.79373
0.03,0.0,0.0,675.7502,240.85426,475.68167,237.23267
0.06,0.0,0.0,736.10034,241.90479,537.216,238.82602
0.09,0.0,0.0,795.6628,243.03445,598.11127,240.48613
0.12,0.0,0.0,854.3171,244.28683,658.3922,242.19774
0.15,0.0,0.0,912.0145,245.6126,717.9087,243.95766
0.18,0.0,0.0,968.6313,247.12927,776.6656,245.75829
0.21,0.0,0.0,1024.0277,248.7741,834.6656,247.65735
0.24,0.0,0.0,1078.102,250.55948,891.80945,249.63608
0.27,0.0,0.0,1130.7762,252.51901,947.9701,251.73607
0.0,0.03,0.0,615.1459,301.58102,412.94513,297.41968
0.03,0.03,0.0,676.36304,302.15353,475.2123,298.62698
0.06,0.03,0.0,736.78937,302.81888,536.86346,299.92377
0.09,0.03,0.0,796.4168,303.50784,597.8517,301.24835
0.12,0.03,0.0,855.16986,304.2816,658.16266,302.63162
0.15,0.03,0.0,913.0022,305.1445,717.7399,304.0126
0.18,0.03,0.0,969.7673,306.1212,776.628,305.409
0.21,0.03,0.0,1025.3126,307.21393,834.7288,306.8556
0.24,0.03,0.0,1079.5616,308.40228,892.0016,308.3978
0.27,0.03,0.0,1132.4082,309.73846,948.31506,310.00198
0.0,0.06,0.0,615.71783,363.47455,412.46152,359.349
0.03,0.06,0.0,676.8922,363.73108,474.82413,360.24792
0.06,0.06,0.0,737.40424,363.95074,536.5687,361.24707
0.09,0.06,0.0,797.0569,364.25446,597.6014,362.23602
0.12,0.06,0.0,855.90485,364.55612,657.92816,363.26932
0.15,0.06,0.0,913.82153,364.9382,717.5569,364.2531
0.18,0.06,0.0,970.7022,365.38202,776.4964,365.27927
0.21,0.06,0.0,1026.3986,365.95096,834.7056,366.31073
0.24,0.06,0.0,1080.7573,366.56815,892.0836,367.39984
0.27,0.06,0.0,1133.6921,367.29877,948.5024,368.55255
0.0,0.09,0.0,616.311,425.44492,412.02234,421.4524
0.03,0.09,0.0,677.428,425.31555,474.4778,422.06528
0.06,0.09,0.0,737.99243,425.17883,536.25696,422.6679
0.09,0.09,0.0,797.7058,425.0563,597.409,423.31778
0.12,0.09,0.0,856.526,424.97055,657.6825,423.93936
0.15,0.09,0.0,914.4764,424.89566,717.33875,424.60718
0.18,0.09,0.0,971.5047,424.8437,776.3829,425.21774
0.21,0.09,0.0,1027.2943,424.85477,834.69354,425.8996
0.24,0.09,0.0,1081.6058,424.94836,892.0422,426.6086
0.27,0.09,0.0,1134.6973,425.07037,948.6087,427.3314
0.0,0.12,0.0,616.8647,487.4588,411.68436,483.69885
0.03,0.12,0.0,677.9973,486.95117,474.17252,483.92017
0.06,0.12,0.0,738.58234,486.4483,536.0285,484.1694
0.09,0.12,0.0,798.29156,485.93216,597.13776,484.43872
0.12,0.12,0.0,857.06384,485.40634,657.46155,484.69528
0.15,0.12,0.0,915.0327,484.91135,717.14514,484.9918
0.18,0.12,0.0,972.11566,484.4122,776.2226,485.30627
0.21,0.12,0.0,1027.987,483.93698,834.6111,485.59796
0.24,0.12,0.0,1082.2091,483.43378,891.93036,485.88712
0.27,0.12,0.0,1135.3854,482.94437,948.57635,486.21036
0.0,0.15,0.0,617.4124,549.44653,411.40686,545.9682
0.03,0.15,0.0,678.5636,548.5626,473.89563,545.86255
0.06,0.15,0.0,739.11786,547.687,535.7817,545.7915
0.09,0.15,0.0,798.80493,546.7997,596.8931,545.6721
0.12,0.15,0.0,857.6025,545.8521,657.2613,545.54736
0.15,0.15,0.0,915.4806,544.9146,716.951,545.4743
0.18,0.15,0.0,972.52466,543.93463,776.0544,545.40094
0.21,0.15,0.0,1028.4283,542.94525,834.4824,545.3837
0.24,0.15,0.0,1082.6687,541.90643,891.8097,545.2632
0.27,0.15,0.0,1135.7289,540.8522,948.40607,545.1513
0.0,0.18,0.0,617.9496,611.37,411.1469,608.26733
0.03,0.18,0.0,679.136,610.13983,473.64435,607.8426
0.06,0.18,0.0,739.6161,608.87177,535.5055,607.3839
0.09,0.18,0.0,799.2375,607.5699,596.6321,606.9066
0.12,0.18,0.0,858.04956,606.2548,657.0678,606.4459
0.15,0.18,0.0,915.9127,604.83093,716.77563,606.0259
0.18,0.18,0.0,972.82825,603.39734,775.8449,605.5918
0.21,0.18,0.0,1028.5839,601.9053,834.2419,605.16254
0.24,0.18,0.0,1082.929,600.2997,891.6555,604.6838
0.27,0.18,0.0,1135.7716,598.65875,948.0813,604.0934
0.0,0.21,0.0,618.57025,673.258,411.04074,670.508
0.03,0.21,0.0,679.7066,671.5984,473.46777,669.78784
0.06,0.21,0.0,740.055,669.909,535.2637,668.9815
0.09,0.21,0.0,799.633,668.2008,596.4149,668.16595
0.12,0.21,0.0,858.4275,666.4596,656.8919,667.4147
0.15,0.21,0.0,916.1812,664.592,716.5961,666.54474
0.18,0.21,0.0,972.88245,662.6172,775.5958,665.7184
0.21,0.21,0.0,1028.5331,660.6402,833.9408,664.89874
0.24,0.21,0.0,1082.7665,658.4893,891.32605,663.9718
0.27,0.21,0.0,1135.5308,656.1855,947.74603,662.9336
0.0,0.24,0.0,619.19196,734.89996,411.09344,732.6117
0.03,0.24,0.0,680.2533,732.89984,473.38675,731.65704
0.06,0.24,0.0,740.4677,730.74176,535.1068,730.4812
0.09,0.24,0.0,799.9639,728.63165,596.2013,729.3706
0.12,0.24,0.0,858.76605,726.49915,656.7259,728.2899
0.15,0.24,0.0,916.2565,724.0735,716.36774,727.01447
0.18,0.24,0.0,972.7968,721.5973,775.3225,725.78485
0.21,0.24,0.0,1028.3217,719.0696,833.61664,724.51526
0.24,0.24,0.0,1082.3109,716.28973,890.8374,723.0878
0.27,0.24,0.0,1134.9377,713.40656,947.1776,721.5814
0.0,0.27,0.0,619.87604,796.22424,411.2746,794.40283
0.03,0.27,0.0,680.7689,793.79944,473.4327,793.15344
0.06,0.27,0.0,740.79706,791.1682,534.9949,791.63806
0.09,0.27,0.0,800.1811,788.61884,596.04266,790.23285
0.12,0.27,0.0,858.9429,786.14453,656.5663,788.9546
0.15,0.27,0.0,916.13135,783.1304,716.09094,787.19714
0.18,0.27,0.0,972.4899,780.0893,774.9525,785.50464
0.21,0.27,0.0,1027.9287,777.0947,833.2383,783.90436
0.24,0.27,0.0,1081.5125,773.6311,890.17944,781.90405
0.27,0.27,0.0,1134.0602,770.2113,946.40686,779.8986
0.0,0.0,0.0,612.4698,256.58655,420.46576,252.62357
0.03,0.0,0.0,671.3063,255.69868,479.25656,252.20164
0.06,0.0,0.0,730.1396,254.87856,538.1593,251.87218
0.09,0.0,0.0,788.8888,254.09702,597.16077,251.59117
0.12,0.0,0.0,847.452,253.45213,656.2297,251.40663
0.15,0.0,0.0,905.75275,252.94498,715.31055,251.25908
0.18,0.0,0.0,963.5822,252.60716,774.3308,251.1939
0.21,0.0,0.0,1020.8867,252.43211,833.286,251.2123
0.24,0.0,0.0,1077.3981,252.4439,892.01764,251.34868
0.27,0.0,0.0,1133.0391,252.66199,950.4211,251.62956
0.0,0.03,0.0,613.12427,313.86194,419.1542,309.8516
0.03,0.03,0.0,672.3523,312.9587,478.36075,309.50797
0.06,0.03,0.0,731.5591,312.0808,537.68005,309.236
0.09,0.03,0.0,790.67206,311.2422,597.06006,309.03018
0.12,0.03,0.0,849.6364,310.50684,656.4803,308.84015
0.15,0.03,0.0,908.34106,309.85693,715.913,308.7035
0.18,0.03,0.0,966.6388,309.32,775.3614,308.56326
0.21,0.03,0.0,1024.3514,308.9274,834.7061,308.5031
0.24,0.03,0.0,1081.3127,308.6808,893.9186,308.51605
0.27,0.03,0.0,1137.3599,308.59656,952.77893,308.67743
0.0,0.06,0.0,613.818,371.87415,417.96158,367.8679
0.03,0.06,0.0,673.36,370.9793,477.54224,367.6081
0.06,0.06,0.0,732.90076,370.0541,537.24194,367.3919
0.09,0.06,0.0,792.3652,369.1759,596.9662,367.20334
0.12,0.06,0.0,851.742,368.34924,656.7387,367.037
0.15,0.06,0.0,910.82623,367.5762,716.5088,366.86148
0.18,0.06,0.0,969.5495,366.8704,776.32056,366.7059
0.21,0.06,0.0,1027.6746,366.27106,836.1042,366.59317
0.24,0.06,0.0,1085.0118,365.79956,895.6903,366.53418
0.27,0.06,0.0,1141.4404,365.4195,954.965,366.5706
0.0,0.09,0.0,614.5059,430.53705,416.76886,426.62277
0.03,0.09,0.0,674.3756,429.67007,476.77625,426.45844
0.06,0.09,0.0,734.2514,428.68805,536.7918,426.22296
0.09,0.09,0.0,794.08563,427.78815,596.906,426.0519
0.12,0.09,0.0,853.75964,426.93515,656.9966,425.90924
0.15,0.09,0.0,913.21893,426.0615,717.1306,425.7786
0.18,0.09,0.0,972.3252,425.16904,777.2853,425.56372
0.21,0.09,0.0,1030.8533,424.37286,837.45544,425.39746
0.24,0.09,0.0,1088.4868,423.71735,897.402,425.34763
0.27,0.09,0.0,1145.3186,422.98926,957.1191,425.23572
0.0,0.12,0.0,615.2484,489.86212,415.65494,486.15182
0.03,0.12,0.0,675.4321,489.00998,476.01437,486.02307
0.06,0.12,0.0,735.6254,488.01184,536.3932,485.75702
0.09,0.12,0.0,795.78687,487.05716,596.8366,485.59775
0.12,0.12,0.0,855.73975,486.15237,657.28754,485.5068
0.15,0.12,0.0,915.53094,485.20276,717.7178,485.3133
0.18,0.12,0.0,974.9911,484.20035,778.2654,485.1224
0.21,0.12,0.0,1033.8619,483.16785,838.79865,484.94482
0.24,0.12,0.0,1091.705,482.31485,899.04553,484.8758
0.27,0.12,0.0,1148.8676,481.27365,959.12354,484.6864
0.0,0.15,0.0,615.9755,549.81793,414.61975,546.36566
0.03,0.15,0.0,676.4967,548.9492,475.29453,546.22705
0.06,0.15,0.0,736.9816,547.9441,535.9575,546.0086
0.09,0.15,0.0,797.4617,546.98047,596.7741,545.8536
0.12,0.15,0.0,857.68713,545.9965,657.5546,545.7222
0.15,0.15,0.0,917.78973,544.94507,718.3688,545.5736
0.18,0.15,0.0,977.4948,543.8454,779.2385,545.39996
0.21,0.15,0.0,1036.661,542.6428,840.0967,545.2059
0.24,0.15,0.0,1094.7789,541.48785,900.69635,545.0801
0.27,0.15,0.0,1152.0905,540.22205,961.0091,544.8033
0.0,0.18,0.0,616.7149,610.41205,413.61145,607.24426
0.03,0.18,0.0,677.54755,609.4911,474.53912,607.1308
0.06,0.18,0.0,738.35175,608.4963,535.59906,606.9794
0.09,0.18,0.0,799.06085,607.4881,596.71014,606.824
0.12,0.18,0.0,859.62146,606.42303,657.86084,606.68427
0.15,0.18,0.0,919.9533,605.27704,719.0075,606.52747
0.18,0.18,0.0,979.8537,604.01416,780.17883,606.37494
0.21,0.18,0.0,1039.1924,602.63513,841.3395,606.1724
0.24,0.18,0.0,1097.6083,601.1529,902.27454,605.8947
0.27,0.18,0.0,1155.022,599.5959,962.8129,605.5554
0.0,0.21,0.0,617.4986,671.5116,412.70294,668.6845
0.03,0.21,0.0,678.6006,670.56915,473.89258,668.6906
0.06,0.21,0.0,739.65247,669.5522,535.274,668.59607
0.09,0.21,0.0,800.6652,668.49994,596.68195,668.45953
0.12,0.21,0.0,861.518,667.31995,658.1416,668.30554
0.15,0.21,0.0,922.01843,666.03986,719.636,668.1542
0.18,0.21,0.0,982.0253,664.61414,781.1249,667.94446
0.21,0.21,0.0,1041.5127,663.0206,842.54315,667.6865
0.24,0.21,0.0,1100.0986,661.2673,903.7071,667.33813
0.27,0.21,0.0,1157.6196,659.3291,964.4702,666.8714
0.0,0.24,0.0,618.3028,733.07214,411.88348,730.6359
0.03,0.24,0.0,679.66595,732.12695,473.31125,730.7387
0.06,0.24,0.0,740.9732,731.0866,534.95685,730.7603
0.09,0.24,0.0,802.17053,729.91614,596.68994,730.6863
0.12,0.24,0.0,863.2925,728.674,658.48,730.5858
0.15,0.24,0.0,923.89307,727.13464,720.2225,730.37213
0.18,0.24,0.0,984.02625,725.514,781.9789,730.1009
0.21,0.24,0.0,1043.6672,723.6544,843.6452,729.7154
0.24,0.24,0.0,1102.2228,721.5769,904.98346,729.23315
0.27,0.24,0.0,1159.8656,719.3096,965.93695,728.53265
0.0,0.27,0.0,619.121,794.9546,411.17236,792.9128
0.03,0.27,0.0,680.73773,793.97107,472.84314,793.1529
0.06,0.27,0.0,742.21344,792.8188,534.75903,793.25165
0.09,0.27,0.0,803.61743,791.5478,596.71454,793.2145
0.12,0.27,0.0,864.8993,790.1824,658.7521,793.1958
0.15,0.27,0.0,925.53076,788.4625,720.7633,792.9031
0.18,0.27,0.0,985.7739,786.5554,782.7582,792.55133
0.21,0.27,0.0,1045.505,784.4575,844.6316,792.1224
0.24,0.27,0.0,1103.9923,781.9908,906.06335,791.3676
0.27,0.27,0.0,1161.6917,779.3554,967.1719,790.486
0.0,0.0,0.0,610.14105,244.47643,409.47238,240.49861
0.03,0.0,0.0,671.81555,243.4055,471.0449,239.87933
0.06,0.0,0.0,733.53,242.43648,532.7968,239.36855
0.09,0.0,0.0,795.15265,241.54846,594.71295,238.97809
0.12,0.0,0.0,856.6034,240.82587,656.73285,238.6641
0.15,0.0,0.0,917.73456,240.27615,718.7836,238.43272
0.18,0.0,0.0,978.365,239.90927,780.79456,238.27505
0.21,0.0,0.0,1038.3531,239.76036,842.7308,238.26212
0.24,0.0,0.0,1097.4583,239.87064,904.4097,238.42288
0.27,0.0,0.0,1155.5731,240.21667,965.72565,238.78575
0.0,0.03,0.0,611.3359,306.49457,410.5232,302.45978
0.03,0.03,0.0,672.7814,305.4521,471.91144,301.9522
0.06,0.03,0.0,734.2517,304.41327,533.4884,301.59442
0.09,0.03,0.0,795.6248,303.50317,595.1395,301.2692
0.12,0.03,0.0,856.8914,302.6581,656.8901,300.96976
0.15,0.03,0.0,917.8736,301.9357,718.6898,300.75195
0.18,0.03,0.0,978.4229,301.35608,780.506,300.5207
0.21,0.03,0.0,1038.2935,300.9443,842.2356,300.43057
0.24,0.03,0.0,1097.3246,300.7475,903.76434,300.4474
0.27,0.03,0.0,1155.4026,300.77466,964.96173,300.6495
0.0,0.06,0.0,612.5415,368.0953,411.69623,364.06854
0.03,0.06,0.0,673.7152,367.0708,472.8942,363.6823
0.06,0.06,0.0,734.8922,366.02747,534.23224,363.35663
0.09,0.06,0.0,796.051,365.05624,595.5921,363.11688
0.12,0.06,0.0,857.07477,364.19037,657.059,362.83173
0.15,0.06,0.0,917.831,363.27823,718.5678,362.58636
0.18,0.06,0.0,978.215,362.54395,780.12555,362.39536
0.21,0.06,0.0,1037.976,361.91824,841.6317,362.23218
0.24,0.06,0.0,1096.891,361.4116,902.9928,362.15643
0.27,0.06,0.0,1154.8134,361.09845,964.00604,362.18286
0.0,0.09,0.0,613.7435,429.12262,412.9543,425.22772
0.03,0.09,0.0,674.61084,428.08002,473.89896,424.8665
0.06,0.09,0.0,735.52515,427.10266,534.9327,424.61417
0.09,0.09,0.0,796.40436,426.07156,596.0713,424.35858
0.12,0.09,0.0,857.1419,425.08612,657.20435,424.10468
0.15,0.09,0.0,917.66724,424.14746,718.43085,423.87103
0.18,0.09,0.0,977.8456,423.27448,779.70135,423.68912
0.21,0.09,0.0,1037.4253,422.48178,840.99396,423.54218
0.24,0.09,0.0,1096.1134,421.70282,902.0457,423.3965
0.27,0.09,0.0,1153.9371,421.0507,962.89465,423.34583
0.0,0.12,0.0,614.9653,489.56262,414.257,485.83307
0.03,0.12,0.0,675.55286,488.48935,474.9774,485.49744
0.06,0.12,0.0,736.1252,487.55853,535.69653,485.33368
0.09,0.12,0.0,796.72687,486.54276,596.54016,485.0731
0.12,0.12,0.0,857.15137,485.45694,657.3715,484.78906
0.15,0.12,0.0,917.37756,484.4682,718.2868,484.56796
0.18,0.12,0.0,977.3112,483.49225,779.30383,484.45547
0.21,0.12,0.0,1036.6781,482.55264,840.308,484.32617
0.24,0.12,0.0,1095.0552,481.4936,901.0779,484.1095
0.27,0.12,0.0,1152.6576,480.5704,961.6629,483.9886
0.0,0.15,0.0,616.1929,549.3346,415.66354,545.825
0.03,0.15,0.0,676.4456,548.287,476.01443,545.5784
0.06,0.15,0.0,736.74115,547.3893,536.45605,545.4306
0.09,0.15,0.0,796.9672,546.3614,596.9988,545.2107
0.12,0.15,0.0,857.0859,545.26605,657.5699,544.92175
0.15,0.15,0.0,917.01056,544.1698,718.1885,544.7497
0.18,0.15,0.0,976.59186,543.10394,778.88025,544.616
0.21,0.15,0.0,1035.6572,542.0353,839.56866,544.5461
0.24,0.15,0.0,1093.7368,540.7184,900.0515,544.29095
0.27,0.15,0.0,1150.9985,539.55634,960.33594,544.07275
0.0,0.18,0.0,617.3976,608.4539,417.085,605.2281
0.03,0.18,0.0,677.33075,607.47845,477.0967,605.077
0.06,0.18,0.0,737.2695,606.51587,537.2412,604.91547
0.09,0.18,0.0,797.1821,605.47455,597.4689,604.7129
0.12,0.18,0.0,856.9793,604.4074,657.7359,604.5491
0.15,0.18,0.0,916.52234,603.24536,718.0478,604.3477
0.18,0.18,0.0,975.72327,602.02094,778.4438,604.2068
0.21,0.18,0.0,1034.4095,600.7779,838.82336,604.1189
0.24,0.18,0.0,1092.2428,599.35565,898.9608,603.85065
0.27,0.18,0.0,1149.1044,597.7932,958.8146,603.5208
0.0,0.21,0.0,618.6076,666.9257,418.56934,664.0118
0.03,0.21,0.0,678.20557,665.9902,478.21317,663.9672
0.06,0.21,0.0,737.804,664.9396,538.0499,663.79376
0.09,0.21,0.0,797.3381,663.88135,597.94476,663.60956
0.12,0.21,0.0,856.78656,662.8326,657.9176,663.5492
0.15,0.21,0.0,915.9395,661.5226,717.92926,663.3412
0.18,0.21,0.0,974.68054,660.1695,777.97174,663.17645
0.21,0.21,0.0,1032.9498,658.748,837.9739,663.0133
0.24,0.21,0.0,1090.4152,657.1232,897.7835,662.71924
0.27,0.21,0.0,1146.9214,655.3267,957.242,662.2716
0.0,0.24,0.0,619.81274,724.70636,420.1034,722.1054
0.03,0.24,0.0,679.0631,723.758,479.37653,722.145
0.06,0.24,0.0,738.29816,722.59595,538.8743,721.93915
0.09,0.24,0.0,797.4397,721.528,598.4459,721.9049
0.12,0.24,0.0,856.544,720.50964,658.0882,721.9626
0.15,0.24,0.0,915.1939,718.99884,717.7797,721.6482
0.18,0.24,0.0,973.4915,717.4721,777.4669,721.4227
0.21,0.24,0.0,1031.3439,715.9149,837.085,721.2562
0.24,0.24,0.0,1088.3333,713.97205,896.4447,720.77325
0.27,0.24,0.0,1144.3876,711.9255,955.52026,720.2541
0.0,0.27,0.0,621.0497,781.6752,421.74365,779.4043
0.03,0.27,0.0,679.89325,780.63776,480.63568,779.478
0.06,0.27,0.0,738.6974,779.3322,539.79626,779.29193
0.09,0.27,0.0,797.43634,778.19995,598.9919,779.3054
0.12,0.27,0.0,856.14197,777.2682,658.2868,779.5837
0.15,0.27,0.0,914.30023,775.52545,717.582,779.12225
0.18,0.27,0.0,972.131,773.7977,776.84955,778.83813
0.21,0.27,0.0,1029.5673,772.1565,836.1088,778.7033
0.24,0.27,0.0,1085.9153,769.80554,894.9999,777.9062
0.27,0.27,0.0,1141.6273,767.56946,953.62726,777.3271
0.0,0.0,0.0,477.77478,357.79224,284.95905,352.6677
0.03,0.0,0.0,535.1244,355.52365,340.54382,350.81467
0.06,0.0,0.0,593.2271,353.23148,397.1714,349.05032
0.09,0.0,0.0,652.1085,350.93628,454.79416,347.34827
0.12,0.0,0.0,711.75305,348.6502,513.3866,345.70554
0.15,0.0,0.0,772.1619,346.35217,572.75433,344.0605
0.18,0.0,0.0,833.2091,344.09164,632.9851,342.42197
0.21,0.0,0.0,894.8065,341.89212,693.99133,340.79645
0.24,0.0,0.0,956.797,339.7558,755.8299,339.13925
0.27,0.0,0.0,1019.00653,337.74155,818.46173,337.53583
0.0,0.03,0.0,479.06296,416.599,285.15106,411.3374
0.03,0.03,0.0,536.4179,414.71384,340.83417,410.02124
0.06,0.03,0.0,594.5765,412.828,397.58533,408.7109
0.09,0.03,0.0,653.5112,410.96494,455.31485,407.4609
0.12,0.03,0.0,713.18866,409.0286,513.952,406.2367
0.15,0.03,0.0,773.607,407.09473,573.37775,404.9935
0.18,0.03,0.0,834.7475,405.13635,633.6292,403.77518
0.21,0.03,0.0,896.4116,403.23468,694.6463,402.53836
0.24,0.03,0.0,958.5016,401.3412,756.5344,401.32248
0.27,0.03,0.0,1020.8106,399.5367,819.2527,400.0812
0.0,0.06,0.0,480.37476,475.44897,285.48065,470.17682
0.03,0.06,0.0,537.7564,473.99097,341.20358,469.39188
0.06,0.06,0.0,595.92957,472.49908,398.0513,468.50287
0.09,0.06,0.0,654.88495,470.96786,455.816,467.6647
0.12,0.06,0.0,714.579,469.4405,514.518,466.82684
0.15,0.06,0.0,775.00775,467.84888,573.9579,466.0116
0.18,0.06,0.0,836.1744,466.27274,634.23663,465.19662
0.21,0.06,0.0,897.895,464.6722,695.31464,464.37787
0.24,0.06,0.0,960.0265,463.06165,757.2492,463.56964
0.27,0.06,0.0,1022.4131,461.50388,819.9991,462.73224
0.0,0.09,0.0,481.67947,534.3136,285.9097,529.1007
0.03,0.09,0.0,539.142,533.2458,341.7534,528.73193
0.06,0.09,0.0,597.2806,532.141,398.5053,528.3734
0.09,0.09,0.0,656.2443,530.99304,456.34543,527.9535
0.12,0.09,0.0,715.97174,529.8061,515.0963,527.53735
0.15,0.09,0.0,776.3861,528.6297,574.57263,527.1152
0.18,0.09,0.0,837.5362,527.418,634.84644,526.70935
0.21,0.09,0.0,899.2782,526.1874,696.0023,526.2906
0.24,0.09,0.0,961.4388,524.86664,757.92816,525.9338
0.27,0.09,0.0,1023.7875,523.4634,820.7277,525.5425
0.0,0.12,0.0,483.05682,593.1791,286.58295,588.0499
0.03,0.12,0.0,540.5699,592.4531,342.43622,588.14545
0.06,0.12,0.0,598.63275,591.759,399.06662,588.2955
0.09,0.12,0.0,657.6275,591.02026,456.92264,588.32007
0.12,0.12,0.0,717.37555,590.1927,515.7352,588.2885
0.15,0.12,0.0,777.79144,589.37,575.2335,588.28436
0.18,0.12,0.0,838.9118,588.5396,635.5307,588.2819
0.21,0.12,0.0,900.61365,587.6112,696.6328,588.347
0.24,0.12,0.0,962.6447,586.53143,758.6691,588.3314
0.27,0.12,0.0,1024.979,585.4041,821.4321,588.3658
0.0,0.15,0.0,484.5733,651.8839,287.4863,646.8855
0.03,0.15,0.0,541.99,651.5987,343.17743,647.5035
0.06,0.15,0.0,600.06213,651.35205,399.7659,648.1666
0.09,0.15,0.0,659.002,650.9732,457.56696,648.6431
0.12,0.15,0.0,718.7523,650.51587,516.35504,649.05774
0.15,0.15,0.0,779.1361,650.0288,575.87177,649.46277
0.18,0.15,0.0,840.17365,649.4977,636.19025,649.91376
0.21,0.15,0.0,901.7663,648.88257,697.3003,650.37396
0.24,0.15,0.0,963.73486,648.04,759.33984,650.74304
0.27,0.15,0.0,1025.8987,647.11554,822.079,651.14307
0.0,0.18,0.0,486.1253,710.4223,288.50372,705.52985
0.03,0.18,0.0,543.4272,710.58496,344.0289,706.7623
0.06,0.18,0.0,601.5166,710.71893,400.6895,707.8644
0.09,0.18,0.0,660.4109,710.70337,458.3949,708.8564
0.12,0.18,0.0,720.07043,710.6407,517.04834,709.7803
0.15,0.18,0.0,780.3947,710.499,576.51514,710.63885
0.18,0.18,0.0,841.34735,710.2854,636.8542,711.4925
0.21,0.18,0.0,902.81116,709.944,697.9884,712.38745
0.24,0.18,0.0,964.6047,709.3303,759.9532,713.16034
0.27,0.18,0.0,1026.5625,708.5008,822.65076,713.85626
0.0,0.21,0.0,487.80026,768.67377,289.72852,763.915
0.03,0.21,0.0,544.95654,769.291,345.11374,765.702
0.06,0.21,0.0,603.0249,769.7537,401.7221,767.32776
0.09,0.21,0.0,661.8379,770.1781,459.30817,768.8141
0.12,0.21,0.0,721.3543,770.544,517.7367,770.30865
0.15,0.21,0.0,781.5731,770.6464,577.23566,771.58093
0.18,0.21,0.0,842.3672,770.6471,637.5354,772.84814
0.21,0.21,0.0,903.6108,770.5408,698.6389,774.1383
0.24,0.21,0.0,965.2298,770.1175,760.4833,775.2258
0.27,0.21,0.0,1026.918,769.4561,823.0862,776.2465
0.0,0.24,0.0,489.5264,826.5027,291.16412,821.88586
0.03,0.24,0.0,546.57306,827.5702,346.381,824.25854
0.06,0.24,0.0,604.5761,828.3512,402.91754,826.34595
0.09,0.24,0.0,663.1913,829.1692,460.29752,828.4129
0.12,0.24,0.0,722.5166,829.9497,518.55975,830.4773
0.15,0.24,0.0,782.6097,830.2704,578.0003,832.1562
0.18,0.24,0.0,843.24146,830.5272,638.24567,833.8348
0.21,0.24,0.0,904.2608,830.6378,699.1791,835.5212
0.24,0.24,0.0,965.5824,830.3192,760.9531,836.9347
0.27,0.24,0.0,1026.9685,829.75354,823.3686,838.1932
0.0,0.27,0.0,491.31995,883.7214,292.81335,879.3293
0.03,0.27,0.0,548.26575,885.16425,347.92865,882.19965
0.06,0.27,0.0,606.16473,886.311,404.35455,884.7723
0.09,0.27,0.0,664.5888,887.4581,461.509,887.36304
0.12,0.27,0.0,723.64777,888.7189,519.4453,890.1156
0.15,0.27,0.0,783.5537,889.2084,578.8094,892.13763
0.18,0.27,0.0,843.9208,889.65173,638.9091,894.20575
0.21,0.27,0.0,904.6729,890.03925,699.6676,896.3477
0.24,0.27,0.0,965.6394,889.68164,761.3126,897.8884
0.27,0.27,0.0,1026.6892,889.27313,823.454,899.516
