0.0,0.0,0.0,477.63553,162.40594,290.48145,158.39323
0.03,0.0,0.0,534.24744,158.66864,345.11102,154.78915
0.06,0.0,0.0,591.6665,155.07666,400.87878,151.3062
0.09,0.0,0.0,649.89465,151.54025,457.65875,147.98955
0.12,0.0,0.0,708.8683,148.1422,515.4633,144.79404
0.15,0.0,0.0,768.486,144.85974,574.1474,141.69118
0.18,0.0,0.0,828.66833,141.75616,633.7001,138.7215
0.21,0.0,0.0,889.259,138.81058,694.00806,135.84863
0.24,0.0,0.0,950.1201,136.15169,755.0436,133.09947
0.27,0.0,0.0,1011.11835,133.7838,816.7366,130.50533
0.0,0.03,0.0,478.50952,219.91681,289.93036,215.48244
0.03,0.03,0.0,535.27814,216.62683,344.78885,212.43282
0.06,0.03,0.0,592.8947,213.38156,400.78394,209.47495
0.09,0.03,0.0,651.2643,210.28694,457.81064,206.65128
0.12,0.03,0.0,710.3838,207.1898,515.77014,203.95552
0.15,0.03,0.0,770.16125,204.18073,574.5872,201.32477
0.18,0.03,0.0,830.518,201.28946,634.3075,198.71356
0.21,0.03,0.0,891.36346,198.52429,694.744,196.1778
0.24,0.03,0.0,952.4869,195.99814,755.9245,193.73557
0.27,0.03,0.0,1013.7882,193.69202,817.8659,191.40637
0.0,0.06,0.0,479.53555,277.84888,289.61768,273.0677
0.03,0.06,0.0,536.3875,275.0397,344.707,270.5623
0.06,0.06,0.0,594.10065,272.22098,400.84995,268.137
0.09,0.06,0.0,652.6001,269.4508,458.0205,265.81973
0.12,0.06,0.0,711.82513,266.69928,516.1671,263.60336
0.15,0.06,0.0,771.7307,264.00693,575.0746,261.3839
0.18,0.06,0.0,832.2475,261.33795,634.847,259.17514
0.21,0.06,0.0,893.2622,258.7844,695.3962,257.02084
0.24,0.06,0.0,954.65814,256.39597,756.7836,254.9329
0.27,0.06,0.0,1016.1666,254.21013,818.85236,252.8822
0.0,0.09,0.0,480.5974,336.08682,289.44397,331.0343
0.03,0.09,0.0,537.65576,333.68918,344.8145,329.10123
0.06,0.09,0.0,595.3589,331.28577,401.02765,327.09476
0.09,0.09,0.0,653.9244,328.87314,458.36252,325.28174
0.12,0.09,0.0,713.2386,326.50873,516.6342,323.5373
0.15,0.09,0.0,773.227,324.13263,575.6204,321.7611
0.18,0.09,0.0,833.855,321.7112,635.395,319.97516
0.21,0.09,0.0,895.04474,319.42963,696.04065,318.1864
0.24,0.09,0.0,956.5749,317.2774,757.5209,316.44998
0.27,0.09,0.0,1018.2903,315.1937,819.6709,314.69308
0.0,0.12,0.0,481.81296,394.51166,289.5929,389.31778
0.03,0.12,0.0,538.9588,392.5504,345.10782,387.88297
0.06,0.12,0.0,596.65485,390.50174,401.33517,386.37997
0.09,0.12,0.0,655.2629,388.4918,458.77075,384.9722
0.12,0.12,0.0,714.62854,386.44974,517.17346,383.6356
0.15,0.12,0.0,774.64874,384.43134,576.2059,382.29193
0.18,0.12,0.0,835.3761,382.33688,636.0235,380.91025
0.21,0.12,0.0,896.6453,380.3098,696.64746,379.50662
0.24,0.12,0.0,958.31177,378.40616,758.21234,378.1878
0.27,0.12,0.0,1020.18335,376.50516,820.47424,376.81094
0.0,0.15,0.0,483.12668,453.01752,289.92642,447.7539
0.03,0.15,0.0,540.2795,451.41238,345.4223,446.76917
0.06,0.15,0.0,598.0245,449.78955,401.7671,445.7872
0.09,0.15,0.0,656.64044,448.13696,459.26727,444.78226
0.12,0.15,0.0,716.00885,446.48532,517.68774,443.84418
0.15,0.15,0.0,776.0674,444.80292,576.78186,442.90427
0.18,0.15,0.0,836.8196,443.06195,636.6331,441.9318
0.21,0.15,0.0,898.14124,441.35242,697.2912,440.94217
0.24,0.15,0.0,959.876,439.712,758.8756,440.01566
0.27,0.15,0.0,1021.8449,438.0329,821.20514,439.0533
0.0,0.18,0.0,484.49936,511.53464,290.38763,506.32315
0.03,0.18,0.0,541.565,510.31256,345.8319,505.79602
0.06,0.18,0.0,599.41364,509.0756,402.34076,505.2646
0.09,0.18,0.0,658.01245,507.8077,459.8679,504.69794
0.12,0.18,0.0,717.3572,506.51254,518.2014,504.13052
0.15,0.18,0.0,777.43866,505.17828,577.3468,503.58197
0.18,0.18,0.0,838.2108,503.83823,637.27454,503.02982
0.21,0.18,0.0,899.5415,502.46524,697.9891,502.51
0.24,0.18,0.0,961.28424,501.0386,759.53094,501.9332
0.27,0.18,0.0,1023.2633,499.65262,821.9305,501.36502
0.0,0.21,0.0,485.85535,570.0224,290.98932,564.909
0.03,0.21,0.0,542.91266,569.1852,346.35617,564.86346
0.06,0.21,0.0,600.80804,568.2982,402.98636,564.7627
0.09,0.21,0.0,659.3903,567.4209,460.4867,564.6268
0.12,0.21,0.0,718.6874,566.52954,518.74835,564.50433
0.15,0.21,0.0,778.7764,565.5732,577.9442,564.3268
0.18,0.21,0.0,839.53326,564.5645,637.912,564.1867
0.21,0.21,0.0,900.86505,563.5308,698.6622,564.07007
0.24,0.21,0.0,962.59393,562.40344,760.21857,563.9296
0.27,0.21,0.0,1024.5316,561.1984,822.6348,563.8035
0.0,0.24,0.0,487.21436,628.4698,291.62375,623.4789
0.03,0.24,0.0,544.2621,628.04974,347.00388,623.94696
0.06,0.24,0.0,602.2163,627.5283,403.68744,624.26996
0.09,0.24,0.0,660.7724,627.0197,461.09537,624.609
0.12,0.24,0.0,720.0156,626.52985,519.2769,624.9284
0.15,0.24,0.0,780.1203,625.88965,578.5348,625.15173
0.18,0.24,0.0,840.7834,625.2376,638.5519,625.416
0.21,0.24,0.0,902.0363,624.5282,699.2816,625.73346
0.24,0.24,0.0,963.6735,623.6521,760.9048,626.00867
0.27,0.24,0.0,1025.5071,622.64136,823.2919,626.2482
0.0,0.27,0.0,488.5941,686.82495,292.39474,681.9235
0.03,0.27,0.0,545.6834,686.78204,347.81543,682.87994
0.06,0.27,0.0,603.6463,686.6015,404.4969,683.6764
0.09,0.27,0.0,662.15375,686.46643,461.82672,684.47784
0.12,0.27,0.0,721.3171,686.439,519.8488,685.3686
0.15,0.27,0.0,781.379,686.0691,579.15607,685.97577
0.18,0.27,0.0,841.98413,685.70166,639.1924,686.62976
0.21,0.27,0.0,903.091,685.3439,699.8945,687.43555
0.24,0.27,0.0,964.5861,684.5681,761.5466,687.9607
0.27,0.27,0.0,1026.2612,683.79816,823.8561,688.60925
0.0,0.0,0.0,471.2723,346.45782,268.98773,341.15952
0.03,0.0,0.0,533.39105,346.72464,331.42294,341.87555
0.06,0.0,0.0,594.84766,347.06412,393.6562,342.77332
0.09,0.0,0.0,655.58923,347.4117,455.45267,343.74274
0.12,0.0,0.0,715.6251,347.7688,516.7041,344.78265
0.15,0.0,0.0,774.9418,348.13504,577.33624,345.90027
0.18,0.0,0.0,833.41766,348.56223,637.17126,346.96454
0.21,0.0,0.0,891.05536,349.06088,696.3846,348.06873
0.24,0.0,0.0,947.6832,349.60007,754.8925,349.1731
0.27,0.0,0.0,1003.19324,350.25497,812.73926,350.3037
0.0,0.03,0.0,471.73477,408.54758,268.25433,403.0997
0.03,0.03,0.0,533.9005,408.4856,330.85657,403.63727
0.06,0.03,0.0,595.3841,408.4493,393.18253,404.2271
0.09,0.03,0.0,656.14453,408.47083,455.0729,404.9173
0.12,0.03,0.0,716.1954,408.4404,516.3921,405.63638
0.15,0.03,0.0,775.5089,408.41266,577.0219,406.37625
0.18,0.03,0.0,834.0794,408.42245,636.9263,407.11093
0.21,0.03,0.0,891.75507,408.4852,696.1738,407.85193
0.24,0.03,0.0,948.4511,408.56122,754.7143,408.58295
0.27,0.03,0.0,1004.06384,408.69507,812.60895,409.36063
0.0,0.06,0.0,472.26944,470.66916,267.72873,465.22504
0.03,0.06,0.0,534.42706,470.2984,330.39264,465.54346
0.06,0.06,0.0,595.92664,469.90866,392.82745,465.8491
0.09,0.06,0.0,656.6876,469.54544,454.74368,466.20755
0.12,0.06,0.0,716.738,469.14606,516.09814,466.56445
0.15,0.06,0.0,776.03564,468.75104,576.74274,466.92758
0.18,0.06,0.0,834.6659,468.3828,636.7,467.31183
0.21,0.06,0.0,892.3747,467.99622,695.9637,467.70602
0.24,0.06,0.0,949.10693,467.65326,754.55524,468.10077
0.27,0.06,0.0,1004.70496,467.27948,812.4761,468.49414
0.0,0.09,0.0,472.83438,532.9117,267.40833,527.431
0.03,0.09,0.0,535.00055,532.1391,330.08636,527.52
0.06,0.09,0.0,596.48956,531.37305,392.50015,527.5777
0.09,0.09,0.0,657.2873,530.62897,454.45047,527.5539
0.12,0.09,0.0,717.3206,529.8528,515.792,527.53955
0.15,0.09,0.0,776.56213,529.07367,576.48425,527.5273
0.18,0.09,0.0,835.1918,528.31256,636.4902,527.5623
0.21,0.09,0.0,892.9522,527.53516,695.8295,527.63513
0.24,0.09,0.0,949.5816,526.72626,754.3557,527.6622
0.27,0.09,0.0,1005.2306,525.8999,812.3267,527.718
0.0,0.12,0.0,473.5049,595.00256,267.22284,589.6853
0.03,0.12,0.0,535.57825,593.8802,329.89893,589.49084
0.06,0.12,0.0,597.0947,592.7778,392.2142,589.283
0.09,0.12,0.0,657.85864,591.66785,454.20972,588.93616
0.12,0.12,0.0,717.7989,590.49615,515.5399,588.56287
0.15,0.12,0.0,777.05927,589.3565,576.19794,588.20996
0.18,0.12,0.0,835.6777,588.19727,636.3089,587.9169
0.21,0.12,0.0,893.42065,587.01434,695.6433,587.63025
0.24,0.12,0.0,949.9085,585.7373,754.1618,587.2642
0.27,0.12,0.0,1005.56104,584.40216,812.15753,586.9764
0.0,0.15,0.0,474.1771,656.9606,267.31113,651.74066
0.03,0.15,0.0,536.2181,655.51587,329.83377,651.36414
0.06,0.15,0.0,597.67535,654.1423,392.1266,650.92377
0.09,0.15,0.0,658.40326,652.6547,454.02023,650.3346
0.12,0.15,0.0,718.3238,651.10297,515.3273,649.6303
0.15,0.15,0.0,777.55255,649.5548,576.00977,648.9366
0.18,0.15,0.0,836.0694,647.9745,636.0482,648.2696
0.21,0.15,0.0,893.7438,646.3817,695.44885,647.63354
0.24,0.15,0.0,950.1639,644.61383,753.9869,646.9008
0.27,0.15,0.0,1005.6506,642.8013,811.90643,646.2334
0.0,0.18,0.0,474.97803,718.71454,267.64102,713.60724
0.03,0.18,0.0,536.91815,717.03436,329.93704,713.0697
0.06,0.18,0.0,598.2703,715.2799,392.1086,712.3908
0.09,0.18,0.0,658.9039,713.42676,453.91068,711.5534
0.12,0.18,0.0,718.819,711.5386,515.1634,710.6403
0.15,0.18,0.0,777.98285,709.5667,575.79517,709.60675
0.18,0.18,0.0,836.36066,707.59216,635.8157,708.6004
0.21,0.18,0.0,893.8996,705.51465,695.21246,707.61755
0.24,0.18,0.0,950.28235,703.26184,753.7787,706.5347
0.27,0.18,0.0,1005.512,700.9036,811.5811,705.37256
0.0,0.21,0.0,475.90054,780.10504,268.22806,775.0845
0.03,0.21,0.0,537.69934,778.1884,330.32074,774.4767
0.06,0.21,0.0,598.88135,776.0566,392.29877,773.5812
0.09,0.21,0.0,659.422,773.8815,453.93494,772.519
0.12,0.21,0.0,719.2986,771.66327,515.109,771.3668
0.15,0.21,0.0,778.3154,769.27765,575.6578,770.0605
0.18,0.21,0.0,836.5312,766.8046,635.5986,768.6845
0.21,0.21,0.0,893.8886,764.2682,694.9362,767.3477
0.24,0.21,0.0,950.132,761.5213,753.4755,765.8723
0.27,0.21,0.0,1005.1999,758.65106,811.2119,764.3068
0.0,0.24,0.0,477.0076,840.977,269.10522,836.05084
0.03,0.24,0.0,538.5817,838.8089,330.94168,835.3677
0.06,0.24,0.0,599.5452,836.32983,392.68076,834.2666
0.09,0.24,0.0,659.9634,833.8369,454.10437,833.0556
0.12,0.24,0.0,719.7528,831.35925,515.14813,831.8133
0.15,0.24,0.0,778.53204,828.454,575.5654,830.14105
0.18,0.24,0.0,836.5526,825.52466,635.40247,828.4401
0.21,0.24,0.0,893.7651,822.5521,694.6529,826.8009
0.24,0.24,0.0,949.73224,819.23987,753.0471,824.8746
0.27,0.24,0.0,1004.6339,815.83795,810.68427,822.8752
0.0,0.27,0.0,478.28674,901.0937,270.27097,896.3995
0.03,0.27,0.0,539.5999,898.6232,331.8152,895.5604
0.06,0.27,0.0,600.2891,895.85504,393.29187,894.24756
0.09,0.27,0.0,660.4879,893.0738,454.48022,892.9183
0.12,0.27,0.0,720.1378,890.36304,515.3067,891.65796
0.15,0.27,0.0,778.63416,886.9612,575.5345,889.638
0.18,0.27,0.0,836.423,883.5933,635.2076,887.6452
0.21,0.27,0.0,893.5013,880.21545,694.3697,885.72784
0.24,0.27,0.0,949.04443,876.25323,752.519,883.23627
0.27,0.27,0.0,1003.76337,872.38055,810.0589,880.9006
0.0,0.0,0.0,476.14587,358.08176,282.98843,352.89047
0.03,0.0,0.0,535.117,357.13165,341.29504,352.36407
0.06,0.0,0.0,594.15405,356.17734,400.05902,351.97916
0.09,0.0,0.0,653.2184,355.2666,459.02402,351.65082
0.12,0.0,0.0,712.3502,354.37695,518.2375,351.40042
0.15,0.0,0.0,771.36597,353.47412,577.51984,351.2033
0.18,0.0,0.0,830.36255,352.6342,636.8057,351.03265
0.21,0.0,0.0,889.1069,351.8434,696.1345,350.82962
0.24,0.0,0.0,947.5101,351.1404,755.4949,350.6281
0.27,0.0,0.0,1005.4564,350.5365,814.8261,350.52814
0.0,0.03,0.0,476.05902,416.1684,280.91718,410.84418
0.03,0.03,0.0,535.37866,415.22647,339.62357,410.4823
0.06,0.03,0.0,594.7451,414.33395,398.73883,410.18558
0.09,0.03,0.0,654.14777,413.41443,458.14594,409.909
0.12,0.03,0.0,713.5686,412.5118,517.7297,409.71985
0.15,0.03,0.0,772.93384,411.5968,577.3253,409.53775
0.18,0.03,0.0,832.2614,410.67776,636.9441,409.34363
0.21,0.03,0.0,891.4065,409.81027,696.6267,409.16602
0.24,0.03,0.0,950.17975,408.96994,756.32104,408.99313
0.27,0.03,0.0,1008.47675,408.19583,816.0364,408.8023
0.0,0.06,0.0,475.99567,474.927,278.97632,469.5811
0.03,0.06,0.0,535.6488,474.0347,338.00952,469.3307
0.06,0.06,0.0,595.3405,473.11383,397.51892,469.10114
0.09,0.06,0.0,655.06964,472.20654,457.27484,468.9077
0.12,0.06,0.0,714.80005,471.2854,517.2011,468.70236
0.15,0.06,0.0,774.50116,470.36685,577.1291,468.5324
0.18,0.06,0.0,834.1746,469.3936,637.12146,468.34418
0.21,0.06,0.0,893.5931,468.43582,697.11426,468.14252
0.24,0.06,0.0,952.7381,467.53156,757.16815,468.00003
0.27,0.06,0.0,1011.3368,466.57858,817.1904,467.84012
0.0,0.09,0.0,475.97372,534.2733,277.11996,528.9653
0.03,0.09,0.0,535.97284,533.443,336.5782,528.8741
0.06,0.09,0.0,595.96387,532.4811,396.29166,528.69684
0.09,0.09,0.0,656.0051,531.58484,456.41196,528.5316
0.12,0.09,0.0,716.03296,530.6577,516.6701,528.38855
0.15,0.09,0.0,776.0335,529.72314,576.9456,528.21234
0.18,0.09,0.0,836.01917,528.6861,637.27563,528.0033
0.21,0.09,0.0,895.83887,527.69116,697.62714,527.8481
0.24,0.09,0.0,955.20123,526.68243,757.9994,527.7154
0.27,0.09,0.0,1014.10583,525.57623,818.3981,527.524
0.0,0.12,0.0,476.02814,594.25824,275.47064,588.994
0.03,0.12,0.0,536.32263,593.4498,335.18372,589.0555
0.06,0.12,0.0,596.58795,592.5044,395.15768,588.97986
0.09,0.12,0.0,656.95056,591.5716,455.5887,588.86896
0.12,0.12,0.0,717.2947,590.6655,516.17676,588.7421
0.15,0.12,0.0,777.582,589.6847,576.779,588.5866
0.18,0.12,0.0,837.85913,588.6213,637.4453,588.4125
0.21,0.12,0.0,897.9337,587.52014,698.17725,588.2319
0.24,0.12,0.0,957.4932,586.3949,758.83105,588.1039
0.27,0.12,0.0,1016.66693,585.10486,819.5781,587.928
0.0,0.15,0.0,476.18002,654.7385,274.02493,649.55505
0.03,0.15,0.0,536.6845,653.95953,333.89886,649.76465
0.06,0.15,0.0,597.2718,653.0767,394.12317,649.8445
0.09,0.15,0.0,657.9155,652.1679,454.80145,649.8413
0.12,0.15,0.0,718.5392,651.21173,515.6961,649.77094
0.15,0.15,0.0,779.1011,650.1952,576.63196,649.63513
0.18,0.15,0.0,839.6314,649.0902,637.6421,649.4692
0.21,0.15,0.0,899.9198,647.8751,698.6845,649.3125
0.24,0.15,0.0,959.6954,646.55524,759.67053,649.1582
0.27,0.15,0.0,1019.00555,645.12146,820.674,648.9566
0.0,0.18,0.0,476.39313,715.67377,272.82864,710.5257
0.03,0.18,0.0,537.1417,714.94617,332.78732,710.9693
0.06,0.18,0.0,597.952,714.1366,393.257,711.24524
0.09,0.18,0.0,658.8769,713.2317,454.1175,711.36597
0.12,0.18,0.0,719.7607,712.2896,515.2109,711.3644
0.15,0.18,0.0,780.6002,711.1524,576.4784,711.32715
0.18,0.18,0.0,841.26526,709.9534,637.8269,711.1972
0.21,0.18,0.0,901.76886,708.6607,699.1655,711.0176
0.24,0.18,0.0,961.7732,707.128,760.4949,710.8317
0.27,0.18,0.0,1021.1348,705.4522,821.7151,710.51953
0.0,0.21,0.0,476.72272,776.8784,271.82922,771.8123
0.03,0.21,0.0,537.68317,776.28186,331.87552,772.5051
0.06,0.21,0.0,598.7393,775.52094,392.5762,772.95966
0.09,0.21,0.0,659.86334,774.60925,453.6329,773.22455
0.12,0.21,0.0,720.962,773.6103,514.87964,773.38324
0.15,0.21,0.0,781.9982,772.44867,576.4481,773.37915
0.18,0.21,0.0,842.8532,771.10205,638.00287,773.3016
0.21,0.21,0.0,903.45776,769.59546,699.65125,773.15985
0.24,0.21,0.0,963.5589,767.90234,761.2167,772.8644
0.27,0.21,0.0,1023.00964,765.9317,822.66736,772.47345
0.0,0.24,0.0,477.22528,838.194,271.09857,833.20087
0.03,0.24,0.0,538.3071,837.73425,331.24915,834.20624
0.06,0.24,0.0,599.55396,837.0053,392.09213,834.84656
0.09,0.24,0.0,660.8161,836.1404,453.22977,835.34326
0.12,0.24,0.0,722.1323,835.1203,514.65845,835.6889
0.15,0.24,0.0,783.28217,833.81757,576.39136,835.7621
0.18,0.24,0.0,844.257,832.3254,638.2186,835.683
0.21,0.24,0.0,904.9635,830.68054,700.0616,835.5522
0.24,0.24,0.0,965.0423,828.7166,761.8523,835.187
0.27,0.24,0.0,1024.5569,826.47095,823.48444,834.6742
0.0,0.27,0.0,477.88113,899.4553,270.6806,894.56915
0.03,0.27,0.0,539.05396,899.0923,330.92307,895.83417
0.06,0.27,0.0,600.4031,898.3717,391.84274,896.71686
0.09,0.27,0.0,661.7899,897.53186,453.06183,897.4434
0.12,0.27,0.0,723.23114,896.5931,514.533,898.01953
0.15,0.27,0.0,784.44165,895.1295,576.41754,898.10004
0.18,0.27,0.0,845.4581,893.4619,638.4044,898.11176
0.21,0.27,0.0,906.2636,891.64594,700.43335,897.9955
0.24,0.27,0.0,966.2619,889.3039,762.3248,897.4707
0.27,0.27,0.0,1025.772,886.80743,824.1024,896.84937
0.0,0.0,0.0,467.21915,350.79663,265.45496,345.65234
0.03,0.0,0.0,529.01776,349.69266,326.33655,344.96585
0.06,0.0,0.0,590.94275,348.6247,387.82565,344.39465
0.09,0.0,0.0,652.88275,347.5904,449.68063,343.9427
0.12,0.0,0.0,714.90643,346.565,511.8202,343.59216
0.15,0.0,0.0,776.9317,345.53955,574.05505,343.34103
0.18,0.0,0.0,838.82745,344.58685,636.34155,343.06064
0.21,0.0,0.0,900.5089,343.76865,698.68384,342.7773
0.24,0.0,0.0,961.8159,343.05356,761.13513,342.54453
0.27,0.0,0.0,1022.56866,342.43707,823.47815,342.41486
0.0,0.03,0.0,469.10526,412.64154,267.13583,407.32498
0.03,0.03,0.0,530.6322,411.59164,327.89343,406.8163
0.06,0.03,0.0,592.2498,410.54953,389.19156,406.41028
0.09,0.03,0.0,653.9231,409.52026,450.81216,406.0564
0.12,0.03,0.0,715.62335,408.50278,512.67285,405.7844
0.15,0.03,0.0,777.357,407.5001,574.6382,405.52383
0.18,0.03,0.0,839.0194,406.5139,636.6042,405.2611
0.21,0.03,0.0,900.4694,405.5788,698.6332,405.02722
0.24,0.03,0.0,961.5648,404.7207,760.7513,404.836
0.27,0.03,0.0,1022.09705,403.94196,822.8866,404.65924
0.0,0.06,0.0,471.0321,473.89612,269.028,468.5642
0.03,0.06,0.0,532.2456,472.89984,329.51666,468.20184
0.06,0.06,0.0,593.5848,471.87296,390.62466,467.90488
0.09,0.06,0.0,654.94366,470.87338,451.95578,467.6542
0.12,0.06,0.0,716.35614,469.87805,513.5456,467.3656
0.15,0.06,0.0,777.7526,468.86008,575.16315,467.14874
0.18,0.06,0.0,839.13403,467.8602,636.8545,466.90878
0.21,0.06,0.0,900.3002,466.87683,698.6159,466.7051
0.24,0.06,0.0,961.1352,465.90366,760.4189,466.53415
0.27,0.06,0.0,1021.43176,464.95984,822.2773,466.3693
0.0,0.09,0.0,472.96982,534.5471,271.04126,529.24927
0.03,0.09,0.0,533.9165,533.5415,331.30005,529.0229
0.06,0.09,0.0,594.8856,532.62555,392.02252,528.85034
0.09,0.09,0.0,655.96515,531.6297,453.1126,528.6271
0.12,0.09,0.0,717.0339,530.6098,514.4219,528.37256
0.15,0.09,0.0,778.12445,529.60455,575.75323,528.1219
0.18,0.09,0.0,839.20667,528.6068,637.1521,527.9914
0.21,0.09,0.0,900.08307,527.6068,698.59814,527.8199
0.24,0.09,0.0,960.5419,526.4994,760.0902,527.6304
0.27,0.09,0.0,1020.5845,525.42615,821.6394,527.51935
0.0,0.12,0.0,474.9545,594.5477,273.22003,589.3139
0.03,0.12,0.0,535.558,593.5635,333.23312,589.2008
0.06,0.12,0.0,596.2283,592.7168,393.5333,589.23395
0.09,0.12,0.0,656.982,591.7363,454.29535,589.056
0.12,0.12,0.0,717.7254,590.6839,515.28656,588.78076
0.15,0.12,0.0,778.49036,589.6669,576.31616,588.5949
0.18,0.12,0.0,839.2185,588.69495,637.43567,588.48413
0.21,0.12,0.0,899.7743,587.6485,698.5981,588.40717
0.24,0.12,0.0,959.85187,586.3654,759.7578,588.1489
0.27,0.12,0.0,1019.51385,585.2015,821.00165,588.064
0.0,0.15,0.0,477.00516,653.8009,275.63733,648.6175
0.03,0.15,0.0,537.2029,652.87103,335.21988,648.7168
0.06,0.15,0.0,597.5444,652.1307,395.1567,648.89087
0.09,0.15,0.0,657.9729,651.1718,455.55353,648.84064
0.12,0.15,0.0,718.39746,650.1101,516.16974,648.61554
0.15,0.15,0.0,778.7887,649.0761,576.8986,648.4678
0.18,0.15,0.0,839.1313,648.02576,637.72736,648.3775
0.21,0.15,0.0,899.3246,646.97003,698.5562,648.34894
0.24,0.15,0.0,959.0186,645.56354,759.43787,648.10803
0.27,0.15,0.0,1018.26544,644.19867,820.3171,647.9532
0.0,0.18,0.0,479.133,712.2247,278.21088,707.13354
0.03,0.18,0.0,538.9339,711.5114,337.2837,707.493
0.06,0.18,0.0,598.8942,710.6976,396.90704,707.73724
0.09,0.18,0.0,658.93463,709.7666,456.86316,707.8173
0.12,0.18,0.0,719.0134,708.7987,517.1328,707.7976
0.15,0.18,0.0,779.04596,707.7107,577.518,707.68713
0.18,0.18,0.0,838.9812,706.5984,637.9766,707.6126
0.21,0.18,0.0,898.70593,705.39465,698.5201,707.6007
0.24,0.18,0.0,958.0359,703.9742,759.05914,707.39
0.27,0.18,0.0,1016.7755,702.3336,819.52734,707.1218
0.0,0.21,0.0,481.32956,769.82007,280.9751,764.7707
0.03,0.21,0.0,540.68713,769.2118,339.54492,765.4014
0.06,0.21,0.0,600.278,768.3864,398.77814,765.7242
0.09,0.21,0.0,659.91583,767.4875,458.34946,765.94025
0.12,0.21,0.0,719.5905,766.6285,518.13666,766.1839
0.15,0.21,0.0,779.231,765.46857,578.1547,766.1128
0.18,0.21,0.0,838.70807,764.2227,638.27686,766.0515
0.21,0.21,0.0,897.9837,762.9202,698.4484,766.0252
0.24,0.21,0.0,956.8176,761.33215,758.61694,765.80927
0.27,0.21,0.0,1015.1073,759.50964,818.68475,765.47675
0.0,0.24,0.0,483.57333,826.44415,283.87335,821.5015
0.03,0.24,0.0,542.4973,825.96094,341.99796,822.342
0.06,0.24,0.0,601.6912,825.0632,400.78674,822.74677
0.09,0.24,0.0,660.87146,824.2838,459.87848,823.2347
0.12,0.24,0.0,720.1483,823.52905,519.1803,823.6741
0.15,0.24,0.0,779.2917,822.18787,578.81915,823.60223
0.18,0.24,0.0,838.32635,820.83154,638.5584,823.56274
0.21,0.24,0.0,897.10223,819.46735,698.3339,823.6126
0.24,0.24,0.0,955.4285,817.6207,758.0749,823.2802
0.27,0.24,0.0,1013.16925,815.6478,817.71844,822.9227
0.0,0.27,0.0,485.90817,881.9932,286.9583,877.1856
0.03,0.27,0.0,544.4134,881.47327,344.61902,878.14935
0.06,0.27,0.0,603.0902,880.58954,402.9853,878.67053
0.09,0.27,0.0,661.8222,879.83716,461.52728,879.2997
0.12,0.27,0.0,720.61646,879.24786,520.3468,880.1421
0.15,0.27,0.0,779.24884,877.7379,579.5467,880.0079
0.18,0.27,0.0,837.7648,876.2582,638.85333,879.98474
0.21,0.27,0.0,896.0967,874.91345,698.14703,880.1811
0.24,0.27,0.0,953.7881,872.6706,757.43713,879.5895
0.27,0.27,0.0,1011.013,870.59875,816.6404,879.22095
0.0,0.0,0.0,342.5717,262.86377,156.10397,257.6485
0.03,0.0,0.0,398.01474,259.5985,208.78249,254.58714
0.06,0.0,0.0,454.49277,256.3943,262.81012,251.5757
0.09,0.0,0.0,511.88177,253.30672,318.15686,248.70444
0.12,0.0,0.0,570.2289,250.2383,374.79578,245.96634
0.15,0.0,0.0,629.4263,247.20041,432.50586,243.36163
0.18,0.0,0.0,689.39386,244.24211,491.2462,240.82895
0.21,0.0,0.0,750.0721,241.2888,550.86774,238.37509
0.24,0.0,0.0,811.44104,238.41269,611.3767,235.95494
0.27,0.0,0.0,873.3819,235.65245,672.73724,233.56975
0.0,0.03,0.0,343.3542,320.85315,155.48343,315.1451
0.03,0.03,0.0,398.9296,318.09726,208.31088,312.5936
0.06,0.03,0.0,455.5287,315.39795,262.55157,310.20914
0.09,0.03,0.0,513.09595,312.74228,318.1346,307.94324
0.12,0.03,0.0,571.5238,310.1563,374.92776,305.74026
0.15,0.03,0.0,630.77014,307.51346,432.7676,303.64355
0.18,0.03,0.0,690.81616,304.90176,491.62646,301.5921
0.21,0.03,0.0,751.5917,302.2983,551.37164,299.62622
0.24,0.03,0.0,813.1066,299.73737,611.94116,297.62338
0.27,0.03,0.0,875.17896,297.2493,673.38495,295.6519
0.0,0.06,0.0,344.29117,379.09735,155.12788,372.87872
0.03,0.06,0.0,399.9718,376.8415,208.14236,371.0217
0.06,0.06,0.0,456.67664,374.62576,262.47162,369.19684
0.09,0.06,0.0,514.3322,372.41998,318.2242,367.47632
0.12,0.06,0.0,572.833,370.2417,375.18213,365.76996
0.15,0.06,0.0,632.1229,368.02017,433.1559,364.18686
0.18,0.06,0.0,692.2189,365.7913,492.0836,362.59494
0.21,0.06,0.0,753.0777,363.55252,551.8945,361.07092
0.24,0.06,0.0,814.64795,361.32516,612.5553,359.5232
0.27,0.06,0.0,876.8458,359.10944,674.00995,357.9882
0.0,0.09,0.0,345.33728,437.51132,155.02654,430.92093
0.03,0.09,0.0,401.19513,435.73978,208.21353,429.66525
0.06,0.09,0.0,457.90207,433.94855,262.59723,428.39957
0.09,0.09,0.0,515.6102,432.17392,318.4639,427.2188
0.12,0.09,0.0,574.20123,430.41687,375.57635,426.03958
0.15,0.09,0.0,633.5399,428.60635,433.61853,424.89185
0.18,0.09,0.0,693.56525,426.7563,492.56995,423.73346
0.21,0.09,0.0,754.46735,424.89243,552.432,422.60974
0.24,0.09,0.0,816.11053,423.0504,613.16785,421.5252
0.27,0.09,0.0,878.40186,421.14914,674.6207,420.38028
0.0,0.12,0.0,346.5828,495.99786,155.2801,489.1768
0.03,0.12,0.0,402.55573,494.69934,208.5922,488.4898
0.06,0.12,0.0,459.15918,493.35858,262.8921,487.79843
0.09,0.12,0.0,516.93866,491.98206,318.8266,487.1054
0.12,0.12,0.0,575.59894,490.59604,376.04492,486.3926
0.15,0.12,0.0,634.90814,489.19412,434.17996,485.69397
0.18,0.12,0.0,694.9776,487.74167,493.10666,484.9832
0.21,0.12,0.0,755.87646,486.29373,552.9642,484.27402
0.24,0.12,0.0,817.5495,484.81363,613.8084,483.57483
0.27,0.12,0.0,879.85394,483.29065,675.2421,482.86658
0.0,0.15,0.0,348.0422,554.47345,155.84496,547.3968
0.03,0.15,0.0,403.9201,553.6179,209.10532,547.31445
0.06,0.15,0.0,460.55746,552.74207,263.4308,547.2001
0.09,0.15,0.0,518.3181,551.8047,319.3774,547.0634
0.12,0.15,0.0,576.94214,550.79486,376.5956,546.8256
0.15,0.15,0.0,636.317,549.77484,434.7194,546.5578
0.18,0.15,0.0,696.38086,548.7384,493.69745,546.2975
0.21,0.15,0.0,757.2525,547.68713,553.5386,546.0163
0.24,0.15,0.0,818.91797,546.57043,614.41235,545.717
0.27,0.15,0.0,881.22437,545.4193,675.9199,545.4367
0.0,0.18,0.0,349.59674,612.8398,156.73088,605.5875
0.03,0.18,0.0,405.32852,612.4997,209.78983,606.1886
0.06,0.18,0.0,462.0663,612.0727,264.26764,606.60706
0.09,0.18,0.0,519.78876,611.5274,320.13428,606.98956
0.12,0.18,0.0,578.32416,610.9725,377.14508,607.25134
0.15,0.18,0.0,637.6713,610.3594,435.29208,607.4827
0.18,0.18,0.0,697.75854,609.714,494.31458,607.644
0.21,0.18,0.0,758.6483,609.0745,554.16235,607.80536
0.24,0.18,0.0,820.27704,608.3263,614.9861,607.9892
0.27,0.18,0.0,882.52966,607.4941,676.61993,608.13873
0.0,0.21,0.0,351.2828,671.07855,157.81009,663.70123
0.03,0.21,0.0,406.8978,671.2096,210.79263,664.86804
0.06,0.21,0.0,463.65338,671.225,265.27274,665.86316
0.09,0.21,0.0,521.2938,671.14435,321.02148,666.759
0.12,0.21,0.0,579.7021,671.0454,377.87537,667.6386
0.15,0.21,0.0,639.077,670.8145,435.96558,668.3307
0.18,0.21,0.0,699.1668,670.5409,494.98102,668.9872
0.21,0.21,0.0,759.98785,670.28455,554.8216,669.64716
0.24,0.21,0.0,821.5529,669.9143,615.6249,670.2128
0.27,0.21,0.0,883.7214,669.40247,677.27386,670.81213
0.0,0.24,0.0,353.0611,729.06573,159.12436,721.5432
0.03,0.24,0.0,408.6261,729.73303,212.0305,723.311
0.06,0.24,0.0,465.36246,730.15594,266.52844,724.8702
0.09,0.24,0.0,522.82336,730.5816,322.06003,726.4227
0.12,0.24,0.0,581.1028,730.9716,378.66776,727.8771
0.15,0.24,0.0,640.47003,731.1092,436.75754,729.06384
0.18,0.24,0.0,700.5215,731.2198,495.74316,730.2054
0.21,0.24,0.0,761.2503,731.346,555.49756,731.37714
0.24,0.24,0.0,822.7276,731.23,616.2911,732.3905
0.27,0.24,0.0,884.74524,731.00653,677.92175,733.4229
0.0,0.27,0.0,355.01984,786.67706,160.71931,779.0177
0.03,0.27,0.0,410.49207,787.80493,213.59624,781.39417
0.06,0.27,0.0,467.157,788.6671,267.9919,783.5113
0.09,0.27,0.0,524.50024,789.5855,323.37793,785.6607
0.12,0.27,0.0,582.5648,790.57513,379.63397,787.81537
0.15,0.27,0.0,641.89545,791.0128,437.68344,789.48413
0.18,0.27,0.0,701.8302,791.49963,496.5648,791.11285
0.21,0.27,0.0,762.4223,792.05725,556.1762,792.8725
0.24,0.27,0.0,823.774,792.0854,617.0297,794.21313
0.27,0.27,0.0,885.56433,792.1502,678.5241,795.71204
0.0,0.0,0.0,328.80463,246.49538,133.58948,241.48639
0.03,0.0,0.0,390.4638,246.83401,194.2025,241.93538
0.06,0.0,0.0,451.87698,247.37268,255.09145,242.62813
0.09,0.0,0.0,512.86444,248.05482,316.06973,243.50827
0.12,0.0,0.0,573.39185,248.82649,377.01874,244.63083
0.15,0.0,0.0,633.23596,249.71252,437.63174,245.97182
0.18,0.0,0.0,692.4242,250.63449,497.80164,247.4267
0.21,0.0,0.0,750.9172,251.63063,557.4238,248.9338
0.24,0.0,0.0,808.65344,252.70868,616.43146,250.50847
0.27,0.0,0.0,865.5295,253.84584,674.82184,252.13582
0.0,0.03,0.0,328.64594,307.5811,131.92735,301.9787
0.03,0.03,0.0,390.53586,307.7701,192.80882,302.34796
0.06,0.03,0.0,452.11478,308.09253,253.92154,302.9675
0.09,0.03,0.0,513.2539,308.5385,315.15582,303.74747
0.12,0.03,0.0,573.8044,309.06406,376.2828,304.72302
0.15,0.03,0.0,633.74,309.59622,437.05212,305.80185
0.18,0.03,0.0,692.9849,310.1764,497.36328,307.02524
0.21,0.03,0.0,751.5676,310.77274,557.0896,308.25644
0.24,0.03,0.0,809.3501,311.40918,616.14716,309.54108
0.27,0.03,0.0,866.3287,312.12497,674.5844,310.82727
0.0,0.06,0.0,328.78683,369.03452,130.65723,362.83237
0.03,0.06,0.0,390.77795,369.01343,191.72154,363.1892
0.06,0.06,0.0,452.46094,369.11768,253.03975,363.70285
0.09,0.06,0.0,513.6773,369.25027,314.43164,364.31226
0.12,0.06,0.0,574.29425,369.4717,375.7126,365.0829
0.15,0.06,0.0,634.2376,369.65692,436.5908,365.91107
0.18,0.06,0.0,693.54486,369.87753,497.01318,366.79416
0.21,0.06,0.0,752.1361,370.09998,556.759,367.75272
0.24,0.06,0.0,810.007,370.36206,615.9015,368.7134
0.27,0.06,0.0,867.0443,370.6398,674.352,369.6465
0.0,0.09,0.0,329.0507,430.634,129.6971,423.99988
0.03,0.09,0.0,391.13992,430.42154,190.90077,424.29745
0.06,0.09,0.0,452.8978,430.20264,252.31792,424.6397
0.09,0.09,0.0,514.1679,430.0547,313.84424,425.10092
0.12,0.09,0.0,574.7879,429.9341,375.2059,425.6067
0.15,0.09,0.0,634.73193,429.80838,436.2162,426.17526
0.18,0.09,0.0,694.0913,429.63846,496.7023,426.73108
0.21,0.09,0.0,752.7137,429.51126,556.5087,427.30908
0.24,0.09,0.0,810.53845,429.40955,615.6427,427.94824
0.27,0.09,0.0,867.6786,429.2731,674.1369,428.54617
0.0,0.12,0.0,329.51453,492.3806,129.0869,485.34818
0.03,0.12,0.0,391.65988,491.87656,190.38919,485.5694
0.06,0.12,0.0,453.4324,491.3918,251.81366,485.7638
0.09,0.12,0.0,514.7146,490.90625,313.44183,486.0215
0.12,0.12,0.0,575.3021,490.42715,374.84976,486.24365
0.15,0.12,0.0,635.2707,489.93707,435.87408,486.4888
0.18,0.12,0.0,694.6304,489.447,496.4046,486.73032
0.21,0.12,0.0,753.291,488.9617,556.2782,486.98877
0.24,0.12,0.0,811.04504,488.47852,615.3838,487.24377
0.27,0.12,0.0,868.21906,487.97617,673.9149,487.51794
0.0,0.15,0.0,330.1813,554.0628,128.8423,546.71735
0.03,0.15,0.0,392.2656,553.3214,190.09795,546.8937
0.06,0.15,0.0,454.00433,552.56744,251.51224,546.9874
0.09,0.15,0.0,515.26526,551.7506,313.1191,546.9631
0.12,0.15,0.0,575.84735,550.9008,374.54095,546.96045
0.15,0.15,0.0,635.79395,550.06824,435.57516,546.8749
0.18,0.15,0.0,695.1263,549.2328,496.09326,546.81006
0.21,0.15,0.0,753.7977,548.40247,556.0021,546.7223
0.24,0.15,0.0,811.5728,547.5178,615.15173,546.62115
0.27,0.15,0.0,868.7014,546.6501,673.7004,546.5462
0.0,0.18,0.0,330.95654,615.64813,128.93365,608.06464
0.03,0.18,0.0,392.9493,614.70984,190.07132,608.13257
0.06,0.18,0.0,454.6321,613.66565,251.46707,608.12164
0.09,0.18,0.0,515.81586,612.52875,312.994,607.9326
0.12,0.18,0.0,576.3956,611.3744,374.33163,607.6387
0.15,0.18,0.0,636.3425,610.1536,435.34174,607.2986
0.18,0.18,0.0,695.6239,609.00024,495.8066,606.89624
0.21,0.18,0.0,754.2656,607.7858,555.709,606.5139
0.24,0.18,0.0,812.088,606.5777,614.9245,606.0875
0.27,0.18,0.0,869.0653,605.2831,673.4581,605.66
0.0,0.21,0.0,331.95557,677.03815,129.3806,669.2152
0.03,0.21,0.0,393.79645,675.8727,190.34427,669.23846
0.06,0.21,0.0,455.34692,674.56836,251.67325,669.06024
0.09,0.21,0.0,516.4582,673.1545,313.00357,668.7358
0.12,0.21,0.0,577.02625,671.69916,374.25003,668.27496
0.15,0.21,0.0,636.85864,670.20764,435.15378,667.65375
0.18,0.21,0.0,696.119,668.64087,495.61798,666.9647
0.21,0.21,0.0,754.7065,667.07385,555.4749,666.2866
0.24,0.21,0.0,812.48004,665.45374,614.69806,665.56445
0.27,0.21,0.0,869.41095,663.76874,673.2621,664.7894
0.0,0.24,0.0,333.1579,738.1158,130.12761,730.047
0.03,0.24,0.0,394.81488,736.80054,190.96376,730.0595
0.06,0.24,0.0,456.21698,735.19977,252.08179,729.7614
0.09,0.24,0.0,517.1662,733.5792,313.2521,729.3451
0.12,0.24,0.0,577.66266,731.9239,374.28226,728.785
0.15,0.24,0.0,637.43665,729.97784,435.10284,727.87714
0.18,0.24,0.0,696.6007,728.08466,495.46094,726.9594
0.21,0.24,0.0,755.1279,726.20514,555.30164,726.01526
0.24,0.24,0.0,812.7692,724.14056,614.4732,724.94855
0.27,0.24,0.0,869.6034,722.02026,673.0399,723.85504
0.0,0.27,0.0,334.559,798.71716,131.25943,790.4658
0.03,0.27,0.0,396.03192,797.24097,191.8852,790.4267
0.06,0.27,0.0,457.18298,795.39026,252.79077,790.00336
0.09,0.27,0.0,517.97736,793.55853,313.71698,789.49164
0.12,0.27,0.0,578.35345,791.7739,374.55157,788.94324
0.15,0.27,0.0,637.9952,789.4815,435.17572,787.84235
0.18,0.27,0.0,697.0084,787.188,495.40417,786.6409
0.21,0.27,0.0,755.53326,785.0244,555.18915,785.53076
0.24,0.27,0.0,812.91235,782.3761,614.23596,784.03485
0.27,0.27,0.0,869.6758,779.8828,672.8039,782.7041
0.0,0.0,0.0,340.348,262.6545,153.4378,257.6258
0.03,0.0,0.0,398.25015,261.27515,209.51428,256.39404
0.06,0.0,0.0,456.5306,260.04962,266.3985,255.30827
0.09,0.0,0.0,515.07806,258.93106,324.00778,254.44064
0.12,0.0,0.0,573.82825,257.9167,382.14166,253.73279
0.15,0.0,0.0,632.6331,256.9809,440.70163,253.25015
0.18,0.0,0.0,691.46106,256.1003,499.48477,252.81728
0.21,0.0,0.0,750.23303,255.26518,558.40247,252.48509
0.24,0.0,0.0,808.91486,254.54999,617.3991,252.21443
0.27,0.0,0.0,867.4103,253.90645,676.4849,252.00488
0.0,0.03,0.0,339.1057,319.46442,149.97055,313.83963
0.03,0.03,0.0,397.43735,318.26917,206.51758,312.8795
0.06,0.03,0.0,456.16104,317.1361,263.865,312.05685
0.09,0.03,0.0,515.13043,316.1412,321.92947,311.41223
0.12,0.03,0.0,574.2308,315.17584,380.5569,310.86304
0.15,0.03,0.0,633.3956,314.2591,439.517,310.44437
0.18,0.03,0.0,692.59326,313.32864,498.72745,310.09708
0.21,0.03,0.0,751.74115,312.4619,558.0317,309.8671
0.24,0.03,0.0,810.82306,311.63544,617.4061,309.6383
0.27,0.03,0.0,869.7288,310.88416,676.8527,309.42926
0.0,0.06,0.0,337.99265,377.1361,146.75967,371.07584
0.03,0.06,0.0,396.74762,376.06448,203.71127,370.31396
0.06,0.06,0.0,455.86313,375.0455,261.4546,369.69525
0.09,0.06,0.0,515.2068,374.0796,319.99533,369.192
0.12,0.06,0.0,574.6839,373.16565,379.04028,368.80594
0.15,0.06,0.0,634.18665,372.25763,438.4299,368.50284
0.18,0.06,0.0,693.7026,371.3319,498.02518,368.2235
0.21,0.06,0.0,753.2057,370.4065,557.69385,367.9937
0.24,0.06,0.0,812.6625,369.544,617.43335,367.7958
0.27,0.06,0.0,871.9175,368.69962,677.1885,367.59113
0.0,0.09,0.0,337.01425,435.53476,143.76854,429.01016
0.03,0.09,0.0,396.1811,434.60614,201.14507,428.57352
0.06,0.09,0.0,455.65005,433.59412,259.24088,428.1315
0.09,0.09,0.0,515.35754,432.70386,318.17624,427.7864
0.12,0.09,0.0,575.1578,431.8365,377.62567,427.52795
0.15,0.09,0.0,634.97614,430.93127,437.42346,427.28534
0.18,0.09,0.0,694.84644,429.94867,497.3402,427.01102
0.21,0.09,0.0,754.6695,429.03168,557.377,426.80338
0.24,0.09,0.0,814.439,428.1605,617.4439,426.66602
0.27,0.09,0.0,874.0958,427.1941,677.55725,426.41556
0.0,0.12,0.0,336.21265,494.633,141.08974,487.74033
0.03,0.12,0.0,395.74728,493.8385,198.83377,487.6113
0.06,0.12,0.0,455.46454,492.8823,257.1693,487.32352
0.09,0.12,0.0,515.5132,491.98874,316.4514,487.1165
0.12,0.12,0.0,575.6584,491.15137,376.33252,486.98465
0.15,0.12,0.0,635.7905,490.26974,436.40698,486.78223
0.18,0.12,0.0,695.97253,489.27213,496.69778,486.53946
0.21,0.12,0.0,756.14246,488.30536,557.0316,486.30615
0.24,0.12,0.0,816.20496,487.42056,617.47034,486.22388
0.27,0.12,0.0,876.21875,486.40057,677.9049,485.96948
0.0,0.15,0.0,335.5907,554.34796,138.71681,547.1468
0.03,0.15,0.0,395.3681,553.6239,196.66553,547.2566
0.06,0.15,0.0,455.39557,552.7595,255.30533,547.20337
0.09,0.15,0.0,515.72424,551.9089,314.86795,547.143
0.12,0.15,0.0,576.19324,551.08765,375.02402,547.1235
0.15,0.15,0.0,636.6249,550.16364,435.42584,546.97906
0.18,0.15,0.0,697.10675,549.208,496.04654,546.77893
0.21,0.15,0.0,757.58624,548.21747,556.7305,546.5725
0.24,0.15,0.0,817.9663,547.2576,617.5106,546.4393
0.27,0.15,0.0,878.218,546.2184,678.31714,546.2561
0.0,0.18,0.0,335.10983,614.61115,136.63788,607.0851
0.03,0.18,0.0,395.05545,613.9761,194.67743,607.4474
0.06,0.18,0.0,455.40933,613.2768,253.64558,607.6804
0.09,0.18,0.0,516.0031,612.4431,313.44418,607.83856
0.12,0.18,0.0,576.6914,611.57825,373.7996,607.871
0.15,0.18,0.0,637.4614,610.6755,434.4938,607.82495
0.18,0.18,0.0,698.24646,609.73895,495.38638,607.6909
0.21,0.18,0.0,759.0412,608.73944,556.432,607.54535
0.24,0.18,0.0,819.7264,607.7233,617.55426,607.39526
0.27,0.18,0.0,880.19446,606.6249,678.6825,607.26337
0.0,0.21,0.0,334.76617,675.2733,134.83409,667.44366
0.03,0.21,0.0,394.90286,674.8047,193.04303,668.1371
0.06,0.21,0.0,455.48047,674.18994,252.23997,668.64575
0.09,0.21,0.0,516.34076,673.46027,312.16696,669.00104
0.12,0.21,0.0,577.2708,672.58954,372.6588,669.17584
0.15,0.21,0.0,638.3269,671.71655,433.6066,669.2562
0.18,0.21,0.0,699.3882,670.7785,494.84167,669.2614
0.21,0.21,0.0,760.45575,669.7597,556.1581,669.1618
0.24,0.21,0.0,821.41583,668.7197,617.5992,669.04065
0.27,0.21,0.0,882.14685,667.4699,679.09235,668.9157
0.0,0.24,0.0,334.6137,736.2493,133.37694,728.1542
0.03,0.24,0.0,394.88968,736.0048,191.65463,729.18146
0.06,0.24,0.0,455.72083,735.51733,251.07169,729.9873
0.09,0.24,0.0,516.70734,734.9216,311.06036,730.5891
0.12,0.24,0.0,577.86304,734.16455,371.67947,731.01013
0.15,0.24,0.0,639.19904,733.2908,432.85406,731.2202
0.18,0.24,0.0,700.54266,732.29065,494.3325,731.35077
0.21,0.24,0.0,761.84265,731.2708,555.93365,731.35706
0.24,0.24,0.0,822.9932,730.068,617.6976,731.2786
0.27,0.24,0.0,883.8912,728.72784,679.4747,731.14484
0.0,0.27,0.0,334.68057,797.3989,132.22374,788.96814
0.03,0.27,0.0,395.14813,797.3658,190.63919,790.38336
0.06,0.27,0.0,456.09647,797.0274,250.18535,791.4938
0.09,0.27,0.0,517.229,796.5502,310.27432,792.4261
0.12,0.27,0.0,578.56055,795.9674,370.88916,793.1281
0.15,0.27,0.0,640.0692,795.0981,432.28775,793.5142
0.18,0.27,0.0,701.6348,794.06396,493.93567,793.77026
0.21,0.27,0.0,763.1562,793.0189,555.7422,793.9129
0.24,0.27,0.0,824.4077,791.6403,617.76465,793.8743
0.27,0.27,0.0,885.51306,790.19196,679.8646,793.7558
0.0,0.0,0.0,325.14722,251.11803,130.55467,246.23682
0.03,0.0,0.0,385.61197,249.45924,188.88333,244.64856
0.06,0.0,0.0,446.6112,247.96346,248.18259,243.27663
0.09,0.0,0.0,507.9414,246.6413,308.3024,242.16428
0.12,0.0,0.0,569.524,245.43983,369.1318,241.24821
0.15,0.0,0.0,631.22394,244.31248,430.45636,240.52695
0.18,0.0,0.0,692.99475,243.28806,492.0984,239.96017
0.21,0.0,0.0,754.74603,242.34177,553.9554,239.53246
0.24,0.0,0.0,816.37695,241.53384,615.9288,239.1301
0.27,0.0,0.0,877.81934,240.87567,678.0177,238.87596
0.0,0.03,0.0,327.15662,312.51755,131.96037,306.9323
0.03,0.03,0.0,387.53253,311.06564,190.24194,305.70724
0.06,0.03,0.0,448.38406,309.75238,249.45216,304.65076
0.09,0.03,0.0,509.51056,308.57022,309.53632,303.79233
0.12,0.03,0.0,570.8718,307.45267,370.26297,303.131
0.15,0.03,0.0,632.32587,306.39377,431.45035,302.57062
0.18,0.03,0.0,693.81696,305.35056,492.89642,302.1267
0.21,0.03,0.0,755.36017,304.3849,554.5259,301.79025
0.24,0.03,0.0,816.77734,303.48428,616.2692,301.47928
0.27,0.03,0.0,878.0534,302.70694,678.0829,301.2369
0.0,0.06,0.0,329.3888,373.5815,133.70534,367.4496
0.03,0.06,0.0,389.58383,372.35367,191.86673,366.5828
0.06,0.06,0.0,450.23108,371.19632,251.00261,365.8184
0.09,0.06,0.0,511.1694,370.0928,310.96484,365.16797
0.12,0.06,0.0,572.2389,369.05225,371.51132,364.66342
0.15,0.06,0.0,633.43976,368.02722,432.53162,364.2459
0.18,0.06,0.0,694.6602,367.00735,493.77792,363.89334
0.21,0.06,0.0,755.8874,366.05563,555.1414,363.61823
0.24,0.06,0.0,817.1037,365.10983,616.5938,363.37137
0.27,0.06,0.0,878.15283,364.22006,678.1052,363.12427
0.0,0.09,0.0,331.7429,434.2369,135.70697,427.65952
0.03,0.09,0.0,391.80756,433.1362,193.83374,427.06415
0.06,0.09,0.0,452.16678,432.12918,252.76381,426.5837
0.09,0.09,0.0,512.8488,431.1151,312.51627,426.13818
0.12,0.09,0.0,573.67395,430.07568,372.93192,425.72925
0.15,0.09,0.0,634.5355,429.09543,433.69122,425.4216
0.18,0.09,0.0,695.4734,428.1045,494.68875,425.17056
0.21,0.09,0.0,756.41187,427.14722,555.78174,424.9243
0.24,0.09,0.0,817.29144,426.12628,616.9322,424.67456
0.27,0.09,0.0,878.12067,425.2368,678.15234,424.48438
0.0,0.12,0.0,334.3375,494.35782,138.09322,487.44897
0.03,0.12,0.0,394.1504,493.34204,196.07455,487.10068
0.06,0.12,0.0,454.1613,492.49857,254.65001,486.88104
0.09,0.12,0.0,514.5547,491.5174,314.2229,486.5883
0.12,0.12,0.0,575.0934,490.46753,374.39545,486.29642
0.15,0.12,0.0,635.6147,489.5004,434.91705,486.03952
0.18,0.12,0.0,696.2505,488.59116,495.5936,485.8516
0.21,0.12,0.0,756.90576,487.66156,556.4034,485.67422
0.24,0.12,0.0,817.46515,486.59302,617.31915,485.41913
0.27,0.12,0.0,878.0068,485.657,678.1976,485.27002
0.0,0.15,0.0,337.03714,553.8506,140.83302,546.63794
0.03,0.15,0.0,396.49167,552.96704,198.45325,546.60333
0.06,0.15,0.0,456.2116,552.21204,256.81546,546.64734
0.09,0.15,0.0,516.32263,551.2846,316.0833,546.5178
0.12,0.15,0.0,576.48755,550.2756,375.94492,546.3356
0.15,0.15,0.0,636.7259,549.3388,436.16156,546.1133
0.18,0.15,0.0,697.01935,548.4109,496.5334,545.9806
0.21,0.15,0.0,757.3592,547.5454,557.02216,545.8692
0.24,0.15,0.0,817.59406,546.48535,617.6288,545.5982
0.27,0.15,0.0,877.7861,545.4999,678.25165,545.4757
0.0,0.18,0.0,339.86526,612.60675,143.83368,605.1841
0.03,0.18,0.0,398.90082,611.9263,201.06372,605.48834
0.06,0.18,0.0,458.3316,611.1943,259.16672,605.71484
0.09,0.18,0.0,518.04877,610.3368,318.1053,605.75854
0.12,0.18,0.0,577.8894,609.4402,377.54688,605.73706
0.15,0.18,0.0,637.8087,608.5197,437.40555,605.6319
0.18,0.18,0.0,697.7692,607.6087,497.4902,605.55133
0.21,0.18,0.0,757.7609,606.7273,557.68243,605.4749
0.24,0.18,0.0,817.7214,605.71216,617.97095,605.3089
0.27,0.18,0.0,877.49524,604.64166,678.328,605.156
0.0,0.21,0.0,342.7885,670.65393,147.01434,663.08777
0.03,0.21,0.0,401.41278,670.1198,203.84566,663.63885
0.06,0.21,0.0,460.495,669.4092,261.70322,664.0126
0.09,0.21,0.0,519.84125,668.69684,320.2327,664.3063
0.12,0.21,0.0,579.28894,667.95374,379.21234,664.5301
0.15,0.21,0.0,638.8776,666.99023,438.74362,664.499
0.18,0.21,0.0,698.51556,666.0644,498.47473,664.4448
0.21,0.21,0.0,758.1659,665.206,558.33966,664.45215
0.24,0.21,0.0,817.73004,664.1609,618.34796,664.35736
0.27,0.21,0.0,877.15186,663.0606,678.40485,664.23883
0.0,0.24,0.0,345.8347,727.89734,150.445,720.1902
0.03,0.24,0.0,404.03546,727.55426,206.89365,721.0167
0.06,0.24,0.0,462.7512,726.8935,264.4009,721.5416
0.09,0.24,0.0,521.6736,726.3042,322.42792,722.09644
0.12,0.24,0.0,580.6991,725.7328,380.949,722.5985
0.15,0.24,0.0,639.9483,724.7424,440.14536,722.6273
0.18,0.24,0.0,699.226,723.81445,499.53162,722.6892
0.21,0.24,0.0,758.51013,722.98285,559.0318,722.8661
0.24,0.24,0.0,817.6793,721.8223,618.70447,722.7342
0.27,0.24,0.0,876.6691,720.6522,678.4404,722.6757
0.0,0.27,0.0,348.95227,784.1814,154.10602,776.39557
0.03,0.27,0.0,406.80453,783.9758,210.22484,777.44147
0.06,0.27,0.0,465.08054,783.38025,267.36963,778.1174
0.09,0.27,0.0,523.5495,782.91034,324.89835,778.9456
0.12,0.27,0.0,582.1972,782.6208,382.86957,779.82874
0.15,0.27,0.0,641.02563,781.567,441.66397,779.91327
0.18,0.27,0.0,699.90594,780.63293,500.6298,780.0963
0.21,0.27,0.0,758.7949,779.89703,559.75116,780.466
0.24,0.27,0.0,817.4892,778.5127,619.08636,780.2334
0.27,0.27,0.0,876.09467,777.3156,678.4728,780.2893
0.0,0.0,0.0,470.9146,140.78273,274.60165,136.76144
0.03,0.0,0.0,532.1306,141.91893,335.81854,137.92952
0.06,0.0,0.0,592.7689,143.27666,396.87308,139.40044
0.09,0.0,0.0,652.8615,144.70728,457.67117,141.07849
0.12,0.0,0.0,712.26117,146.36732,518.0627,142.9677
0.15,0.0,0.0,770.835,148.11795,577.89343,145.03345
0.18,0.0,0.0,828.55084,150.03896,637.11774,147.23752
0.21,0.0,0.0,885.3951,152.11009,695.6827,149.49965
0.24,0.0,0.0,941.1935,154.35646,753.5407,151.87735
0.27,0.0,0.0,995.8795,156.80498,810.63477,154.38158
0.0,0.03,0.0,470.9011,201.28839,273.03674,196.787
0.03,0.03,0.0,532.3644,202.20761,334.5573,197.8553
0.06,0.03,0.0,593.1652,203.27054,395.90543,199.19696
0.09,0.03,0.0,653.3896,204.42075,456.93427,200.7444
0.12,0.03,0.0,712.9104,205.71352,517.4934,202.43239
0.15,0.03,0.0,771.6587,207.05022,577.4718,204.22935
0.18,0.03,0.0,829.552,208.50963,636.85114,206.12141
0.21,0.03,0.0,886.5604,210.08598,695.56335,208.0208
0.24,0.03,0.0,942.551,211.81944,753.5233,210.0609
0.27,0.03,0.0,997.4643,213.69441,810.7798,212.15535
0.0,0.06,0.0,471.08914,262.34158,271.7353,257.45615
0.03,0.06,0.0,532.6323,263.02316,333.51196,258.41248
0.06,0.06,0.0,593.6316,263.7715,395.0729,259.60052
0.09,0.06,0.0,653.92,264.60263,456.30054,260.9161
0.12,0.06,0.0,713.5369,265.51736,517.0017,262.37714
0.15,0.06,0.0,772.3593,266.45245,577.1243,263.88483
0.18,0.06,0.0,830.4098,267.4467,636.58405,265.43488
0.21,0.06,0.0,887.5732,268.55588,695.37665,267.01947
0.24,0.06,0.0,943.7172,269.78165,753.4536,268.61206
0.27,0.06,0.0,998.7705,271.1485,810.813,270.2734
0.0,0.09,0.0,471.3823,323.72266,270.66763,318.54187
0.03,0.09,0.0,533.04236,324.1846,332.68262,319.39258
0.06,0.09,0.0,594.1213,324.5684,394.45108,320.31912
0.09,0.09,0.0,654.4734,325.07706,455.82727,321.40884
0.12,0.09,0.0,714.0759,325.60266,516.63794,322.60953
0.15,0.09,0.0,772.9663,326.161,576.8079,323.8209
0.18,0.09,0.0,831.1913,326.69446,636.3313,324.99518
0.21,0.09,0.0,888.4558,327.326,695.17865,326.228
0.24,0.09,0.0,944.6516,328.09973,753.27246,327.48315
0.27,0.09,0.0,999.90234,328.91458,810.7491,328.74536
0.0,0.12,0.0,471.79095,385.37418,269.8924,380.00104
0.03,0.12,0.0,533.5082,385.5135,332.04123,380.6581
0.06,0.12,0.0,594.6324,385.58167,393.94028,381.3329
0.09,0.12,0.0,654.9994,385.69077,455.40616,382.10876
0.12,0.12,0.0,714.62665,385.88852,516.2991,383.00067
0.15,0.12,0.0,773.51953,386.00754,576.4865,383.89655
0.18,0.12,0.0,831.8116,386.15015,636.07465,384.73068
0.21,0.12,0.0,889.22516,386.3421,695.0174,385.57144
0.24,0.12,0.0,945.41473,386.64227,753.0599,386.5244
0.27,0.12,0.0,1000.7902,386.93195,810.64453,387.36316
0.0,0.15,0.0,472.2683,447.1182,269.30835,441.67953
0.03,0.15,0.0,534.0105,446.86987,331.54166,442.08456
0.06,0.15,0.0,595.1496,446.62888,393.52103,442.52902
0.09,0.15,0.0,655.5364,446.38928,455.08606,442.99194
0.12,0.15,0.0,715.1683,446.17838,515.9897,443.5096
0.15,0.15,0.0,774.0779,445.9351,576.22394,444.03622
0.18,0.15,0.0,832.35925,445.7018,635.80115,444.53534
0.21,0.15,0.0,889.8543,445.47598,694.77234,445.0388
0.24,0.15,0.0,946.09424,445.29788,752.9276,445.59406
0.27,0.15,0.0,1001.46063,445.14227,810.4691,446.15082
0.0,0.18,0.0,472.7855,508.81668,268.9025,503.45172
0.03,0.18,0.0,534.5582,508.25644,331.13303,503.5825
0.06,0.18,0.0,595.6572,507.72803,393.1482,503.73862
0.09,0.18,0.0,656.01324,507.10205,454.72763,503.9404
0.12,0.18,0.0,715.6814,506.49295,515.68164,504.0804
0.15,0.18,0.0,774.62054,505.90186,575.9501,504.22653
0.18,0.18,0.0,832.8648,505.27704,635.56757,504.41315
0.21,0.18,0.0,890.30707,504.67004,694.5116,504.5875
0.24,0.18,0.0,946.73456,504.02655,752.7616,504.76764
0.27,0.18,0.0,1002.0041,503.41428,810.2794,504.9571
0.0,0.21,0.0,473.39703,570.5976,268.6576,565.25006
0.03,0.21,0.0,535.11,569.6247,330.89084,565.18677
0.06,0.21,0.0,596.1758,568.6886,392.8941,565.0569
0.09,0.21,0.0,656.5283,567.7391,454.4192,564.89374
0.12,0.21,0.0,716.26587,566.80853,515.41974,564.71484
0.15,0.21,0.0,775.13043,565.79456,575.6944,564.4928
0.18,0.21,0.0,833.3181,564.80536,635.2961,564.30005
0.21,0.21,0.0,890.7487,563.7823,694.2978,564.1396
0.24,0.21,0.0,947.1026,562.74316,752.54626,564.0025
0.27,0.21,0.0,1002.36835,561.6576,810.1167,563.8492
0.0,0.24,0.0,474.05222,632.29047,268.59018,627.034
0.03,0.24,0.0,535.73065,631.0049,330.75357,626.77704
0.06,0.24,0.0,596.6947,629.66516,392.66815,626.3307
0.09,0.24,0.0,657.07074,628.34534,454.17996,625.8662
0.12,0.24,0.0,716.8129,627.0544,515.1766,625.4089
0.15,0.24,0.0,775.6162,625.68335,575.4432,624.8281
0.18,0.24,0.0,833.694,624.3021,635.0667,624.29877
0.21,0.24,0.0,891.1044,622.8769,694.092,623.8227
0.24,0.24,0.0,947.3553,621.3971,752.3282,623.292
0.27,0.24,0.0,1002.5548,619.7591,809.9139,622.74194
0.0,0.27,0.0,474.79056,693.8049,268.73724,688.682
0.03,0.27,0.0,536.3591,692.19666,330.7887,688.1908
0.06,0.27,0.0,597.26263,690.4595,392.6118,687.47864
0.09,0.27,0.0,657.56647,688.79913,454.02136,686.76135
0.12,0.27,0.0,717.33844,687.26324,514.9603,686.09937
0.15,0.27,0.0,776.03235,685.3805,575.1898,685.1235
0.18,0.27,0.0,834.0542,683.5645,634.8188,684.2471
0.21,0.27,0.0,891.4263,681.7658,693.9103,683.4987
0.24,0.27,0.0,947.38684,679.6725,752.0541,682.51276
0.27,0.27,0.0,1002.5693,677.6541,809.6583,681.63464
0.0,0.0,0.0,475.5926,162.11493,287.80328,158.03441
0.03,0.0,0.0,533.80695,160.86815,345.13052,156.83156
0.06,0.0,0.0,592.16656,159.78438,402.8657,155.92595
0.09,0.0,0.0,650.60815,158.80241,461.03284,155.16808
0.12,0.0,0.0,709.08057,158.00914,519.4512,154.6438
0.15,0.0,0.0,767.43896,157.34558,578.0669,154.23782
0.18,0.0,0.0,825.6464,156.85837,636.74493,154.0081
0.21,0.0,0.0,883.56555,156.555,695.43713,153.82413
0.24,0.0,0.0,941.04047,156.44429,754.1095,153.78745
0.27,0.0,0.0,998.0717,156.59198,812.6756,153.92581
0.0,0.03,0.0,475.1387,217.91121,285.0883,213.39401
0.03,0.03,0.0,533.80786,216.7462,342.89038,212.4548
0.06,0.03,0.0,592.6056,215.72234,401.2005,211.71222
0.09,0.03,0.0,651.4676,214.77556,459.8334,211.14056
0.12,0.03,0.0,710.38446,213.96156,518.72217,210.69449
0.15,0.03,0.0,769.1872,213.23769,577.759,210.41583
0.18,0.03,0.0,827.83984,212.60648,636.8711,210.13055
0.21,0.03,0.0,886.22626,212.11765,695.9808,209.97429
0.24,0.03,0.0,944.25366,211.82452,755.08826,209.89844
0.27,0.03,0.0,1001.74457,211.74341,814.1167,209.91039
0.0,0.06,0.0,474.78192,274.6932,282.53198,269.84818
0.03,0.06,0.0,533.8941,273.66763,340.85107,269.13214
0.06,0.06,0.0,593.0992,272.65973,399.62582,268.5201
0.09,0.06,0.0,652.36646,271.73306,458.72864,268.08508
0.12,0.06,0.0,711.66235,270.88516,518.0527,267.77628
0.15,0.06,0.0,770.85565,270.06577,577.47784,267.49765
0.18,0.06,0.0,829.957,269.32172,636.96204,267.26138
0.21,0.06,0.0,888.8033,268.7338,696.48175,267.06604
0.24,0.06,0.0,947.266,268.2493,756.00354,266.97357
0.27,0.06,0.0,1005.2376,267.93732,815.4607,266.84253
0.0,0.09,0.0,474.54547,332.35422,280.14465,327.21722
0.03,0.09,0.0,534.0562,331.4352,338.9501,326.73355
0.06,0.09,0.0,593.60675,330.4037,398.1393,326.19162
0.09,0.09,0.0,653.2582,329.49454,457.71228,325.86972
0.12,0.09,0.0,712.8993,328.68646,517.4397,325.65817
0.15,0.09,0.0,772.4723,327.79675,577.25867,325.4643
0.18,0.09,0.0,832.00995,326.92017,637.08124,325.19098
0.21,0.09,0.0,891.29443,326.16846,696.9932,324.992
0.24,0.09,0.0,950.14343,325.6149,756.8584,324.8817
0.27,0.09,0.0,1008.5635,325.05252,816.72894,324.70288
0.0,0.12,0.0,474.3809,390.8096,277.94107,385.53912
0.03,0.12,0.0,534.2704,389.99536,337.22083,385.20163
0.06,0.12,0.0,594.18225,388.9354,396.75446,384.7405
0.09,0.12,0.0,654.1783,388.02963,456.73596,384.4757
0.12,0.12,0.0,714.1341,387.21875,516.8787,384.3623
0.15,0.12,0.0,774.0404,386.31494,577.0228,384.18442
0.18,0.12,0.0,833.9532,385.35147,637.22406,383.90894
0.21,0.12,0.0,893.67596,384.46057,697.46936,383.65836
0.24,0.12,0.0,952.87585,383.7953,757.694,383.61185
0.27,0.12,0.0,1011.6976,383.01596,817.96185,383.39417
0.0,0.15,0.0,474.29684,450.02295,275.92358,444.66504
0.03,0.15,0.0,534.51166,449.16684,335.5525,444.4181
0.06,0.15,0.0,594.7521,448.13858,395.48752,444.09088
0.09,0.15,0.0,655.09393,447.2548,455.8321,443.85736
0.12,0.15,0.0,715.39886,446.40375,516.3341,443.7225
0.15,0.15,0.0,775.6536,445.46326,576.8283,443.56586
0.18,0.15,0.0,835.8861,444.4945,637.365,443.34592
0.21,0.15,0.0,895.95166,443.5015,697.9472,443.0896
0.24,0.15,0.0,955.51935,442.69357,758.53064,443.0031
0.27,0.15,0.0,1014.67816,441.8028,819.145,442.8502
0.0,0.18,0.0,474.27383,509.838,274.02307,504.5234
0.03,0.18,0.0,534.79895,508.95306,333.90378,504.31796
0.06,0.18,0.0,595.4116,508.05148,394.2784,504.15997
0.09,0.18,0.0,656.00055,507.14587,454.95728,503.99365
0.12,0.18,0.0,716.6101,506.2397,515.7673,503.79245
0.15,0.18,0.0,777.2108,505.28232,576.6321,503.6673
0.18,0.18,0.0,837.75256,504.30865,637.5031,503.47955
0.21,0.18,0.0,898.13934,503.23776,698.4491,503.27206
0.24,0.18,0.0,958.08624,502.26846,759.37976,503.1061
0.27,0.18,0.0,1017.4794,501.2512,820.32587,502.99026
0.0,0.21,0.0,474.27505,570.265,272.2762,564.9898
0.03,0.21,0.0,535.1078,569.42365,332.40887,564.967
0.06,0.21,0.0,596.03314,568.5355,393.1516,564.90155
0.09,0.21,0.0,656.9655,567.61755,454.11243,564.7679
0.12,0.21,0.0,717.8808,566.64703,515.21246,564.59344
0.15,0.21,0.0,778.7625,565.68427,576.44403,564.4489
0.18,0.21,0.0,839.6001,564.6848,637.6793,564.27026
0.21,0.21,0.0,900.2573,563.58795,698.92694,564.11786
0.24,0.21,0.0,960.50494,562.47125,760.2162,563.99615
0.27,0.21,0.0,1020.1831,561.2758,821.5357,563.80743
0.0,0.24,0.0,474.32193,631.29095,270.6242,626.03046
0.03,0.24,0.0,535.4572,630.4658,331.0443,626.2077
0.06,0.24,0.0,596.6908,629.6205,392.08112,626.2643
0.09,0.24,0.0,657.89813,628.6961,453.2821,626.21094
0.12,0.24,0.0,719.13306,627.6938,514.672,626.07855
0.15,0.24,0.0,780.3245,626.7245,576.2248,625.9711
0.18,0.24,0.0,841.39014,625.62573,637.806,625.8099
0.21,0.24,0.0,902.34326,624.50446,699.4679,625.642
0.24,0.24,0.0,962.75146,623.21814,761.09283,625.5308
0.27,0.24,0.0,1022.6335,621.82043,822.6854,625.3168
0.0,0.27,0.0,474.42395,692.78235,269.16156,687.57837
0.03,0.27,0.0,535.8568,692.04553,329.8387,687.9504
0.06,0.27,0.0,597.3586,691.20026,391.1137,688.1373
0.09,0.27,0.0,658.86096,690.2749,452.54547,688.22754
0.12,0.27,0.0,720.42474,689.27203,514.13885,688.1873
0.15,0.27,0.0,781.853,688.2198,576.06573,688.1071
0.18,0.27,0.0,843.1205,687.05914,638.0171,687.98865
0.21,0.27,0.0,904.3052,685.771,699.9694,687.8537
0.24,0.27,0.0,964.8103,684.3321,761.8874,687.6688
0.27,0.27,0.0,1024.8988,682.69135,823.7787,687.4147
0.0,0.0,0.0,466.8319,145.78824,271.0202,141.84819
0.03,0.0,0.0,527.7754,144.27873,330.7855,140.34392
0.06,0.0,0.0,588.8619,142.95894,391.16467,139.10976
0.09,0.0,0.0,650.13666,141.81714,452.03113,138.10637
0.12,0.0,0.0,711.39496,140.8557,513.2503,137.35675
0.15,0.0,0.0,772.60474,140.0826,574.7089,136.80017
0.18,0.0,0.0,833.6548,139.52359,636.26685,136.40587
0.21,0.0,0.0,894.37115,139.18256,697.8884,136.12085
0.24,0.0,0.0,954.60095,139.12624,759.4628,136.03285
0.27,0.0,0.0,1014.2639,139.37222,820.97876,136.15463
0.0,0.03,0.0,468.27246,207.1084,271.7988,202.70338
0.03,0.03,0.0,529.0798,205.73543,331.58887,201.48268
0.06,0.03,0.0,590.053,204.49985,391.91202,200.50986
0.09,0.03,0.0,651.129,203.40337,452.71243,199.73561
0.12,0.03,0.0,712.28125,202.46112,513.81964,199.13028
0.15,0.03,0.0,773.3382,201.6055,575.09296,198.67479
0.18,0.03,0.0,834.2637,200.91571,636.503,198.28806
0.21,0.03,0.0,894.8963,200.3975,697.9364,198.03764
0.24,0.03,0.0,955.0938,200.11765,759.34314,197.91428
0.27,0.03,0.0,1014.7649,200.08565,820.823,197.9098
0.0,0.06,0.0,469.82758,268.36288,272.88705,263.52866
0.03,0.06,0.0,530.47174,267.13132,332.58383,262.60406
0.06,0.06,0.0,591.26434,265.99777,392.8696,261.8413
0.09,0.06,0.0,652.1525,264.92987,453.55087,261.25397
0.12,0.06,0.0,713.07935,263.94,514.4683,260.75967
0.15,0.06,0.0,773.9446,263.03622,575.54266,260.3913
0.18,0.06,0.0,834.7023,262.20972,636.7081,260.05783
0.21,0.06,0.0,895.22784,261.5547,697.93317,259.81454
0.24,0.06,0.0,955.3468,261.04526,759.1942,259.64148
0.27,0.06,0.0,1014.9365,260.78854,820.4064,259.56918
0.0,0.09,0.0,471.4977,329.34503,274.1616,324.2285
0.03,0.09,0.0,531.97424,328.22684,333.8694,323.4942
0.06,0.09,0.0,592.5444,327.16214,393.94257,322.91556
0.09,0.09,0.0,653.1466,326.0709,454.43738,322.452
0.12,0.09,0.0,713.80585,325.0787,515.2223,322.10187
0.15,0.09,0.0,774.4737,324.15894,576.04694,321.73264
0.18,0.09,0.0,835.03046,323.27487,636.9614,321.47064
0.21,0.09,0.0,895.40936,322.4873,697.9167,321.29382
0.24,0.09,0.0,955.36304,321.82297,758.90814,321.0679
0.27,0.09,0.0,1014.8214,321.30273,819.91254,320.89987
0.0,0.12,0.0,473.2895,389.9283,275.74826,384.6118
0.03,0.12,0.0,533.50586,388.85184,335.32355,384.04657
0.06,0.12,0.0,593.8044,387.8676,395.16525,383.65256
0.09,0.12,0.0,654.14307,386.82837,455.502,383.28146
0.12,0.12,0.0,714.51263,385.82132,516.00415,382.9441
0.15,0.12,0.0,774.8796,384.8379,576.5822,382.66776
0.18,0.12,0.0,835.27277,383.92746,637.2026,382.46225
0.21,0.12,0.0,895.4558,383.07068,697.89734,382.26825
0.24,0.12,0.0,955.1278,382.2165,758.58014,382.0283
0.27,0.12,0.0,1014.48425,381.52487,819.386,381.86856
0.0,0.15,0.0,475.14713,449.94937,277.54794,444.54626
0.03,0.15,0.0,535.09875,448.92343,336.8492,444.17157
0.06,0.15,0.0,595.0601,448.00095,396.50006,443.88034
0.09,0.15,0.0,655.1623,447.01666,456.57095,443.58496
0.12,0.15,0.0,715.2298,445.9878,516.8246,443.28165
0.15,0.15,0.0,775.3092,445.00095,577.11444,443.04208
0.18,0.15,0.0,835.4101,444.03055,637.445,442.8406
0.21,0.15,0.0,895.3367,443.14563,697.84735,442.69897
0.24,0.15,0.0,954.80615,442.19818,758.2644,442.455
0.27,0.15,0.0,1013.89417,441.35565,818.76013,442.32825
0.0,0.18,0.0,477.03998,509.39923,279.45456,504.01096
0.03,0.18,0.0,536.65656,508.44275,338.43814,503.79745
0.06,0.18,0.0,596.3483,507.5451,397.92792,503.56497
0.09,0.18,0.0,656.09454,506.55167,457.71033,503.3417
0.12,0.18,0.0,715.8783,505.56805,517.62225,503.08304
0.15,0.18,0.0,775.68176,504.58194,577.6207,502.86465
0.18,0.18,0.0,835.4403,503.6412,637.6967,502.66382
0.21,0.18,0.0,895.09576,502.656,697.8028,502.5713
0.24,0.18,0.0,954.35767,501.66245,757.9609,502.38437
0.27,0.18,0.0,1013.12024,500.64655,818.12787,502.23868
0.0,0.21,0.0,478.9269,568.2576,281.49503,562.93195
0.03,0.21,0.0,538.2232,567.3708,340.18155,562.8526
0.06,0.21,0.0,597.6214,566.381,399.4009,562.6549
0.09,0.21,0.0,657.0821,565.4407,458.84055,562.4799
0.12,0.21,0.0,716.57416,564.5519,518.41504,562.3617
0.15,0.21,0.0,776.0411,563.5443,578.1593,562.10724
0.18,0.21,0.0,835.4706,562.5399,637.9204,561.9205
0.21,0.21,0.0,894.7837,561.54724,697.7683,561.86115
0.24,0.21,0.0,953.74695,560.476,757.6521,561.7119
0.27,0.21,0.0,1012.18536,559.33673,817.54816,561.58777
0.0,0.24,0.0,480.84274,626.50165,283.6,621.2528
0.03,0.24,0.0,539.7947,625.6752,341.9759,621.29865
0.06,0.24,0.0,598.9156,624.6498,400.9213,621.1532
0.09,0.24,0.0,658.0416,623.7579,460.00208,621.0949
0.12,0.24,0.0,717.246,622.94354,519.2305,621.12506
0.15,0.24,0.0,776.3355,621.8536,578.6761,620.83856
0.18,0.24,0.0,835.4294,620.8285,638.1913,620.6876
0.21,0.24,0.0,894.42664,619.8208,697.7383,620.67084
0.24,0.24,0.0,952.97284,618.6646,757.3184,620.5012
0.27,0.24,0.0,1011.0784,617.32086,816.8963,620.33765
0.0,0.27,0.0,482.78763,684.09125,285.8731,678.9013
0.03,0.27,0.0,541.4367,683.242,343.9134,679.05505
0.06,0.27,0.0,600.2071,682.19507,402.49448,678.9778
0.09,0.27,0.0,659.0094,681.3358,461.22375,679.03174
0.12,0.27,0.0,717.86255,680.68317,520.0979,679.2748
0.15,0.27,0.0,776.62396,679.5001,579.24554,678.9359
0.18,0.27,0.0,835.3629,678.378,638.4564,678.8444
0.21,0.27,0.0,893.9928,677.4161,697.7027,678.9069
0.24,0.27,0.0,952.0663,675.89685,756.9351,678.57465
0.27,0.27,0.0,1009.815,674.5768,816.2128,678.5014
0.0,0.0,0.0,614.58746,256.46713,422.54382,252.65877
0.03,0.0,0.0,672.66504,253.64963,479.36856,250.26276
0.06,0.0,0.0,731.4189,250.86662,537.0727,247.96135
0.09,0.0,0.0,790.81244,248.15295,595.5421,245.64557
0.12,0.0,0.0,850.83264,245.5145,654.8863,243.40118
0.15,0.0,0.0,911.23615,243.024,714.9824,241.19617
0.18,0.0,0.0,971.89874,240.6755,775.8341,239.04381
0.21,0.0,0.0,1032.6528,238.5519,837.30835,236.96962
0.24,0.0,0.0,1093.2662,236.67792,899.35333,235.03223
0.27,0.0,0.0,1153.5815,235.11176,961.78674,233.34155
0.0,0.03,0.0,615.9044,314.96133,422.76865,311.07013
0.03,0.03,0.0,674.02576,312.49515,479.74518,309.1517
0.06,0.03,0.0,732.8711,310.04285,537.54584,307.25424
0.09,0.03,0.0,792.3725,307.6205,596.1361,305.40417
0.12,0.03,0.0,852.5006,305.25354,655.53253,303.55182
0.15,0.03,0.0,913.03595,302.96097,715.7028,301.7035
0.18,0.03,0.0,973.92615,300.8046,776.6166,299.86328
0.21,0.03,0.0,1034.8881,298.79724,838.25616,298.0759
0.24,0.03,0.0,1095.7308,296.98352,900.4948,296.4207
0.27,0.03,0.0,1156.3154,295.37207,963.1492,294.9118
0.0,0.06,0.0,617.1798,373.64243,423.13635,369.7602
0.03,0.06,0.0,675.3683,371.54916,480.18988,368.24286
0.06,0.06,0.0,734.24426,369.4277,538.0554,366.78604
0.09,0.06,0.0,793.83075,367.3089,596.71674,365.3434
0.12,0.06,0.0,854.032,365.2212,656.1523,363.8805
0.15,0.06,0.0,914.71405,363.18494,716.3649,362.40714
0.18,0.06,0.0,975.7235,361.20135,777.37634,360.93167
0.21,0.06,0.0,1036.8574,359.36978,839.12585,359.5012
0.24,0.06,0.0,1097.838,357.60736,901.5147,358.16
0.27,0.06,0.0,1158.5632,356.0603,964.3118,356.8626
0.0,0.09,0.0,618.47797,432.3365,423.5358,428.53885
0.03,0.09,0.0,676.72974,430.6204,480.74295,427.47702
0.06,0.09,0.0,735.59595,428.83673,538.5737,426.40686
0.09,0.09,0.0,795.25543,427.07245,597.2819,425.33847
0.12,0.09,0.0,855.50616,425.32266,656.7829,424.27704
0.15,0.09,0.0,916.26385,423.54803,717.02185,423.2248
0.18,0.09,0.0,977.36633,421.82684,778.0727,422.10422
0.21,0.09,0.0,1038.6147,420.14297,839.88654,421.0691
0.24,0.09,0.0,1099.6646,418.5499,902.35846,420.06427
0.27,0.09,0.0,1160.5405,416.98724,965.2994,419.05972
0.0,0.12,0.0,619.8202,491.11737,424.0517,487.47195
0.03,0.12,0.0,678.104,489.71686,481.31525,486.78375
0.06,0.12,0.0,736.9441,488.32843,539.10547,486.11032
0.09,0.12,0.0,796.63104,486.87314,597.8995,485.42593
0.12,0.12,0.0,856.8788,485.47293,657.4212,484.74307
0.15,0.12,0.0,917.6771,484.00638,717.6936,484.09167
0.18,0.12,0.0,978.8369,482.51627,778.77,483.42816
0.21,0.12,0.0,1040.1278,481.05954,840.6275,482.75894
0.24,0.12,0.0,1101.2183,479.55795,903.185,482.1056
0.27,0.12,0.0,1162.0884,478.071,966.16003,481.4298
0.0,0.15,0.0,621.182,549.8217,424.61945,546.43536
0.03,0.15,0.0,679.46954,548.80646,481.86215,546.1453
0.06,0.15,0.0,738.3308,547.80286,539.72516,545.9109
0.09,0.15,0.0,797.9847,546.7544,598.53046,545.60297
0.12,0.15,0.0,858.21436,545.6103,658.05194,545.2996
0.15,0.15,0.0,919.0176,544.4536,718.3775,545.04504
0.18,0.15,0.0,980.1432,543.2443,779.4834,544.7507
0.21,0.15,0.0,1041.4125,541.97046,841.32855,544.5281
0.24,0.15,0.0,1102.4961,540.60657,903.91125,544.2024
0.27,0.15,0.0,1163.3058,539.1762,966.86566,543.8962
0.0,0.18,0.0,622.5663,608.5189,425.27435,605.4396
0.03,0.18,0.0,680.77386,607.8843,482.40146,605.5894
0.06,0.18,0.0,739.6857,607.22064,540.3724,605.70593
0.09,0.18,0.0,799.30536,606.48724,599.17236,605.80096
0.12,0.18,0.0,859.51306,605.71387,658.7078,605.91
0.15,0.18,0.0,920.19214,604.81934,719.05023,606.02014
0.18,0.18,0.0,981.2584,603.87134,780.15686,606.19226
0.21,0.18,0.0,1042.4246,602.75183,842.03046,606.31305
0.24,0.18,0.0,1103.4523,601.5421,904.5328,606.349
0.27,0.18,0.0,1164.1035,600.16516,967.4398,606.2735
0.0,0.21,0.0,623.9604,667.12445,425.9685,664.39825
0.03,0.21,0.0,682.107,666.873,483.0548,665.00275
0.06,0.21,0.0,741.0119,666.5172,541.06506,665.52203
0.09,0.21,0.0,800.56683,666.1201,599.87195,666.006
0.12,0.21,0.0,860.69244,665.6637,659.34875,666.59125
0.15,0.21,0.0,921.3373,665.0049,719.7325,667.06976
0.18,0.21,0.0,982.1576,664.23157,780.8365,667.56433
0.21,0.21,0.0,1043.2065,663.3061,842.6417,668.06213
0.24,0.21,0.0,1104.0493,662.1927,905.0605,668.3718
0.27,0.21,0.0,1164.576,660.85394,967.8587,668.5783
0.0,0.24,0.0,625.26807,725.6237,426.67908,723.2535
0.03,0.24,0.0,683.424,725.69995,483.76868,724.3246
0.06,0.24,0.0,742.3176,725.5921,541.82074,725.23364
0.09,0.24,0.0,801.7628,725.53076,600.5369,726.1804
0.12,0.24,0.0,861.74677,725.39825,659.938,727.1837
0.15,0.24,0.0,922.19116,724.9069,720.36206,727.99054
0.18,0.24,0.0,982.89716,724.3242,781.4016,728.81256
0.21,0.24,0.0,1043.7043,723.59674,843.12396,729.6226
0.24,0.24,0.0,1104.3248,722.4878,905.3999,730.2085
0.27,0.24,0.0,1164.6442,721.1857,968.06836,730.6501
0.0,0.27,0.0,626.62244,783.81757,427.52982,781.8809
0.03,0.27,0.0,684.70654,784.19336,484.55307,783.3574
0.06,0.27,0.0,743.5233,784.3552,542.59076,784.6564
0.09,0.27,0.0,802.82684,784.53467,601.25977,786.0379
0.12,0.27,0.0,862.6456,784.7578,660.53046,787.57556
0.15,0.27,0.0,922.8988,784.40265,720.9006,788.65
0.18,0.27,0.0,983.36115,783.9098,781.89575,789.77216
0.21,0.27,0.0,1043.9639,783.3488,843.46875,790.9632
0.24,0.27,0.0,1104.2004,782.1813,905.54865,791.63196
0.27,0.27,0.0,1164.2992,780.9592,967.9609,792.281
0.0,0.0,0.0,614.6569,239.68288,413.58356,235.69034
0.03,0.0,0.0,675.79504,240.66325,475.706,237.14482
0.06,0.0,0.0,736.12915,241.74092,537.2542,238.75127
0.09,0.0,0.0,795.66254,242.89305,598.14056,240.38661
0.12,0.0,0.0,854.2997,244.1654,658.38434,242.10117
0.15,0.0,0.0,911.9575,245.55194,717.936,243.85657
0.18,0.0,0.0,968.52045,247.05708,776.66534,245.70233
0.21,0.0,0.0,1023.86383,248.72032,834.69006,247.56766
0.24,0.0,0.0,1077.8794,250.53938,891.8025,249.55655
0.27,0.0,0.0,1130.5249,252.49487,947.9637,251.65645
0.0,0.03,0.0,615.18384,301.3797,412.96652,297.30038
0.03,0.03,0.0,676.3616,302.0329,475.23322,298.53305
0.06,0.03,0.0,736.78595,302.65836,536.8881,299.8285
0.09,0.03,0.0,796.41235,303.38742,597.8794,301.19122
0.12,0.03,0.0,855.1426,304.18848,658.1483,302.55225
0.15,0.03,0.0,912.9255,305.0556,717.7654,303.92316
0.18,0.03,0.0,969.63116,306.04358,776.6154,305.3179
0.21,0.03,0.0,1025.1438,307.14423,834.7342,306.77933
0.24,0.03,0.0,1079.3629,308.3733,892.0057,308.31598
0.27,0.03,0.0,1132.1228,309.73367,948.34735,309.91718
0.0,0.06,0.0,615.73126,363.30786,412.44797,359.24057
0.03,0.06,0.0,676.92285,363.58072,474.81125,360.18695
0.06,0.06,0.0,737.3964,363.8194,536.58215,361.16495
0.09,0.06,0.0,797.0594,364.1016,597.622,362.16174
0.12,0.06,0.0,855.8751,364.4669,657.9345,363.1682
0.15,0.06,0.0,913.73315,364.87982,717.5556,364.1711
0.18,0.06,0.0,970.57556,365.3316,776.52295,365.17932
0.21,0.06,0.0,1026.2244,365.87387,834.71185,366.23608
0.24,0.06,0.0,1080.5187,366.5343,892.0919,367.31677
0.27,0.06,0.0,1133.4125,367.28384,948.51654,368.48694
0.0,0.09,0.0,616.3034,425.30856,412.0451,421.35278
0.03,0.09,0.0,677.4675,425.1928,474.50485,421.9726
0.06,0.09,0.0,737.9991,425.05054,536.287,422.58475
0.09,0.09,0.0,797.69745,424.93915,597.4185,423.18747
0.12,0.09,0.0,856.4978,424.86813,657.69305,423.88034
0.15,0.09,0.0,914.39404,424.79126,717.33716,424.4997
0.18,0.09,0.0,971.37573,424.7576,776.3887,425.14203
0.21,0.09,0.0,1027.1218,424.8043,834.6721,425.8052
0.24,0.09,0.0,1081.3795,424.87363,892.02124,426.5169
0.27,0.09,0.0,1134.4481,424.9835,948.6113,427.23608
0.0,0.12,0.0,616.8673,487.3292,411.69684,483.58496
0.03,0.12,0.0,678.0229,486.84747,474.18512,483.84506
0.06,0.12,0.0,738.6063,486.32764,536.045,484.09882
0.09,0.12,0.0,798.2802,485.81073,597.15656,484.3534
0.12,0.12,0.0,857.02856,485.30157,657.47815,484.6384
0.15,0.12,0.0,914.93,484.80383,717.1259,484.92407
0.18,0.12,0.0,971.98114,484.3294,776.2417,485.20084
0.21,0.12,0.0,1027.8132,483.82578,834.5996,485.51077
0.24,0.12,0.0,1082.0112,483.34955,891.93866,485.8514
0.27,0.12,0.0,1135.1272,482.87225,948.5872,486.13226
0.0,0.15,0.0,617.421,549.3663,411.4015,545.8952
0.03,0.15,0.0,678.57007,548.456,473.91776,545.76776
0.06,0.15,0.0,739.13873,547.5882,535.7925,545.7064
0.09,0.15,0.0,798.8114,546.67804,596.92944,545.5855
0.12,0.15,0.0,857.5503,545.7439,657.27496,545.4682
0.15,0.15,0.0,915.4358,544.8009,716.9564,545.3885
0.18,0.15,0.0,972.38715,543.8382,776.0711,545.3242
0.21,0.15,0.0,1028.2627,542.86633,834.4733,545.2935
0.24,0.15,0.0,1082.4548,541.8271,891.8102,545.1679
0.27,0.15,0.0,1135.4562,540.7655,948.3913,545.0806
0.0,0.18,0.0,617.94714,611.2981,411.1852,608.169
0.03,0.18,0.0,679.14624,610.0503,473.66245,607.76416
0.06,0.18,0.0,739.59875,608.78357,535.52136,607.3133
0.09,0.18,0.0,799.225,607.46924,596.67053,606.8412
0.12,0.18,0.0,858.0179,606.1472,657.0726,606.3637
0.15,0.18,0.0,915.83496,604.7185,716.7619,605.9407
0.18,0.18,0.0,972.69305,603.3115,775.8447,605.5255
0.21,0.18,0.0,1028.4006,601.81537,834.2311,605.0709
0.24,0.18,0.0,1082.6777,600.19836,891.6218,604.57056
0.27,0.18,0.0,1135.4728,598.5295,948.0925,604.0209
0.0,0.21,0.0,618.564,673.1855,411.06497,670.4199
0.03,0.21,0.0,679.71497,671.5462,473.50378,669.72015
0.06,0.21,0.0,740.0467,669.85754,535.2825,668.92114
0.09,0.21,0.0,799.60986,668.1277,596.4296,668.0851
0.12,0.21,0.0,858.4195,666.37177,656.8965,667.31647
0.15,0.21,0.0,916.1214,664.5079,716.6099,666.4721
0.18,0.21,0.0,972.74744,662.5369,775.64075,665.63275
0.21,0.21,0.0,1028.3402,660.5149,833.9526,664.8018
0.24,0.21,0.0,1082.5526,658.34753,891.3016,663.8636
0.27,0.21,0.0,1135.2502,656.0872,947.7331,662.8213
0.0,0.24,0.0,619.2017,734.87555,411.0863,732.5398
0.03,0.24,0.0,680.2688,732.8636,473.426,731.5509
0.06,0.24,0.0,740.4605,730.692,535.10565,730.38666
0.09,0.24,0.0,799.9582,728.5632,596.20984,729.27203
0.12,0.24,0.0,858.71106,726.4174,656.7422,728.19885
0.15,0.24,0.0,916.1734,723.969,716.35864,726.9195
0.18,0.24,0.0,972.6633,721.5017,775.3125,725.65186
0.21,0.24,0.0,1028.1918,718.9513,833.6201,724.423
0.24,0.24,0.0,1082.0986,716.17377,890.8478,723.00793
0.27,0.24,0.0,1134.6658,713.2914,947.15533,721.4867
0.0,0.27,0.0,619.8905,796.2108,411.29224,794.3204
0.03,0.27,0.0,680.7674,793.7609,473.44934,793.0708
0.06,0.27,0.0,740.81573,791.1268,535.0216,791.5793
0.09,0.27,0.0,800.1446,788.5434,596.0401,790.1591
0.12,0.27,0.0,858.8828,786.04034,656.6033,788.85144
0.15,0.27,0.0,916.073,783.01917,716.0926,787.1051
0.18,0.27,0.0,972.3683,779.9904,774.9476,785.4094
0.21,0.27,0.0,1027.7523,776.95483,833.2092,783.83624
0.24,0.27,0.0,1081.2936,773.46515,890.16394,781.79065
0.27,0.27,0.0,1133.7946,770.08466,946.41705,779.81067
0.0,0.0,0.0,612.3723,256.349,420.53375,252.59238
0.03,0.0,0.0,671.2664,255.46432,479.26758,252.12274
0.06,0.0,0.0,730.1314,254.68141,538.1763,251.82195
0.09,0.0,0.0,788.83344,253.95049,597.1687,251.53412
0.12,0.0,0.0,847.42035,253.32648,656.25946,251.31763
0.15,0.0,0.0,905.7048,252.8439,715.3266,251.18716
0.18,0.0,0.0,963.5191,252.50882,774.35974,251.13626
0.21,0.0,0.0,1020.79456,252.3389,833.307,251.13428
0.24,0.0,0.0,1077.2703,252.40019,892.0626,251.26788
0.27,0.0,0.0,1132.8818,252.6401,950.45087,251.54622
0.0,0.03,0.0,613.05194,313.6621,419.21155,309.78998
0.03,0.03,0.0,672.29065,312.7672,478.38812,309.45624
0.06,0.03,0.0,731.5091,311.8912,537.6976,309.16776
0.09,0.03,0.0,790.6329,311.09274,597.0752,308.9495
0.12,0.03,0.0,849.5953,310.38574,656.50024,308.79538
0.15,0.03,0.0,908.29944,309.75098,715.94946,308.61392
0.18,0.03,0.0,966.5893,309.22644,775.38995,308.46954
0.21,0.03,0.0,1024.266,308.8645,834.7468,308.3846
0.24,0.03,0.0,1081.1636,308.64236,893.931,308.41806
0.27,0.03,0.0,1137.2092,308.57043,952.7825,308.5651
0.0,0.06,0.0,613.74146,371.70108,417.99173,367.80807
0.03,0.06,0.0,673.3295,370.8319,477.54767,367.5478
0.06,0.06,0.0,732.8731,369.9129,537.2427,367.3058
0.09,0.06,0.0,792.3727,369.06506,596.9855,367.12134
0.12,0.06,0.0,851.72064,368.2314,656.77673,366.9694
0.15,0.06,0.0,910.7887,367.51224,716.54504,366.80136
0.18,0.06,0.0,969.47314,366.7909,776.358,366.6193
0.21,0.06,0.0,1027.5586,366.19366,836.12445,366.4813
0.24,0.06,0.0,1084.8829,365.75125,895.7118,366.4577
0.27,0.06,0.0,1141.2998,365.38998,955.02386,366.47775
0.0,0.09,0.0,614.44824,430.39285,416.79086,426.5551
0.03,0.09,0.0,674.3352,429.5455,476.7875,426.39655
0.06,0.09,0.0,734.2355,428.5845,536.8331,426.1409
0.09,0.09,0.0,794.0741,427.67172,596.9268,425.97125
0.12,0.09,0.0,853.76355,426.84277,657.0076,425.83188
0.15,0.09,0.0,913.19714,425.97205,717.1143,425.6938
0.18,0.09,0.0,972.27386,425.1111,777.2937,425.47327
0.21,0.09,0.0,1030.7545,424.3113,837.4829,425.30988
0.24,0.09,0.0,1088.3531,423.6652,897.4194,425.26498
0.27,0.09,0.0,1145.1158,422.96387,957.1357,425.14597
0.0,0.12,0.0,615.1907,489.77753,415.69296,486.07394
0.03,0.12,0.0,675.4023,488.92996,476.0696,485.96048
0.06,0.12,0.0,735.61523,487.8824,536.40533,485.65872
0.09,0.12,0.0,795.77704,486.9817,596.84174,485.50772
0.12,0.12,0.0,855.7229,486.08694,657.2959,485.394
0.15,0.12,0.0,915.4978,485.135,717.7271,485.26007
0.18,0.12,0.0,974.91724,484.1266,778.2807,485.0407
0.21,0.12,0.0,1033.7649,483.11307,838.809,484.85687
0.24,0.12,0.0,1091.5771,482.26367,899.06976,484.78412
0.27,0.12,0.0,1148.6473,481.2211,959.14404,484.58456
0.0,0.15,0.0,615.93,549.7497,414.64127,546.2841
0.03,0.15,0.0,676.46497,548.8744,475.30295,546.1515
0.06,0.15,0.0,736.9642,547.86755,535.9828,545.92816
0.09,0.15,0.0,797.459,546.89966,596.766,545.76544
0.12,0.15,0.0,857.6856,545.9225,657.56995,545.6323
0.15,0.15,0.0,917.7715,544.86926,718.39044,545.50305
0.18,0.15,0.0,977.4424,543.7777,779.2596,545.3089
0.21,0.15,0.0,1036.5325,542.54755,840.10547,545.11896
0.24,0.15,0.0,1094.6276,541.41425,900.70105,544.9758
0.27,0.15,0.0,1151.881,540.1321,961.05927,544.7293
0.0,0.18,0.0,616.6947,610.3544,413.63324,607.1445
0.03,0.18,0.0,677.5469,609.41125,474.5738,607.041
0.06,0.18,0.0,738.34186,608.4363,535.6079,606.89325
0.09,0.18,0.0,799.08307,607.40485,596.71423,606.74146
0.12,0.18,0.0,859.63,606.37177,657.8391,606.58417
0.15,0.18,0.0,919.90936,605.2007,719.0209,606.4499
0.18,0.18,0.0,979.79376,603.94476,780.194,606.2972
0.21,0.18,0.0,1039.1035,602.5533,841.3538,606.094
0.24,0.18,0.0,1097.4507,601.07196,902.29407,605.81946
0.27,0.18,0.0,1154.7968,599.5122,962.8142,605.4893
0.0,0.21,0.0,617.46173,671.4885,412.7162,668.59015
0.03,0.21,0.0,678.60864,670.519,473.90225,668.57294
0.06,0.21,0.0,739.6749,669.5195,535.2679,668.47833
0.09,0.21,0.0,800.6723,668.4107,596.6787,668.3834
0.12,0.21,0.0,861.5137,667.26685,658.1475,668.2206
0.15,0.21,0.0,921.9808,665.9476,719.64777,668.06366
0.18,0.21,0.0,981.9557,664.5033,781.1187,667.9072
0.21,0.21,0.0,1041.4132,662.9149,842.5455,667.63025
0.24,0.21,0.0,1099.9237,661.15155,903.719,667.2478
0.27,0.21,0.0,1157.4042,659.22675,964.5186,666.75586
0.0,0.24,0.0,618.31836,733.0493,411.8849,730.53796
0.03,0.24,0.0,679.681,732.11176,473.3362,730.6601
0.06,0.24,0.0,741.01794,731.04193,534.95044,730.67755
0.09,0.24,0.0,802.1974,729.8777,596.68506,730.59955
0.12,0.24,0.0,863.2794,728.5817,658.4722,730.507
0.15,0.24,0.0,923.8522,727.08246,720.2116,730.2629
0.18,0.24,0.0,983.9942,725.4143,781.98114,730.0085
0.21,0.24,0.0,1043.5413,723.55145,843.6367,729.62585
0.24,0.24,0.0,1102.0675,721.4401,905.0284,729.1442
0.27,0.24,0.0,1159.6523,719.1565,965.96606,728.4333
0.0,0.27,0.0,619.1409,794.963,411.19327,792.8243
0.03,0.27,0.0,680.73193,793.95404,472.83978,793.07355
0.06,0.27,0.0,742.2464,792.7839,534.7278,793.1448
0.09,0.27,0.0,803.6048,791.4881,596.6974,793.13904
0.12,0.27,0.0,864.91174,790.07965,658.7352,793.1098
0.15,0.27,0.0,925.5235,788.3533,720.76764,792.8283
0.18,0.27,0.0,985.7178,786.42645,782.7529,792.4752
0.21,0.27,0.0,1045.391,784.3028,844.671,792.03705
0.24,0.27,0.0,1103.7894,781.83936,906.08185,791.2827
0.27,0.27,0.0,1161.4547,779.1154,967.17786,790.41516
0.0,0.0,0.0,610.1268,244.38855,409.48495,240.43298
0.03,0.0,0.0,671.82074,243.34114,471.04385,239.8113
0.06,0.0,0.0,733.52734,242.35394,532.7956,239.2916
0.09,0.0,0.0,795.1334,241.48204,594.7015,238.88914
0.12,0.0,0.0,856.58246,240.75172,656.7182,238.58502
0.15,0.0,0.0,917.71875,240.18181,718.7587,238.35304
0.18,0.0,0.0,978.328,239.8326,780.7787,238.19801
0.21,0.0,0.0,1038.2892,239.70131,842.7036,238.19466
0.24,0.0,0.0,1097.3975,239.79933,904.3995,238.34134
0.27,0.0,0.0,1155.5442,240.16664,965.6965,238.69698
0.0,0.03,0.0,611.33374,306.4105,410.5391,302.38132
0.03,0.03,0.0,672.7771,305.3517,471.93295,301.86005
0.06,0.03,0.0,734.2278,304.35556,533.4947,301.5076
0.09,0.03,0.0,795.6457,303.41302,595.14966,301.18887
0.12,0.03,0.0,856.8898,302.58112,656.86725,300.902
0.15,0.03,0.0,917.85034,301.84546,718.69086,300.65298
0.18,0.03,0.0,978.3657,301.29977,780.47156,300.4361
0.21,0.03,0.0,1038.2573,300.888,842.21783,300.32788
0.24,0.03,0.0,1097.2997,300.69095,903.73126,300.36667
0.27,0.03,0.0,1155.3818,300.65884,964.94196,300.5453
0.0,0.06,0.0,612.5381,368.00223,411.71658,363.99423
0.03,0.06,0.0,673.6973,366.98035,472.88318,363.60715
0.06,0.06,0.0,734.8994,365.96222,534.20154,363.28568
0.09,0.06,0.0,796.0343,364.9682,595.60565,363.0067
0.12,0.06,0.0,857.0518,364.08932,657.0532,362.73862
0.15,0.06,0.0,917.8341,363.17828,718.5487,362.49893
0.18,0.06,0.0,978.1993,362.44012,780.0956,362.28998
0.21,0.06,0.0,1037.9564,361.81445,841.6176,362.12573
0.24,0.06,0.0,1096.852,361.35587,902.99005,362.08392
0.27,0.06,0.0,1154.7915,361.01965,963.97626,362.09903
0.0,0.09,0.0,613.747,429.02844,412.93805,425.13037
0.03,0.09,0.0,674.6017,427.99683,473.9301,424.7764
0.06,0.09,0.0,735.5209,427.02325,534.97186,424.54352
0.09,0.09,0.0,796.4015,425.98352,596.0769,424.2613
0.12,0.09,0.0,857.12146,424.99652,657.20184,424.02637
0.15,0.09,0.0,917.6461,424.0546,718.40906,423.79205
0.18,0.09,0.0,977.83734,423.19244,779.69836,423.60556
0.21,0.09,0.0,1037.3988,422.4013,840.9729,423.44498
0.24,0.09,0.0,1096.0687,421.6497,902.0407,423.31482
0.27,0.09,0.0,1153.9128,420.98477,962.88446,423.2522
0.0,0.12,0.0,614.9796,489.46768,414.26556,485.73386
0.03,0.12,0.0,675.51825,488.4101,474.9691,485.4215
0.06,0.12,0.0,736.1314,487.49194,535.6914,485.23785
0.09,0.12,0.0,796.7211,486.46973,596.53156,484.98233
0.12,0.12,0.0,857.13055,485.3949,657.3791,484.69965
0.15,0.12,0.0,917.3582,484.38223,718.2788,484.50116
0.18,0.12,0.0,977.317,483.40833,779.3062,484.37354
0.21,0.12,0.0,1036.6564,482.48212,840.31506,484.24405
0.24,0.12,0.0,1095.0167,481.43878,901.06995,484.00815
0.27,0.12,0.0,1152.6433,480.50323,961.64954,483.9381
0.0,0.15,0.0,616.1884,549.2653,415.66296,545.76685
0.03,0.15,0.0,676.4397,548.2184,476.04367,545.50653
0.06,0.15,0.0,736.70764,547.314,536.44403,545.36786
0.09,0.15,0.0,796.98456,546.29553,596.9962,545.1218
0.12,0.15,0.0,857.07025,545.16547,657.55096,544.8424
0.15,0.15,0.0,916.9915,544.0924,718.16254,544.6432
0.18,0.15,0.0,976.5814,543.02325,778.8534,544.52295
0.21,0.15,0.0,1035.6608,541.94354,839.58496,544.46735
0.24,0.15,0.0,1093.746,540.66846,900.0592,544.1854
0.27,0.15,0.0,1151.0261,539.47046,960.292,544.002
0.0,0.18,0.0,617.37524,608.37897,417.11172,605.1729
0.03,0.18,0.0,677.3212,607.4216,477.09073,605.0026
0.06,0.18,0.0,737.2478,606.458,537.2288,604.8522
0.09,0.18,0.0,797.1688,605.3959,597.4609,604.6421
0.12,0.18,0.0,856.9595,604.33636,657.745,604.45264
0.15,0.18,0.0,916.53033,603.16974,718.05383,604.26984
0.18,0.18,0.0,975.72253,601.9815,778.45935,604.1425
0.21,0.18,0.0,1034.3993,600.71765,838.80347,604.03796
0.24,0.18,0.0,1092.2361,599.28125,898.97906,603.77716
0.27,0.18,0.0,1149.103,597.75543,958.8272,603.44434
0.0,0.21,0.0,618.60834,666.8709,418.5616,663.96625
0.03,0.21,0.0,678.19556,665.93335,478.2157,663.8977
0.06,0.21,0.0,737.806,664.89813,538.0344,663.7226
0.09,0.21,0.0,797.3629,663.82446,597.9466,663.5822
0.12,0.21,0.0,856.80707,662.76904,657.9234,663.4849
0.15,0.21,0.0,915.93756,661.47144,717.9345,663.26056
0.18,0.21,0.0,974.7037,660.0916,777.9654,663.08887
0.21,0.21,0.0,1032.9481,658.68134,837.9715,662.954
0.24,0.21,0.0,1090.4167,657.0535,897.8035,662.6417
0.27,0.21,0.0,1146.9357,655.2568,957.25006,662.21606
0.0,0.24,0.0,619.80505,724.6533,420.08957,722.0451
0.03,0.24,0.0,679.05914,723.7022,479.38177,722.1037
0.06,0.24,0.0,738.2793,722.54926,538.9072,721.9159
0.09,0.24,0.0,797.46515,721.4786,598.43225,721.8488
0.12,0.24,0.0,856.54504,720.4436,658.0789,721.923
0.15,0.24,0.0,915.1979,718.93396,717.7603,721.5802
0.18,0.24,0.0,973.5231,717.4004,777.4476,721.36005
0.21,0.24,0.0,1031.3627,715.8445,837.089,721.1821
0.24,0.24,0.0,1088.3285,713.915,896.4779,720.7232
0.27,0.24,0.0,1144.4204,711.8839,955.4939,720.1767
0.0,0.27,0.0,621.0145,781.61273,421.72742,779.36
0.03,0.27,0.0,679.87054,780.60205,480.63055,779.4375
0.06,0.27,0.0,738.70087,779.30994,539.78,779.23126
0.09,0.27,0.0,797.456,778.1866,598.98517,779.2496
0.12,0.27,0.0,856.143,777.22565,658.2477,779.522
0.15,0.27,0.0,914.3016,775.4807,717.5731,779.072
0.18,0.27,0.0,972.1352,773.75745,776.8575,778.771
0.21,0.27,0.0,1029.5607,772.114,836.1246,778.6504
0.24,0.27,0.0,1085.9512,769.7665,895.0044,777.87427
0.27,0.27,0.0,1141.646,767.4893,953.64307,777.28076
0.0,0.0,0.0,477.6797,357.73575,284.998,352.54755
0.03,0.0,0.0,534.9686,355.45465,340.5711,350.69794
0.06,0.0,0.0,593.0592,353.18338,397.20676,348.94806
0.09,0.0,0.0,651.9225,350.88626,454.86057,347.2587
0.12,0.0,0.0,711.60223,348.57706,513.43567,345.58823
0.15,0.0,0.0,771.95355,346.2705,572.83734,343.9792
0.18,0.0,0.0,833.00336,343.96307,633.04584,342.33282
0.21,0.0,0.0,894.61115,341.7547,694.0601,340.6911
0.24,0.0,0.0,956.6159,339.6048,755.8714,339.0363
0.27,0.0,0.0,1018.83,337.57733,818.5421,337.4332
0.0,0.03,0.0,478.9495,416.5548,285.19113,411.23203
0.03,0.03,0.0,536.2902,414.65942,340.86768,409.90665
0.06,0.03,0.0,594.42535,412.76016,397.62302,408.61658
0.09,0.03,0.0,653.3396,410.86032,455.36932,407.35703
0.12,0.03,0.0,713.01996,408.947,514.01843,406.15143
0.15,0.03,0.0,773.40985,406.99384,573.4226,404.9149
0.18,0.03,0.0,834.5473,405.01865,633.6895,403.68262
0.21,0.03,0.0,896.2123,403.10373,694.71515,402.45078
0.24,0.03,0.0,958.31055,401.20212,756.63794,401.22092
0.27,0.03,0.0,1020.6606,399.4074,819.3207,399.9995
0.0,0.06,0.0,480.2814,475.39835,285.5401,470.10748
0.03,0.06,0.0,537.64795,473.9077,341.25327,469.23938
0.06,0.06,0.0,595.8023,472.40823,398.08084,468.43134
0.09,0.06,0.0,654.7096,470.89023,455.88727,467.55823
0.12,0.06,0.0,714.4203,469.35236,514.5806,466.76575
0.15,0.06,0.0,774.81854,467.74127,574.054,465.93558
0.18,0.06,0.0,835.97644,466.18985,634.30524,465.12158
0.21,0.06,0.0,897.71173,464.54156,695.4168,464.29718
0.24,0.06,0.0,959.87054,462.9444,757.31976,463.47192
0.27,0.06,0.0,1022.2458,461.36728,820.0788,462.67014
0.0,0.09,0.0,481.58044,534.2526,285.96317,529.0394
0.03,0.09,0.0,539.0135,533.1428,341.81375,528.6619
0.06,0.09,0.0,597.1302,532.05896,398.53668,528.2714
0.09,0.09,0.0,656.0803,530.8971,456.39218,527.8672
0.12,0.09,0.0,715.8232,529.7401,515.1679,527.4504
0.15,0.09,0.0,776.23065,528.52704,574.658,527.0297
0.18,0.09,0.0,837.3813,527.3158,634.9224,526.61206
0.21,0.09,0.0,899.1306,526.0659,696.0962,526.2296
0.24,0.09,0.0,961.2954,524.75885,758.04095,525.84235
0.27,0.09,0.0,1023.6633,523.35376,820.80554,525.4556
0.0,0.12,0.0,482.98297,593.07043,286.627,587.95844
0.03,0.12,0.0,540.4614,592.3693,342.5036,588.0655
0.06,0.12,0.0,598.5322,591.6838,399.13757,588.20575
0.09,0.12,0.0,657.47034,590.9216,456.98032,588.2109
0.12,0.12,0.0,717.2236,590.07263,515.81213,588.17523
0.15,0.12,0.0,777.6322,589.26483,575.30817,588.1758
0.18,0.12,0.0,838.7202,588.4191,635.60736,588.182
0.21,0.12,0.0,900.44965,587.5053,696.73914,588.2318
0.24,0.12,0.0,962.5097,586.42535,758.7508,588.2232
0.27,0.12,0.0,1024.8286,585.2717,821.5247,588.2514
0.0,0.15,0.0,484.5126,651.78204,287.52267,646.7847
0.03,0.15,0.0,541.89325,651.50006,343.24677,647.4151
0.06,0.15,0.0,599.9192,651.2481,399.83423,648.05853
0.09,0.15,0.0,658.86755,650.8375,457.64722,648.5777
0.12,0.15,0.0,718.6189,650.4101,516.42975,648.97864
0.15,0.15,0.0,778.99646,649.9272,575.96216,649.37274
0.18,0.15,0.0,840.02246,649.39465,636.29675,649.79333
0.21,0.15,0.0,901.6196,648.7828,697.3942,650.27374
0.24,0.15,0.0,963.6219,647.92035,759.44324,650.6617
0.27,0.15,0.0,1025.7927,647.0169,822.16016,651.0572
0.0,0.18,0.0,486.0859,710.29877,288.58145,705.44434
0.03,0.18,0.0,543.31934,710.4883,344.11597,706.68024
0.06,0.18,0.0,601.4035,710.59155,400.75464,707.75867
0.09,0.18,0.0,660.2976,710.58246,458.48096,708.7699
0.12,0.18,0.0,719.9104,710.5479,517.1289,709.70825
0.15,0.18,0.0,780.2296,710.3934,576.6113,710.54193
0.18,0.18,0.0,841.1865,710.1752,636.94946,711.3975
0.21,0.18,0.0,902.6836,709.8134,698.0921,712.26196
0.24,0.18,0.0,964.4803,709.25616,760.0561,713.0433
0.27,0.18,0.0,1026.4531,708.4276,822.7308,713.74274
0.0,0.21,0.0,487.73624,768.52405,289.842,763.8356
0.03,0.21,0.0,544.865,769.1801,345.17618,765.60126
0.06,0.21,0.0,602.93054,769.65454,401.80823,767.20966
0.09,0.21,0.0,661.6832,770.03534,459.42435,768.69293
0.12,0.21,0.0,721.2145,770.4392,517.81464,770.2168
0.15,0.21,0.0,781.42285,770.528,577.3273,771.48987
0.18,0.21,0.0,842.2357,770.54834,637.66156,772.7288
0.21,0.21,0.0,903.5169,770.4448,698.73126,774.00665
0.24,0.21,0.0,965.1011,770.0635,760.5844,775.148
0.27,0.21,0.0,1026.8033,769.39667,823.1821,776.1418
0.0,0.24,0.0,489.45618,826.33875,291.24207,821.79065
0.03,0.24,0.0,546.4781,827.41815,346.5115,824.1827
0.06,0.24,0.0,604.4564,828.2303,403.02554,826.23486
0.09,0.24,0.0,663.0836,829.04565,460.39423,828.31915
0.12,0.24,0.0,722.4157,829.81396,518.6489,830.3815
0.15,0.24,0.0,782.5236,830.18225,578.11743,832.01764
0.18,0.24,0.0,843.0994,830.4157,638.33386,833.7107
0.21,0.24,0.0,904.13336,830.54895,699.24567,835.4222
0.24,0.24,0.0,965.45905,830.24365,761.0532,836.80286
0.27,0.24,0.0,1026.866,829.68427,823.44275,838.0968
0.0,0.27,0.0,491.3056,883.55786,292.89157,879.22284
0.03,0.27,0.0,548.2116,885.0015,348.04022,882.1267
0.06,0.27,0.0,606.0558,886.1692,404.4554,884.6835
0.09,0.27,0.0,664.4676,887.32526,461.61954,887.28796
0.12,0.27,0.0,723.54297,888.6023,519.5775,889.9836
0.15,0.27,0.0,783.4367,889.0868,578.9329,892.014
0.18,0.27,0.0,843.797,889.5329,639.00104,894.09753
0.21,0.27,0.0,904.533,889.96515,699.7465,896.221
0.24,0.27,0.0,965.5094,889.6164,761.3882,897.7618
0.27,0.27,0.0,1026.6088,889.22424,823.52234,899.3733
