0.0,0.0,0.0,477.34286,164.3283,289.35065,160.8891
0.03,0.0,0.0,534.0605,160.76147,344.13193,157.3955
0.06,0.0,0.0,591.59924,157.30685,400.0469,154.06018
0.09,0.0,0.0,649.89417,153.91824,457.02148,150.85643
0.12,0.0,0.0,708.97015,150.6567,514.958,147.81421
0.15,0.0,0.0,768.6962,147.50343,573.7564,144.88449
0.18,0.0,0.0,829.0027,144.53665,633.38873,142.07166
0.21,0.0,0.0,889.7195,141.75652,693.73773,139.32996
0.24,0.0,0.0,950.7456,139.2203,754.772,136.74454
0.27,0.0,0.0,1011.923,137.02373,816.41534,134.31985
0.0,0.03,0.0,478.0738,221.90268,288.7984,218.15077
0.03,0.03,0.0,534.9795,218.74268,343.84152,215.19072
0.06,0.03,0.0,592.6485,215.66516,399.92642,212.3896
0.09,0.03,0.0,651.1479,212.66187,457.12787,209.70496
0.12,0.03,0.0,710.33936,209.71446,515.2283,207.12956
0.15,0.03,0.0,770.23926,206.85509,574.1657,204.63095
0.18,0.03,0.0,830.7051,204.12433,633.9738,202.18185
0.21,0.03,0.0,891.6914,201.48749,694.4682,199.81346
0.24,0.03,0.0,953.0461,199.09349,755.6609,197.52101
0.27,0.03,0.0,1014.51495,196.96188,817.49316,195.32292
0.0,0.06,0.0,478.9478,279.85638,288.48294,275.8863
0.03,0.06,0.0,535.9296,277.16684,343.71426,273.51694
0.06,0.06,0.0,593.74835,274.49536,400.00305,271.2213
0.09,0.06,0.0,652.28864,271.87616,457.33298,269.0086
0.12,0.06,0.0,711.6326,269.29654,515.61194,266.95404
0.15,0.06,0.0,771.6321,266.70325,574.6473,264.86157
0.18,0.06,0.0,832.30554,264.19653,634.5165,262.80618
0.21,0.06,0.0,893.4953,261.8065,695.1376,260.7847
0.24,0.06,0.0,955.05164,259.60547,756.4537,258.8108
0.27,0.06,0.0,1016.827,257.5589,818.4278,256.88464
0.0,0.09,0.0,479.8375,338.09576,288.3788,333.98425
0.03,0.09,0.0,537.03046,335.86987,343.81467,332.1521
0.06,0.09,0.0,594.8314,333.58377,400.17282,330.35748
0.09,0.09,0.0,653.4909,331.3484,457.66168,328.63266
0.12,0.09,0.0,712.88184,329.13174,516.0546,326.99316
0.15,0.09,0.0,772.9788,326.8913,575.20996,325.3708
0.18,0.09,0.0,833.7581,324.65213,635.0604,323.69778
0.21,0.09,0.0,895.13586,322.5238,695.73706,322.02753
0.24,0.09,0.0,956.8716,320.53662,757.15344,320.4435
0.27,0.09,0.0,1018.8426,318.64792,819.2185,318.79803
0.0,0.12,0.0,480.87558,396.57858,288.47034,392.35623
0.03,0.12,0.0,538.1558,394.76025,344.11447,391.06644
0.06,0.12,0.0,595.94995,392.83627,400.4626,389.70114
0.09,0.12,0.0,654.6618,390.96317,458.0497,388.45334
0.12,0.12,0.0,714.13055,389.1324,516.59717,387.26266
0.15,0.12,0.0,774.31354,387.24124,575.73224,386.03842
0.18,0.12,0.0,835.1389,385.35715,635.63116,384.75366
0.21,0.12,0.0,896.6144,383.474,696.31226,383.48743
0.24,0.12,0.0,958.49365,381.7795,757.77936,382.2498
0.27,0.12,0.0,1020.65155,380.0775,819.91034,380.9326
0.0,0.15,0.0,482.00748,455.13168,288.8042,450.88776
0.03,0.15,0.0,539.29004,453.69693,344.44476,450.03687
0.06,0.15,0.0,597.1158,452.20346,400.89005,449.18744
0.09,0.15,0.0,655.856,450.68063,458.5442,448.3546
0.12,0.15,0.0,715.38074,449.21518,517.1181,447.556
0.15,0.15,0.0,775.5692,447.70053,576.28485,446.72955
0.18,0.15,0.0,836.48773,446.1592,636.2103,445.85477
0.21,0.15,0.0,898.0026,444.64853,696.84296,444.97433
0.24,0.15,0.0,959.965,443.19894,758.3429,444.09024
0.27,0.15,0.0,1022.19775,441.74585,820.52576,443.17407
0.0,0.18,0.0,483.17062,513.7542,289.29565,509.4967
0.03,0.18,0.0,540.3617,512.68365,344.79178,509.10886
0.06,0.18,0.0,598.32526,511.58182,401.447,508.7507
0.09,0.18,0.0,657.0986,510.47107,459.1327,508.30728
0.12,0.18,0.0,716.5863,509.34778,517.5801,507.86383
0.15,0.18,0.0,776.78107,508.2042,576.7997,507.4391
0.18,0.18,0.0,837.73975,507.08447,636.75757,506.94614
0.21,0.18,0.0,899.3009,505.8883,697.4411,506.48837
0.24,0.18,0.0,961.29065,504.69623,758.86194,505.95142
0.27,0.18,0.0,1023.5451,503.52856,821.095,505.41446
0.0,0.21,0.0,484.28897,572.40424,289.88235,568.06335
0.03,0.21,0.0,541.5185,571.71454,345.34753,568.1871
0.06,0.21,0.0,599.5339,570.9868,402.079,568.2391
0.09,0.21,0.0,658.3233,570.2304,459.6742,568.2118
0.12,0.21,0.0,717.7627,569.5259,518.06177,568.187
0.15,0.21,0.0,778.0351,568.7541,577.3445,568.1107
0.18,0.21,0.0,838.98285,567.95654,637.3036,567.99524
0.21,0.21,0.0,900.5252,567.1555,697.958,567.939
0.24,0.21,0.0,962.5283,566.27246,759.41766,567.8311
0.27,0.21,0.0,1024.7432,565.30524,821.6702,567.72437
0.0,0.24,0.0,485.42053,631.0514,290.5409,626.589
0.03,0.24,0.0,542.66754,630.7516,346.00327,627.1956
0.06,0.24,0.0,600.78674,630.3663,402.77567,627.6749
0.09,0.24,0.0,659.52325,630.0121,460.29416,628.1027
0.12,0.24,0.0,718.9108,629.70776,518.51215,628.53735
0.15,0.24,0.0,779.22375,629.2862,577.8394,628.8118
0.18,0.24,0.0,840.1571,628.8355,637.80505,629.1037
0.21,0.24,0.0,901.6445,628.37317,698.46497,629.4477
0.24,0.24,0.0,963.5508,627.745,759.95154,629.728
0.27,0.24,0.0,1025.6438,627.0126,822.1275,629.9598
0.0,0.27,0.0,486.6261,689.6121,291.37454,684.9294
0.03,0.27,0.0,543.8966,689.7101,346.83456,686.01154
0.06,0.27,0.0,602.0371,689.67584,403.57303,686.9099
0.09,0.27,0.0,660.74945,689.72235,460.97217,687.82965
0.12,0.27,0.0,720.07416,689.90656,519.0186,688.8005
0.15,0.27,0.0,780.3766,689.73834,578.3649,689.4456
0.18,0.27,0.0,841.2379,689.609,638.3397,690.1232
0.21,0.27,0.0,902.6172,689.50195,698.9059,690.9225
0.24,0.27,0.0,964.3851,689.0104,760.39996,691.45526
0.27,0.27,0.0,1026.3712,688.48267,822.4961,692.0571
0.0,0.0,0.0,470.59048,348.8791,267.97733,344.5793
0.03,0.0,0.0,532.79407,349.2991,330.51743,345.46838
0.06,0.0,0.0,594.29724,349.79153,392.8623,346.4997
0.09,0.0,0.0,655.15515,350.29517,454.7912,347.6243
0.12,0.0,0.0,715.2553,350.8305,516.1822,348.79694
0.15,0.0,0.0,774.61694,351.3664,576.89404,350.0296
0.18,0.0,0.0,833.26056,351.9543,636.81213,351.25888
0.21,0.0,0.0,891.0119,352.60608,696.0584,352.4443
0.24,0.0,0.0,947.8166,353.3447,754.5272,353.62
0.27,0.0,0.0,1003.55707,354.161,812.2574,354.84717
0.0,0.03,0.0,470.85806,411.01715,267.2659,406.61542
0.03,0.03,0.0,533.0982,411.1131,329.94498,407.3114
0.06,0.03,0.0,594.679,411.23904,392.39133,408.07767
0.09,0.03,0.0,655.505,411.3847,454.4052,408.8999
0.12,0.03,0.0,715.66644,411.53674,515.8586,409.7557
0.15,0.03,0.0,775.0692,411.70764,576.5668,410.61884
0.18,0.03,0.0,833.7592,411.88507,636.5547,411.46628
0.21,0.03,0.0,891.5879,412.1398,695.77734,412.30984
0.24,0.03,0.0,948.4739,412.41388,754.2781,413.10925
0.27,0.03,0.0,1004.32385,412.76276,812.0433,413.92892
0.0,0.06,0.0,471.15567,473.22968,266.75522,468.78824
0.03,0.06,0.0,533.4411,472.99615,329.49713,469.27866
0.06,0.06,0.0,595.0371,472.77304,392.00156,469.73038
0.09,0.06,0.0,655.883,472.5584,454.06213,470.24057
0.12,0.06,0.0,716.06146,472.3468,515.54083,470.73422
0.15,0.06,0.0,775.49084,472.12573,576.25244,471.23724
0.18,0.06,0.0,834.2267,471.94,636.26306,471.70328
0.21,0.06,0.0,892.1023,471.7703,695.5095,472.164
0.24,0.06,0.0,949.03796,471.59982,753.9852,472.6006
0.27,0.06,0.0,1004.89417,471.4794,811.7787,473.0214
0.0,0.09,0.0,471.5037,535.5636,266.46704,530.9951
0.03,0.09,0.0,533.7845,534.91876,329.177,531.2818
0.06,0.09,0.0,595.40796,534.3299,391.69043,531.4855
0.09,0.09,0.0,656.31354,533.75116,453.75482,531.6002
0.12,0.09,0.0,716.45984,533.151,515.19904,531.7207
0.15,0.09,0.0,775.84894,532.57635,575.93396,531.81323
0.18,0.09,0.0,834.6767,532.00714,635.9613,531.9255
0.21,0.09,0.0,892.586,531.43774,695.2196,532.031
0.24,0.09,0.0,949.4019,530.8451,753.67584,532.0936
0.27,0.09,0.0,1005.3568,530.2478,811.50696,532.1621
0.0,0.12,0.0,471.92465,597.8395,266.28305,593.16437
0.03,0.12,0.0,534.1664,596.84436,329.0088,593.1835
0.06,0.12,0.0,595.8469,595.91284,391.40326,593.13324
0.09,0.12,0.0,656.7058,594.95624,453.46478,592.953
0.12,0.12,0.0,716.78174,593.96716,514.9048,592.685
0.15,0.12,0.0,776.2342,593.02374,575.5712,592.3958
0.18,0.12,0.0,835.03986,592.10535,635.64453,592.15656
0.21,0.12,0.0,892.97943,591.14014,694.9563,591.88
0.24,0.12,0.0,949.68365,590.0761,753.3441,591.60364
0.27,0.12,0.0,1005.6129,589.00305,811.197,591.29047
0.0,0.15,0.0,472.37064,659.99756,266.4075,655.14935
0.03,0.15,0.0,534.5786,658.7366,328.9678,654.9497
0.06,0.15,0.0,596.2455,657.49036,391.2852,654.6764
0.09,0.15,0.0,657.09827,656.15704,453.2219,654.1835
0.12,0.15,0.0,717.1755,654.7982,514.60095,653.59314
0.15,0.15,0.0,776.59845,653.4435,575.28973,652.97784
0.18,0.15,0.0,835.29504,652.1234,635.3027,652.38324
0.21,0.15,0.0,893.21625,650.74164,694.64514,651.7625
0.24,0.15,0.0,949.864,649.23303,753.0314,651.04443
0.27,0.15,0.0,1005.614,647.6443,810.79266,650.3825
0.0,0.18,0.0,472.89304,722.0644,266.75653,716.8161
0.03,0.18,0.0,535.05615,720.5385,329.07047,716.50256
0.06,0.18,0.0,596.60864,718.9326,391.25226,715.9937
0.09,0.18,0.0,657.4284,717.2408,453.08218,715.2265
0.12,0.18,0.0,717.5548,715.5387,514.3238,714.4258
0.15,0.18,0.0,776.8718,713.77203,574.9662,713.45056
0.18,0.18,0.0,835.5154,712.0334,634.9479,712.4765
0.21,0.18,0.0,893.2915,710.21405,694.2292,711.52246
0.24,0.18,0.0,949.9528,708.188,752.6613,710.42395
0.27,0.18,0.0,1005.4169,706.07434,810.2893,709.2642
0.0,0.21,0.0,473.55148,783.8055,267.3614,778.0823
0.03,0.21,0.0,535.617,782.05695,329.45938,777.6598
0.06,0.21,0.0,597.006,780.0742,391.42206,776.89075
0.09,0.21,0.0,657.7592,778.0284,453.02255,775.929
0.12,0.21,0.0,717.8638,776.02246,514.18805,774.9142
0.15,0.21,0.0,777.08765,773.8022,574.70734,773.6283
0.18,0.21,0.0,835.57294,771.6,634.57965,772.32294
0.21,0.21,0.0,893.2023,769.2975,693.8023,770.998
0.24,0.21,0.0,949.7297,766.7997,752.206,769.5281
0.27,0.21,0.0,1005.0762,764.1719,809.70575,767.91736
0.0,0.24,0.0,474.40805,845.11743,268.20297,838.7873
0.03,0.24,0.0,536.26294,843.106,330.0285,838.24677
0.06,0.24,0.0,597.4947,840.7632,391.78445,837.2631
0.09,0.24,0.0,658.1118,838.4537,453.1297,836.1701
0.12,0.24,0.0,718.17175,836.15295,514.13,835.01263
0.15,0.24,0.0,777.20654,833.4525,574.49744,833.39056
0.18,0.24,0.0,835.48413,830.7484,634.226,831.73425
0.21,0.24,0.0,893.00275,828.0329,693.36426,830.10114
0.24,0.24,0.0,949.2522,824.94,751.57654,828.1357
0.27,0.24,0.0,1004.4215,821.7541,809.0031,826.14105
0.0,0.27,0.0,475.40674,905.7379,269.42715,898.7513
0.03,0.27,0.0,537.0207,903.43945,330.89703,898.0423
0.06,0.27,0.0,597.9959,900.7866,392.319,896.8831
0.09,0.27,0.0,658.45966,898.1557,453.416,895.66675
0.12,0.27,0.0,718.3984,895.65027,514.2137,894.45825
0.15,0.27,0.0,777.16406,892.4114,574.31604,892.5091
0.18,0.27,0.0,835.2566,889.2464,633.8728,890.5298
0.21,0.27,0.0,892.6485,886.1181,692.8444,888.6268
0.24,0.27,0.0,948.43384,882.39215,750.8244,886.1477
0.27,0.27,0.0,1003.4829,878.7305,808.1648,883.8049
0.0,0.0,0.0,475.4181,360.4645,281.9956,356.28824
0.03,0.0,0.0,534.48346,359.6488,340.4135,355.9334
0.06,0.0,0.0,593.6031,358.88297,399.25238,355.69293
0.09,0.0,0.0,652.74115,358.09607,458.40173,355.4878
0.12,0.0,0.0,711.941,357.37836,517.714,355.3872
0.15,0.0,0.0,771.1112,356.6819,577.09515,355.3493
0.18,0.0,0.0,830.2158,356.003,636.4597,355.2464
0.21,0.0,0.0,889.1059,355.38068,695.80634,355.17395
0.24,0.0,0.0,947.71936,354.86276,755.09045,355.12146
0.27,0.0,0.0,1005.9013,354.44107,814.32776,355.04996
0.0,0.03,0.0,475.13947,418.63248,279.93552,414.33875
0.03,0.03,0.0,534.5714,417.84134,338.7123,414.1453
0.06,0.03,0.0,594.0516,417.05692,397.94788,413.9831
0.09,0.03,0.0,653.535,416.33984,457.50235,413.869
0.12,0.03,0.0,713.06384,415.58936,517.192,413.8274
0.15,0.03,0.0,772.532,414.85382,576.9023,413.74405
0.18,0.03,0.0,832.00555,414.13013,636.57574,413.70975
0.21,0.03,0.0,891.3011,413.43338,696.2251,413.59662
0.24,0.03,0.0,950.2832,412.8109,755.8453,413.4747
0.27,0.03,0.0,1008.8424,412.27084,815.4332,413.36728
0.0,0.06,0.0,474.8807,477.46478,277.96658,473.12274
0.03,0.06,0.0,534.66016,476.7237,337.12317,473.04355
0.06,0.06,0.0,594.4741,475.95145,396.71182,472.97882
0.09,0.06,0.0,654.3287,475.19867,456.58237,472.92548
0.12,0.06,0.0,714.1674,474.45358,516.62897,472.8688
0.15,0.06,0.0,773.9656,473.69968,576.66125,472.79608
0.18,0.06,0.0,833.7787,472.93832,636.6478,472.7186
0.21,0.06,0.0,893.41534,472.20844,696.6401,472.6179
0.24,0.06,0.0,952.75323,471.50827,756.56903,472.4906
0.27,0.06,0.0,1011.6119,470.77954,816.4925,472.36212
0.0,0.09,0.0,474.65042,536.90607,276.15912,532.5089
0.03,0.09,0.0,534.778,536.2352,335.6665,532.62396
0.06,0.09,0.0,594.89484,535.44934,395.481,532.58344
0.09,0.09,0.0,655.0823,534.68414,455.69397,532.55963
0.12,0.09,0.0,715.2338,533.97723,516.07135,532.54333
0.15,0.09,0.0,775.38965,533.2452,576.4111,532.47296
0.18,0.09,0.0,835.5261,532.41766,636.743,532.3312
0.21,0.09,0.0,895.53516,531.61395,697.05066,532.2366
0.24,0.09,0.0,955.1142,530.83936,757.26965,532.1361
0.27,0.09,0.0,1014.3107,529.9694,817.53625,531.9679
0.0,0.12,0.0,474.4567,597.08453,274.5264,592.50433
0.03,0.12,0.0,534.9334,596.3855,334.30237,592.7536
0.06,0.12,0.0,595.3562,595.6069,394.3287,592.82385
0.09,0.12,0.0,655.85016,594.8686,454.8182,592.84717
0.12,0.12,0.0,716.3537,594.13727,515.51135,592.85815
0.15,0.12,0.0,776.80493,593.36884,576.1435,592.7648
0.18,0.12,0.0,837.2815,592.5379,636.8007,592.63696
0.21,0.12,0.0,897.56854,591.65985,697.44543,592.4992
0.24,0.12,0.0,957.3595,590.77185,757.966,592.4082
0.27,0.12,0.0,1016.79614,589.7348,818.53534,592.24066
0.0,0.15,0.0,474.40686,657.8006,273.1164,652.9582
0.03,0.15,0.0,535.09894,657.135,333.02808,653.3403
0.06,0.15,0.0,595.8119,656.40155,393.2648,653.6051
0.09,0.15,0.0,656.65234,655.6637,454.0141,653.7093
0.12,0.15,0.0,717.4664,654.9072,514.9694,653.7361
0.15,0.15,0.0,778.20776,654.1239,575.8866,653.6646
0.18,0.15,0.0,838.93726,653.23785,636.84705,653.57477
0.21,0.15,0.0,899.4762,652.2876,697.8278,653.42365
0.24,0.15,0.0,959.4976,651.2283,758.64795,653.27795
0.27,0.15,0.0,1019.1283,650.0495,819.4706,653.06036
0.0,0.18,0.0,474.35162,719.0271,271.92166,713.757
0.03,0.18,0.0,535.28796,718.4232,331.8592,714.38
0.06,0.18,0.0,596.3365,717.74615,392.3646,714.76776
0.09,0.18,0.0,657.455,717.0421,453.27097,715.0529
0.12,0.18,0.0,718.5273,716.2698,514.36475,715.1039
0.15,0.18,0.0,779.5662,715.3971,575.6315,715.1453
0.18,0.18,0.0,840.47687,714.4363,636.9114,715.04846
0.21,0.18,0.0,901.24115,713.37024,698.1345,714.90594
0.24,0.18,0.0,961.50696,712.10815,759.285,714.69214
0.27,0.18,0.0,1021.1476,710.7038,820.30475,714.3712
0.0,0.21,0.0,474.42133,780.5684,270.9216,774.79724
0.03,0.21,0.0,535.57227,780.1062,330.9586,775.6676
0.06,0.21,0.0,596.8881,779.4936,391.63403,776.2571
0.09,0.21,0.0,658.25116,778.79614,452.69775,776.63116
0.12,0.21,0.0,719.5648,777.9946,513.9551,776.87213
0.15,0.21,0.0,780.8537,777.03827,575.441,776.9267
0.18,0.21,0.0,841.9374,775.93506,636.9301,776.884
0.21,0.21,0.0,902.8393,774.71014,698.4081,776.71674
0.24,0.21,0.0,963.2355,773.25824,759.80817,776.4286
0.27,0.21,0.0,1022.974,771.61176,821.0301,775.9947
0.0,0.24,0.0,474.67633,842.33014,270.17014,835.9268
0.03,0.24,0.0,535.9726,842.01624,330.29208,837.04663
0.06,0.24,0.0,597.4892,841.4072,391.1178,837.81805
0.09,0.24,0.0,659.03156,840.7305,452.2415,838.41003
0.12,0.24,0.0,720.5915,839.93286,513.6003,838.8206
0.15,0.24,0.0,781.99524,838.8495,575.2587,838.9171
0.18,0.24,0.0,843.26794,837.6314,636.9565,838.89435
0.21,0.24,0.0,904.27313,836.23364,698.64514,838.7326
0.24,0.24,0.0,964.66833,834.5056,760.23016,838.35645
0.27,0.24,0.0,1024.4635,832.52856,821.5999,837.79315
0.0,0.27,0.0,475.03784,904.045,269.7912,896.85815
0.03,0.27,0.0,536.53876,903.832,329.93005,898.27606
0.06,0.27,0.0,598.1564,903.2772,390.8516,899.28326
0.09,0.27,0.0,659.8358,902.6027,451.97388,900.0734
0.12,0.27,0.0,721.5172,901.8735,513.3581,900.77
0.15,0.27,0.0,783.0393,900.65674,575.1523,900.88934
0.18,0.27,0.0,844.3646,899.2474,636.98035,900.90063
0.21,0.27,0.0,905.4457,897.69574,698.8293,900.79065
0.24,0.27,0.0,965.80457,895.59344,760.451,900.2124
0.27,0.27,0.0,1025.684,893.3685,821.9642,899.52875
0.0,0.0,0.0,466.3982,353.26578,264.41504,348.98026
0.03,0.0,0.0,528.3118,352.31613,325.451,348.4767
0.06,0.0,0.0,590.379,351.3682,387.0607,348.0686
0.09,0.0,0.0,652.4398,350.51236,449.02176,347.78644
0.12,0.0,0.0,714.6006,349.65366,511.29346,347.57428
0.15,0.0,0.0,776.7628,348.79385,573.6298,347.45297
0.18,0.0,0.0,838.8394,348.01447,635.97516,347.28702
0.21,0.0,0.0,900.7382,347.3221,698.3422,347.11407
0.24,0.0,0.0,962.3201,346.7874,760.72473,347.00473
0.27,0.0,0.0,1023.3642,346.39325,822.9596,346.9551
0.0,0.03,0.0,468.10928,415.16483,266.1289,410.76755
0.03,0.03,0.0,529.77893,414.25058,326.97095,410.45047
0.06,0.03,0.0,591.4937,413.34924,388.38962,410.17877
0.09,0.03,0.0,653.2872,412.5193,450.14236,409.9826
0.12,0.03,0.0,715.1745,411.64905,512.1235,409.85046
0.15,0.03,0.0,777.03174,410.8358,574.1695,409.7266
0.18,0.03,0.0,838.8711,410.03973,636.22144,409.61087
0.21,0.03,0.0,900.5372,409.3135,698.2716,409.47736
0.24,0.03,0.0,961.9026,408.6275,760.2609,409.3398
0.27,0.03,0.0,1022.75555,408.0559,822.28204,409.22528
0.0,0.06,0.0,469.85547,476.51456,268.013,472.05756
0.03,0.06,0.0,531.2039,475.65576,328.61707,471.90994
0.06,0.06,0.0,592.67096,474.81897,389.82803,471.7624
0.09,0.06,0.0,654.1454,473.97046,451.26364,471.6394
0.12,0.06,0.0,715.7103,473.13983,512.9597,471.5052
0.15,0.06,0.0,777.2661,472.30835,574.6826,471.397
0.18,0.06,0.0,838.83,471.50424,636.3987,471.2816
0.21,0.06,0.0,900.23126,470.72702,698.1178,471.15182
0.24,0.06,0.0,961.3238,470.0,759.82935,471.01785
0.27,0.06,0.0,1021.9296,469.26236,821.50714,470.89233
0.0,0.09,0.0,471.59436,537.2866,270.02188,532.7828
0.03,0.09,0.0,532.68976,536.4026,330.4294,532.7227
0.06,0.09,0.0,593.79596,535.65533,391.21616,532.7393
0.09,0.09,0.0,655.00507,534.8301,452.39764,532.6697
0.12,0.09,0.0,716.2334,533.9614,513.8033,532.51306
0.15,0.09,0.0,777.47455,533.1525,575.20996,532.3959
0.18,0.09,0.0,838.7579,532.3939,636.58905,532.31995
0.21,0.09,0.0,899.8826,531.58826,697.9878,532.2149
0.24,0.09,0.0,960.6016,530.7127,759.3628,532.0429
0.27,0.09,0.0,1020.93756,529.8848,820.7494,531.961
0.0,0.12,0.0,473.41257,597.40436,272.27197,592.80286
0.03,0.12,0.0,534.1672,596.54175,332.33896,592.8757
0.06,0.12,0.0,594.94086,595.8905,392.69452,593.07605
0.09,0.12,0.0,655.82855,595.06854,453.52646,593.04895
0.12,0.12,0.0,716.7382,594.16656,514.6155,592.85516
0.15,0.12,0.0,777.6836,593.35675,575.6899,592.75
0.18,0.12,0.0,838.63556,592.6295,636.7545,592.7322
0.21,0.12,0.0,899.42847,591.8364,697.8719,592.6753
0.24,0.12,0.0,959.7579,590.77246,758.8988,592.4086
0.27,0.12,0.0,1019.7474,589.87415,819.95514,592.3699
0.0,0.15,0.0,475.2509,656.81573,274.6633,652.03577
0.03,0.15,0.0,535.63,656.0542,334.28116,652.3105
0.06,0.15,0.0,596.0878,655.4529,394.28552,652.6789
0.09,0.15,0.0,656.68243,654.6512,454.75793,652.70935
0.12,0.15,0.0,717.2613,653.7339,515.41956,652.5991
0.15,0.15,0.0,777.8632,652.94366,576.16406,652.5192
0.18,0.15,0.0,838.4331,652.16644,636.9018,652.4705
0.21,0.15,0.0,898.88434,651.3625,697.68854,652.45935
0.24,0.15,0.0,958.7997,650.19995,758.4219,652.21436
0.27,0.15,0.0,1018.3558,649.08765,819.0926,652.0638
0.0,0.18,0.0,477.1581,715.4602,277.2734,710.41016
0.03,0.18,0.0,537.1388,714.8934,336.34927,710.9877
0.06,0.18,0.0,597.2701,714.2612,395.9935,711.3717
0.09,0.18,0.0,657.5042,713.4694,456.0341,711.50366
0.12,0.18,0.0,717.74817,712.6934,516.26483,711.5488
0.15,0.18,0.0,777.96216,711.8207,576.6274,711.5403
0.18,0.18,0.0,838.1359,710.95795,637.052,711.506
0.21,0.18,0.0,898.12946,710.03186,697.4879,711.48535
0.24,0.18,0.0,957.7314,708.8385,757.8515,711.2802
0.27,0.18,0.0,1016.7293,707.4525,818.1263,710.97266
0.0,0.21,0.0,479.12796,773.31464,279.99185,767.9054
0.03,0.21,0.0,538.65735,772.91473,338.59305,768.69965
0.06,0.21,0.0,598.45374,772.19183,397.83444,769.14716
0.09,0.21,0.0,658.32434,771.4791,457.4052,769.43445
0.12,0.21,0.0,718.163,770.78864,517.19147,769.7069
0.15,0.21,0.0,778.0194,769.8291,577.16345,769.6746
0.18,0.21,0.0,837.7389,768.8542,637.1832,769.6573
0.21,0.21,0.0,897.2952,767.8139,697.26685,769.6631
0.24,0.21,0.0,956.39734,766.4657,757.25183,769.41034
0.27,0.21,0.0,1015.00824,764.90594,817.0809,769.0495
0.0,0.24,0.0,481.14392,830.2352,282.85324,824.37335
0.03,0.24,0.0,540.3032,829.9116,341.03543,825.35767
0.06,0.24,0.0,599.65924,829.1674,399.78665,825.8492
0.09,0.24,0.0,659.0969,828.5476,458.82843,826.42456
0.12,0.24,0.0,718.5708,828.00934,518.1527,826.9582
0.15,0.24,0.0,777.93353,826.87573,577.6988,826.87933
0.18,0.24,0.0,837.22266,825.7528,637.32153,826.8665
0.21,0.24,0.0,896.2929,824.67566,696.95056,826.90826
0.24,0.24,0.0,954.8505,823.1093,756.5199,826.54395
0.27,0.24,0.0,1012.9423,821.3495,815.90533,826.0973
0.0,0.27,0.0,483.2859,886.0531,285.9634,879.70746
0.03,0.27,0.0,542.00574,885.759,343.62363,880.8253
0.06,0.27,0.0,600.8945,885.0166,401.9363,881.43506
0.09,0.27,0.0,659.846,884.4223,460.45737,882.1408
0.12,0.27,0.0,718.87006,884.0792,519.17944,883.0401
0.15,0.27,0.0,777.7548,882.7654,578.2863,882.9341
0.18,0.27,0.0,836.5518,881.54364,637.4293,882.93256
0.21,0.27,0.0,895.1447,880.42444,696.65424,883.1201
0.24,0.27,0.0,953.09064,878.46094,755.65753,882.4797
0.27,0.27,0.0,1010.6862,876.66895,814.6159,882.07153
0.0,0.0,0.0,341.60898,264.62613,155.12585,260.32825
0.03,0.0,0.0,397.24084,261.49188,207.87064,257.3589
0.06,0.0,0.0,453.82507,258.45456,262.01678,254.46416
0.09,0.0,0.0,511.34543,255.49422,317.46533,251.74707
0.12,0.0,0.0,569.8135,252.59116,374.18317,249.13715
0.15,0.0,0.0,629.108,249.73941,432.05908,246.64636
0.18,0.0,0.0,689.19006,246.90817,490.94138,244.23148
0.21,0.0,0.0,749.9578,244.1261,550.6704,241.93558
0.24,0.0,0.0,811.45935,241.39853,611.2711,239.62775
0.27,0.0,0.0,873.5457,238.80359,672.71594,237.35866
0.0,0.03,0.0,342.20584,322.62207,154.54341,317.88638
0.03,0.03,0.0,397.94135,320.02567,207.45511,315.50903
0.06,0.03,0.0,454.72833,317.4878,261.7855,313.24707
0.09,0.03,0.0,512.38965,314.98822,317.41055,311.08295
0.12,0.03,0.0,570.9572,312.5449,374.35532,309.07507
0.15,0.03,0.0,630.3157,310.0812,432.32645,307.08252
0.18,0.03,0.0,690.43066,307.61475,491.31238,305.19128
0.21,0.03,0.0,751.3444,305.18637,551.1594,303.27725
0.24,0.03,0.0,812.94366,302.79626,611.8484,301.46555
0.27,0.03,0.0,875.21063,300.45123,673.3289,299.60062
0.0,0.06,0.0,342.9577,380.9731,154.24771,375.7647
0.03,0.06,0.0,398.8192,378.8424,207.29726,374.03406
0.06,0.06,0.0,455.69803,376.73462,261.76028,372.37006
0.09,0.06,0.0,513.47595,374.70084,317.5357,370.77454
0.12,0.06,0.0,572.1283,372.65518,374.5987,369.23526
0.15,0.06,0.0,631.51013,370.6105,432.70862,367.78262
0.18,0.06,0.0,691.6919,368.52808,491.74316,366.3017
0.21,0.06,0.0,752.6546,366.4595,551.66644,364.90237
0.24,0.06,0.0,814.3567,364.4171,612.4077,363.49722
0.27,0.06,0.0,876.7418,362.41394,673.9084,362.0607
0.0,0.09,0.0,343.79636,439.4585,154.17949,433.86316
0.03,0.09,0.0,399.8661,437.80392,207.41989,432.75378
0.06,0.09,0.0,456.7099,436.14697,261.86188,431.65912
0.09,0.09,0.0,514.5797,434.50333,317.79373,430.60608
0.12,0.09,0.0,573.29205,432.8903,374.9893,429.59665
0.15,0.09,0.0,632.7314,431.2301,433.16446,428.5692
0.18,0.09,0.0,692.8966,429.54807,492.24506,427.55707
0.21,0.09,0.0,753.9119,427.87314,552.21185,426.57773
0.24,0.09,0.0,815.71643,426.20343,613.00824,425.5907
0.27,0.09,0.0,878.14996,424.52716,674.4852,424.558
0.0,0.12,0.0,344.83395,498.05182,154.44496,492.10532
0.03,0.12,0.0,400.9859,496.84766,207.82698,491.6051
0.06,0.12,0.0,457.79285,495.64325,262.182,491.10886
0.09,0.12,0.0,515.71344,494.4173,318.1655,490.5185
0.12,0.12,0.0,574.5084,493.15536,375.49133,489.9875
0.15,0.12,0.0,633.965,491.9084,433.70572,489.4258
0.18,0.12,0.0,694.166,490.6169,492.76254,488.8613
0.21,0.12,0.0,755.17175,489.35953,552.68945,488.25464
0.24,0.12,0.0,817.02264,488.0711,613.5697,487.6803
0.27,0.12,0.0,879.4828,486.7642,675.00366,487.00714
0.0,0.15,0.0,346.0457,556.6772,155.09682,550.3348
0.03,0.15,0.0,402.1258,555.9307,208.37825,550.4325
0.06,0.15,0.0,458.9482,555.1739,262.743,550.50714
0.09,0.15,0.0,516.9033,554.34064,318.7514,550.481
0.12,0.15,0.0,575.70514,553.4939,376.00122,550.4377
0.15,0.15,0.0,635.18994,552.6241,434.24994,550.3236
0.18,0.15,0.0,695.40497,551.75555,493.33237,550.1764
0.21,0.15,0.0,756.41064,550.9012,553.20966,549.99585
0.24,0.15,0.0,818.2791,549.9909,614.0871,549.77814
0.27,0.15,0.0,880.78973,549.0607,675.5538,549.5835
0.0,0.18,0.0,347.35083,615.2871,156.00612,608.4986
0.03,0.18,0.0,403.25525,615.00867,209.05536,609.1984
0.06,0.18,0.0,460.23087,614.68555,263.5614,609.8593
0.09,0.18,0.0,518.15424,614.2835,319.51337,610.3676
0.12,0.18,0.0,576.873,613.8128,376.62195,610.78674
0.15,0.18,0.0,636.38196,613.3437,434.7748,611.13086
0.18,0.18,0.0,696.6335,612.8949,493.83896,611.45184
0.21,0.18,0.0,757.65845,612.4407,553.75977,611.7111
0.24,0.18,0.0,819.50256,611.92737,614.5705,611.89154
0.27,0.18,0.0,881.9912,611.32745,676.13116,612.103
0.0,0.21,0.0,348.76486,673.75104,157.13947,666.48773
0.03,0.21,0.0,404.57922,673.9863,210.08517,667.7867
0.06,0.21,0.0,461.58517,674.08124,264.60526,668.9849
0.09,0.21,0.0,519.4664,674.097,320.45538,670.0587
0.12,0.21,0.0,578.0579,674.13873,377.28577,671.06116
0.15,0.21,0.0,637.5934,674.06366,435.43732,671.87463
0.18,0.21,0.0,697.8904,673.9781,494.47458,672.60724
0.21,0.21,0.0,758.8783,673.91235,554.31665,673.3636
0.24,0.21,0.0,820.67914,673.7539,615.0764,674.00085
0.27,0.21,0.0,883.06366,673.48016,676.6546,674.628
0.0,0.24,0.0,350.2591,732.0224,158.50644,724.1133
0.03,0.24,0.0,406.0403,732.80066,211.34615,726.13873
0.06,0.24,0.0,463.0337,733.3034,265.90262,727.82886
0.09,0.24,0.0,520.7513,733.8372,321.45407,729.49744
0.12,0.24,0.0,579.26324,734.3571,378.05396,731.1047
0.15,0.24,0.0,638.80615,734.6544,436.16324,732.411
0.18,0.24,0.0,699.0756,734.9346,495.14664,733.6354
0.21,0.24,0.0,760.01697,735.304,554.865,734.9041
0.24,0.24,0.0,821.72797,735.3962,615.61975,735.93225
0.27,0.24,0.0,884.0121,735.41547,677.1274,736.96533
0.0,0.27,0.0,351.9448,789.97015,160.1423,781.42676
0.03,0.27,0.0,407.68942,791.2129,212.97597,783.9456
0.06,0.27,0.0,464.60977,792.195,267.40207,786.21967
0.09,0.27,0.0,522.20044,793.1997,322.75336,788.466
0.12,0.27,0.0,580.489,794.3438,379.00543,790.7946
0.15,0.27,0.0,640.0582,794.9214,437.06592,792.51434
0.18,0.27,0.0,700.23724,795.6239,495.88437,794.27325
0.21,0.27,0.0,761.0463,796.36115,555.40875,796.0981
0.24,0.27,0.0,822.6615,796.6298,616.19147,797.4543
0.27,0.27,0.0,884.7665,796.979,677.54645,798.9466
0.0,0.0,0.0,328.00784,248.34769,132.22403,244.06616
0.03,0.0,0.0,389.7758,248.82568,192.96669,244.62938
0.06,0.0,0.0,451.29672,249.51186,253.99225,245.44429
0.09,0.0,0.0,512.3911,250.31436,315.1279,246.51045
0.12,0.0,0.0,572.96027,251.28706,376.18594,247.80176
0.15,0.0,0.0,632.89087,252.29306,436.9539,249.26315
0.18,0.0,0.0,692.1321,253.36313,497.27853,250.84932
0.21,0.0,0.0,750.7291,254.48412,557.00543,252.52734
0.24,0.0,0.0,808.5267,255.66252,616.1181,254.24518
0.27,0.0,0.0,865.5659,256.94696,674.528,256.01303
0.0,0.03,0.0,327.67917,309.4819,130.6475,304.6391
0.03,0.03,0.0,389.68765,309.7859,191.60916,305.17322
0.06,0.03,0.0,451.35062,310.24887,252.87115,305.95825
0.09,0.03,0.0,512.5637,310.85397,314.18005,306.90808
0.12,0.03,0.0,573.2375,311.49557,375.44263,308.0114
0.15,0.03,0.0,633.2317,312.18048,436.37796,309.25186
0.18,0.03,0.0,692.5654,312.90506,496.81036,310.56644
0.21,0.03,0.0,751.204,313.6366,556.63824,311.9579
0.24,0.03,0.0,809.1283,314.45096,615.82,313.38553
0.27,0.03,0.0,866.2636,315.30234,674.2795,314.79
0.0,0.06,0.0,327.56088,370.93964,129.38507,365.5894
0.03,0.06,0.0,389.70032,371.0824,190.52797,366.14566
0.06,0.06,0.0,451.5312,371.31223,251.9722,366.77826
0.09,0.06,0.0,512.8457,371.5904,313.47787,367.58432
0.12,0.06,0.0,573.5406,371.92874,374.85086,368.48468
0.15,0.06,0.0,633.5719,372.29105,435.91068,369.4941
0.18,0.06,0.0,692.95856,372.62143,496.44052,370.52423
0.21,0.06,0.0,751.65564,373.0313,556.3199,371.57977
0.24,0.06,0.0,809.6218,373.441,615.53064,372.67896
0.27,0.06,0.0,866.83624,373.87207,674.0233,373.73975
0.0,0.09,0.0,327.6246,432.63635,128.46577,426.80048
0.03,0.09,0.0,389.88412,432.53232,189.74675,427.28326
0.06,0.09,0.0,451.7726,432.43597,251.25674,427.83163
0.09,0.09,0.0,513.16534,432.43024,312.92215,428.4421
0.12,0.09,0.0,573.86926,432.44833,374.39368,429.11383
0.15,0.09,0.0,633.9193,432.46906,435.52063,429.81033
0.18,0.09,0.0,693.3596,432.46875,496.10925,430.5405
0.21,0.09,0.0,752.0907,432.4999,556.0546,431.27658
0.24,0.09,0.0,810.04614,432.54675,615.2234,432.01047
0.27,0.09,0.0,867.3535,432.60226,673.7385,432.72125
0.0,0.12,0.0,327.83862,494.43448,127.903,488.19083
0.03,0.12,0.0,390.1669,494.07947,189.2984,488.60947
0.06,0.12,0.0,452.0909,493.72278,250.77644,488.96304
0.09,0.12,0.0,513.5016,493.3824,312.51114,489.43124
0.12,0.12,0.0,574.2167,493.0172,374.0389,489.81717
0.15,0.12,0.0,634.2754,492.67224,435.16647,490.2231
0.18,0.12,0.0,693.7314,492.38437,495.79987,490.57434
0.21,0.12,0.0,752.53326,492.05893,555.7662,490.95673
0.24,0.12,0.0,810.4233,491.73123,614.91626,491.32608
0.27,0.12,0.0,867.7977,491.4227,673.4209,491.65714
0.0,0.15,0.0,328.24097,556.2613,127.73998,549.58496
0.03,0.15,0.0,390.54877,555.6562,189.04951,549.9247
0.06,0.15,0.0,452.43683,555.01105,250.5226,550.2037
0.09,0.15,0.0,513.8539,554.3497,312.22452,550.3911
0.12,0.15,0.0,574.5473,553.60474,373.71362,550.5215
0.15,0.15,0.0,634.6284,552.9555,434.85297,550.5959
0.18,0.15,0.0,694.0969,552.28094,495.46375,550.65485
0.21,0.15,0.0,752.91284,551.6292,555.4467,550.6683
0.24,0.15,0.0,810.832,550.9333,614.5911,550.6317
0.27,0.15,0.0,868.1429,550.27814,673.0855,550.62775
0.0,0.18,0.0,328.7871,618.0636,127.89351,610.84894
0.03,0.18,0.0,390.97598,617.2248,189.0349,611.1536
0.06,0.18,0.0,452.83017,616.29474,250.53072,611.2804
0.09,0.18,0.0,514.2026,615.27026,312.10342,611.2993
0.12,0.18,0.0,574.90985,614.24,373.5034,611.157
0.15,0.18,0.0,634.98944,613.21515,434.55582,610.9546
0.18,0.18,0.0,694.42615,612.21893,495.1277,610.67633
0.21,0.18,0.0,753.25037,611.2241,555.0773,610.3866
0.24,0.18,0.0,811.2332,610.1798,614.2883,609.9973
0.27,0.18,0.0,868.43616,609.1243,672.75037,609.60474
0.0,0.21,0.0,329.47357,679.68054,128.39127,671.85016
0.03,0.21,0.0,391.5296,678.67957,189.366,672.12854
0.06,0.21,0.0,453.2957,677.4371,250.73312,672.13116
0.09,0.21,0.0,514.6007,676.1331,312.14008,671.95844
0.12,0.21,0.0,575.32135,674.8408,373.39984,671.6652
0.15,0.21,0.0,635.3701,673.4364,434.35318,671.1758
0.18,0.21,0.0,694.7747,672.0754,494.8364,670.6031
0.21,0.21,0.0,753.53253,670.74176,554.7478,669.99976
0.24,0.21,0.0,811.53015,669.3242,613.94855,669.306
0.27,0.21,0.0,868.69714,667.857,672.4344,668.5766
0.0,0.24,0.0,330.38876,741.08575,129.21484,732.5648
0.03,0.24,0.0,392.27145,739.871,190.02353,732.805
0.06,0.24,0.0,453.91147,738.3457,251.18204,732.6227
0.09,0.24,0.0,515.0901,736.8578,312.37906,732.36316
0.12,0.24,0.0,575.7717,735.33374,373.4258,731.9754
0.15,0.24,0.0,635.7436,733.5769,434.25903,731.1921
0.18,0.24,0.0,695.1005,731.83264,494.60895,730.35297
0.21,0.24,0.0,753.86005,730.1595,554.4566,729.5246
0.24,0.24,0.0,811.7221,728.3257,613.5885,728.4688
0.27,0.24,0.0,868.79694,726.4246,672.0466,727.39465
0.0,0.27,0.0,331.5494,802.0086,130.43063,792.697
0.03,0.27,0.0,393.19574,800.64374,191.02344,792.8996
0.06,0.27,0.0,454.62967,798.8938,251.93352,792.63947
0.09,0.27,0.0,515.6572,797.18536,312.8229,792.29785
0.12,0.27,0.0,576.2919,795.546,373.64542,791.8871
0.15,0.27,0.0,636.1272,793.40045,434.27124,790.8401
0.18,0.27,0.0,695.38434,791.31946,494.51242,789.75934
0.21,0.27,0.0,754.0969,789.35345,554.26044,788.7687
0.24,0.27,0.0,811.76776,786.9649,613.21765,787.28265
0.27,0.27,0.0,868.7766,784.65894,671.68726,785.94934
0.0,0.0,0.0,339.68597,264.64655,152.2116,260.33508
0.03,0.0,0.0,397.7033,263.3939,208.36278,259.187
0.06,0.0,0.0,456.06384,262.29538,265.33643,258.29642
0.09,0.0,0.0,514.68,261.30008,323.03717,257.50876
0.12,0.0,0.0,573.4605,260.43033,381.29565,256.9293
0.15,0.0,0.0,632.35077,259.63605,439.97574,256.56332
0.18,0.0,0.0,691.23706,258.86578,498.87424,256.2476
0.21,0.0,0.0,750.0958,258.15387,557.9147,256.01758
0.24,0.0,0.0,808.89746,257.52774,617.00134,255.87532
0.27,0.0,0.0,867.5553,257.0328,676.16156,255.79681
0.0,0.03,0.0,338.2464,321.4622,148.79395,316.67572
0.03,0.03,0.0,396.70953,320.36963,205.38138,315.8372
0.06,0.03,0.0,455.50336,319.3935,262.81805,315.13245
0.09,0.03,0.0,514.5466,318.4922,320.958,314.5873
0.12,0.03,0.0,573.732,317.67047,379.6821,314.20053
0.15,0.03,0.0,632.9787,316.863,438.7649,313.90796
0.18,0.03,0.0,692.22327,316.09964,498.1196,313.70584
0.21,0.03,0.0,751.48047,315.3674,557.5518,313.5421
0.24,0.03,0.0,810.65375,314.7179,617.0218,313.41135
0.27,0.03,0.0,869.7563,314.06567,676.5008,313.30502
0.0,0.06,0.0,336.93616,379.124,145.60333,373.91068
0.03,0.06,0.0,395.79248,378.16385,202.58711,373.34543
0.06,0.06,0.0,455.03088,377.29694,260.44516,372.85938
0.09,0.06,0.0,514.4908,376.4539,319.0174,372.53302
0.12,0.06,0.0,574.0346,375.69702,378.14532,372.26038
0.15,0.06,0.0,633.5861,374.8919,437.67505,372.05496
0.18,0.06,0.0,693.19684,374.11234,497.3979,371.91107
0.21,0.06,0.0,752.7916,373.35638,557.1833,371.8026
0.24,0.06,0.0,812.383,372.63162,617.0006,371.7221
0.27,0.06,0.0,871.8156,371.94995,676.8118,371.60666
0.0,0.09,0.0,335.73816,437.557,142.6188,431.91785
0.03,0.09,0.0,395.06302,436.77124,200.05429,431.67538
0.06,0.09,0.0,454.6059,435.88812,258.2068,431.3527
0.09,0.09,0.0,514.41437,435.1349,317.19543,431.18616
0.12,0.09,0.0,574.3146,434.39072,376.73596,431.0899
0.15,0.09,0.0,634.227,433.6309,436.6081,430.9713
0.18,0.09,0.0,694.1618,432.7918,496.66348,430.80487
0.21,0.09,0.0,754.15485,432.04404,556.82526,430.71823
0.24,0.09,0.0,814.0398,431.32968,616.96893,430.69537
0.27,0.09,0.0,873.8585,430.54532,677.1033,430.5293
0.0,0.12,0.0,334.69305,496.75897,139.9867,490.69086
0.03,0.12,0.0,394.3664,496.08585,197.7495,490.70673
0.06,0.12,0.0,454.23206,495.2173,256.13977,490.56607
0.09,0.12,0.0,514.3836,494.47537,315.44812,490.55188
0.12,0.12,0.0,574.617,493.762,375.39813,490.5809
0.15,0.12,0.0,634.8719,493.0366,435.60208,490.53027
0.18,0.12,0.0,695.15985,492.20374,495.98325,490.39444
0.21,0.12,0.0,755.4998,491.37985,556.45996,490.2597
0.24,0.12,0.0,815.6898,490.71075,616.9543,490.282
0.27,0.12,0.0,875.88196,489.87015,677.3603,490.12167
0.0,0.15,0.0,333.79993,556.598,137.642,550.02155
0.03,0.15,0.0,393.70285,555.98865,195.5845,550.31085
0.06,0.15,0.0,453.9074,555.2486,254.24345,550.44037
0.09,0.15,0.0,514.39246,554.5136,313.87152,550.58374
0.12,0.15,0.0,574.959,553.80145,374.11075,550.6803
0.15,0.15,0.0,635.5377,553.08453,434.60135,550.6901
0.18,0.15,0.0,696.1546,552.27795,495.28763,550.6107
0.21,0.15,0.0,756.7989,551.45685,556.0805,550.49976
0.24,0.15,0.0,817.3562,550.7264,616.88367,550.4357
0.27,0.15,0.0,877.79913,549.8972,677.6403,550.31195
0.0,0.18,0.0,333.0265,617.0284,135.61864,609.86945
0.03,0.18,0.0,393.14554,616.5016,193.62158,610.4361
0.06,0.18,0.0,453.6423,615.87366,252.61307,610.8581
0.09,0.18,0.0,514.43475,615.2073,312.46765,611.1745
0.12,0.18,0.0,575.2893,614.4991,372.8648,611.3914
0.15,0.18,0.0,636.1941,613.7329,433.60956,611.4947
0.18,0.18,0.0,697.1466,612.96344,494.599,611.4987
0.21,0.18,0.0,758.0774,612.197,555.6761,611.3983
0.24,0.18,0.0,818.99884,611.37726,616.7948,611.28687
0.27,0.18,0.0,879.7124,610.5364,677.8935,611.19073
0.0,0.21,0.0,332.37988,677.9156,133.84991,670.1357
0.03,0.21,0.0,392.69055,677.566,191.98853,670.9723
0.06,0.21,0.0,453.49744,677.0597,251.2174,671.7074
0.09,0.21,0.0,514.52765,676.44745,311.21375,672.2271
0.12,0.21,0.0,575.6316,675.7299,371.71286,672.5678
0.15,0.21,0.0,636.8646,675.0391,432.71542,672.7659
0.18,0.21,0.0,698.1191,674.282,493.9408,672.8797
0.21,0.21,0.0,759.40063,673.48376,555.29816,672.85333
0.24,0.21,0.0,820.5526,672.62494,616.74255,672.78687
0.27,0.21,0.0,881.55115,671.68536,678.1185,672.70435
0.0,0.24,0.0,331.93176,739.2007,132.43132,730.60034
0.03,0.24,0.0,392.39563,739.05493,190.69736,731.8222
0.06,0.24,0.0,453.4565,738.7061,250.08302,732.82465
0.09,0.24,0.0,514.70526,738.18176,310.0964,733.5971
0.12,0.24,0.0,576.01495,737.60364,370.6899,734.1804
0.15,0.24,0.0,637.5522,736.91394,431.8847,734.5253
0.18,0.24,0.0,699.10596,736.1436,493.35126,734.7222
0.21,0.24,0.0,760.64496,735.3304,554.9401,734.8502
0.24,0.24,0.0,822.0398,734.38416,616.65625,734.7995
0.27,0.24,0.0,883.2643,733.3064,678.36084,734.68677
0.0,0.27,0.0,331.69763,800.7018,131.35141,791.1741
0.03,0.27,0.0,392.37027,800.7742,189.72722,792.78217
0.06,0.27,0.0,453.56497,800.56396,249.22049,794.0586
0.09,0.27,0.0,514.93933,800.2194,309.28494,795.14606
0.12,0.27,0.0,576.4878,799.8073,369.87427,796.0413
0.15,0.27,0.0,638.2387,799.1196,431.24573,796.5411
0.18,0.27,0.0,700.03937,798.3213,492.88116,796.87305
0.21,0.27,0.0,761.8394,797.4886,554.6229,797.13763
0.24,0.27,0.0,823.38464,796.3659,616.608,797.1136
0.27,0.27,0.0,884.79456,795.1623,678.5357,797.0216
0.0,0.0,0.0,324.4121,252.96387,129.14099,248.7828
0.03,0.0,0.0,385.00784,251.45781,187.59656,247.37163
0.06,0.0,0.0,446.11795,250.0927,247.01343,246.1737
0.09,0.0,0.0,507.51862,248.93494,307.25513,245.16351
0.12,0.0,0.0,569.16925,247.85791,368.23883,244.39296
0.15,0.0,0.0,630.929,246.91055,429.69632,243.83313
0.18,0.0,0.0,692.77374,246.0324,491.47922,243.3958
0.21,0.0,0.0,754.61664,245.21692,553.45685,243.09242
0.24,0.0,0.0,816.3982,244.53494,615.52734,242.86978
0.27,0.0,0.0,877.9771,244.00415,677.6446,242.75323
0.0,0.03,0.0,326.23572,314.38416,130.59032,309.62305
0.03,0.03,0.0,386.73282,313.07922,188.95486,308.5391
0.06,0.03,0.0,447.70554,311.91794,248.31543,307.67276
0.09,0.03,0.0,508.93768,310.86407,308.50616,306.95782
0.12,0.03,0.0,570.3841,309.90408,369.34467,306.4106
0.15,0.03,0.0,631.8788,308.9953,430.67667,305.988
0.18,0.03,0.0,693.4945,308.108,492.27078,305.71164
0.21,0.03,0.0,755.09454,307.28036,554.009,305.49866
0.24,0.03,0.0,816.6306,306.5569,615.81995,305.35132
0.27,0.03,0.0,878.09973,305.9149,677.7038,305.22025
0.0,0.06,0.0,328.28012,375.5109,132.36243,370.2313
0.03,0.06,0.0,388.59875,374.40167,190.603,369.5293
0.06,0.06,0.0,449.403,373.38507,249.85753,368.94427
0.09,0.06,0.0,510.42993,372.43658,309.923,368.43408
0.12,0.06,0.0,571.54956,371.52255,370.5872,368.08533
0.15,0.06,0.0,632.85254,370.64117,431.73026,367.8154
0.18,0.06,0.0,694.1538,369.816,493.09927,367.60184
0.21,0.06,0.0,755.50385,368.97928,554.61194,367.4481
0.24,0.06,0.0,816.79865,368.22006,616.1472,367.34402
0.27,0.06,0.0,878.00946,367.49344,677.6721,367.24274
0.0,0.09,0.0,330.4061,436.2253,134.4177,430.5441
0.03,0.09,0.0,390.6244,435.25302,192.62375,430.09033
0.06,0.09,0.0,451.1333,434.36517,251.58702,429.77737
0.09,0.09,0.0,511.91867,433.4653,311.4983,429.51523
0.12,0.09,0.0,572.82245,432.6008,371.98843,429.27408
0.15,0.09,0.0,633.7603,431.73737,432.90125,429.08484
0.18,0.09,0.0,694.7976,430.94397,493.97238,428.96332
0.21,0.09,0.0,755.8651,430.1535,555.2138,428.87708
0.24,0.09,0.0,816.879,429.33554,616.46173,428.72107
0.27,0.09,0.0,877.8675,428.60355,677.6588,428.64096
0.0,0.12,0.0,332.72287,496.45407,136.8553,490.33853
0.03,0.12,0.0,392.7232,495.58014,194.89713,490.1853
0.06,0.12,0.0,452.8901,494.81326,253.52962,490.16318
0.09,0.12,0.0,513.43567,493.97058,313.2235,490.05267
0.12,0.12,0.0,574.0397,493.07617,373.50418,489.88293
0.15,0.12,0.0,634.7045,492.26395,434.11887,489.76553
0.18,0.12,0.0,695.4321,491.53375,494.90002,489.72736
0.21,0.12,0.0,756.23444,490.7715,555.8112,489.65805
0.24,0.12,0.0,816.94116,489.89023,616.7313,489.50226
0.27,0.12,0.0,877.6459,489.17953,677.62976,489.4408
0.0,0.15,0.0,335.21982,556.0965,139.63791,549.5654
0.03,0.15,0.0,394.81058,555.3369,197.30046,549.67017
0.06,0.15,0.0,454.7241,554.6717,255.7013,549.9268
0.09,0.15,0.0,514.965,553.8614,315.08,549.9629
0.12,0.15,0.0,575.2867,553.02765,375.04614,549.91925
0.15,0.15,0.0,635.6272,552.22797,435.33865,549.87134
0.18,0.15,0.0,696.07776,551.492,495.80722,549.8504
0.21,0.15,0.0,756.53235,550.7681,556.3893,549.83026
0.24,0.15,0.0,816.961,549.9274,617.0025,549.65155
0.27,0.15,0.0,877.37305,549.16833,677.57886,549.562
0.0,0.18,0.0,337.77933,615.0467,142.65973,608.05194
0.03,0.18,0.0,396.99564,614.5077,199.89296,608.55597
0.06,0.18,0.0,456.59494,613.87573,258.0789,608.9616
0.09,0.18,0.0,516.4919,613.1031,317.11017,609.16077
0.12,0.18,0.0,576.4791,612.3506,376.61188,609.29706
0.15,0.18,0.0,636.5367,611.58026,436.55786,609.316
0.18,0.18,0.0,696.6567,610.84814,496.70377,609.34406
0.21,0.18,0.0,756.8182,610.1736,556.9391,609.35236
0.24,0.18,0.0,816.9766,609.3681,617.23596,609.24567
0.27,0.18,0.0,876.97974,608.5219,677.4948,609.1142
0.0,0.21,0.0,340.41266,673.3301,145.90756,665.8639
0.03,0.21,0.0,399.25763,672.93665,202.72215,666.65015
0.06,0.21,0.0,458.5332,672.35864,260.6599,667.19244
0.09,0.21,0.0,518.0764,671.66583,319.22916,667.5591
0.12,0.21,0.0,577.6876,671.07184,378.26123,667.95374
0.15,0.21,0.0,637.4466,670.27637,437.85635,668.05566
0.18,0.21,0.0,697.26685,669.57605,497.63776,668.1296
0.21,0.21,0.0,757.10004,668.8835,557.5079,668.2102
0.24,0.21,0.0,816.8948,668.096,617.4849,668.1404
0.27,0.21,0.0,876.52234,667.1943,677.4592,668.05756
0.0,0.24,0.0,343.17044,730.86395,149.36026,722.812
0.03,0.24,0.0,401.6287,730.6348,205.8235,723.87305
0.06,0.24,0.0,460.5445,730.06006,263.38553,724.5209
0.09,0.24,0.0,519.6558,729.56335,321.4459,725.2338
0.12,0.24,0.0,578.91907,729.1435,380.0264,725.85675
0.15,0.24,0.0,638.3631,728.3144,439.23276,726.03076
0.18,0.24,0.0,697.83,727.59656,498.5787,726.1741
0.21,0.24,0.0,757.325,726.97815,558.0893,726.3905
0.24,0.24,0.0,816.7205,726.05695,617.71735,726.293
0.27,0.24,0.0,875.9934,725.1114,677.376,726.26135
0.0,0.27,0.0,346.09445,787.49646,153.09271,778.8142
0.03,0.27,0.0,404.1448,787.36237,209.23813,780.0914
0.06,0.27,0.0,462.6332,786.884,266.32315,780.9442
0.09,0.27,0.0,521.3409,786.5456,323.88968,781.8433
0.12,0.27,0.0,580.18726,786.4289,381.90115,782.8633
0.15,0.27,0.0,639.24866,785.5164,440.68253,783.075
0.18,0.27,0.0,698.368,784.80084,499.63672,783.3317
0.21,0.27,0.0,757.4789,784.2527,558.7192,783.78033
0.24,0.27,0.0,816.40985,783.06384,617.96967,783.54395
0.27,0.27,0.0,875.30615,782.17065,677.25256,783.5856
0.0,0.0,0.0,470.67294,142.83112,273.46008,139.36423
0.03,0.0,0.0,531.9722,144.09332,334.8313,140.64252
0.06,0.0,0.0,592.71625,145.55286,396.02072,142.20311
0.09,0.0,0.0,652.857,147.12663,456.93353,144.0198
0.12,0.0,0.0,712.3319,148.86722,517.4702,146.04082
0.15,0.0,0.0,771.01263,150.76201,577.42004,148.24269
0.18,0.0,0.0,828.8729,152.78346,636.73285,150.5326
0.21,0.0,0.0,885.83875,154.9505,695.36786,152.93063
0.24,0.0,0.0,941.77014,157.35149,753.229,155.42538
0.27,0.0,0.0,996.66583,159.86998,810.30975,158.04044
0.0,0.03,0.0,470.55655,203.32417,271.93564,199.5489
0.03,0.03,0.0,532.0335,204.3734,333.54675,200.72606
0.06,0.03,0.0,592.9501,205.55324,395.037,202.17032
0.09,0.03,0.0,653.2326,206.86073,456.19955,203.81804
0.12,0.03,0.0,712.82587,208.25471,516.893,205.66344
0.15,0.03,0.0,771.67584,209.7123,577.0156,207.56323
0.18,0.03,0.0,829.7258,211.28363,636.4828,209.56206
0.21,0.03,0.0,886.8795,212.98335,695.23456,211.60138
0.24,0.03,0.0,943.06354,214.8468,753.2324,213.72672
0.27,0.03,0.0,998.1545,216.82849,810.44824,215.90009
0.0,0.06,0.0,470.5669,264.3792,270.6406,260.2976
0.03,0.06,0.0,532.216,265.21423,332.52057,261.4161
0.06,0.06,0.0,593.25714,266.08838,394.22638,262.683
0.09,0.06,0.0,653.61096,267.07272,455.5783,264.15698
0.12,0.06,0.0,713.3164,268.10684,516.4031,265.72565
0.15,0.06,0.0,772.24304,269.1706,576.6429,267.34152
0.18,0.06,0.0,830.4393,270.26968,636.2297,269.00546
0.21,0.06,0.0,887.78284,271.49078,695.05396,270.68835
0.24,0.06,0.0,944.1165,272.8628,753.1505,272.41882
0.27,0.06,0.0,999.3768,274.37872,810.4582,274.172
0.0,0.09,0.0,470.69952,325.78857,269.60782,321.5224
0.03,0.09,0.0,532.4244,326.36014,331.68567,322.50223
0.06,0.09,0.0,593.5756,326.9167,393.56308,323.557
0.09,0.09,0.0,654.02625,327.5336,455.07742,324.7856
0.12,0.09,0.0,713.7123,328.20462,516.04034,326.1055
0.15,0.09,0.0,772.73004,328.90213,576.3176,327.41794
0.18,0.09,0.0,831.05194,329.5816,635.9414,328.7
0.21,0.09,0.0,888.52496,330.36874,694.8593,330.04102
0.24,0.09,0.0,944.9251,331.28113,752.944,331.38184
0.27,0.09,0.0,1000.41974,332.2268,810.37146,332.69925
0.0,0.12,0.0,470.92188,387.46613,268.82724,383.06287
0.03,0.12,0.0,532.7157,387.7218,331.0665,383.88544
0.06,0.12,0.0,593.9308,387.91803,393.06793,384.69427
0.09,0.12,0.0,654.3852,388.1879,454.69098,385.61746
0.12,0.12,0.0,714.1202,388.52625,515.6648,386.6126
0.15,0.12,0.0,773.1287,388.80206,576.0147,387.6096
0.18,0.12,0.0,831.5689,389.1177,635.6767,388.5565
0.21,0.12,0.0,889.1849,389.46445,694.65265,389.51602
0.24,0.12,0.0,945.5816,389.95575,752.6729,390.50128
0.27,0.12,0.0,1001.2202,390.42978,810.19275,391.40384
0.0,0.15,0.0,471.2046,449.24646,268.24786,444.78207
0.03,0.15,0.0,533.0666,449.14926,330.59003,445.38858
0.06,0.15,0.0,594.28876,449.04028,392.64612,445.93707
0.09,0.15,0.0,654.7632,448.97287,454.32404,446.55426
0.12,0.15,0.0,714.5031,448.9141,515.3667,447.19617
0.15,0.15,0.0,773.5552,448.84116,575.71436,447.85022
0.18,0.15,0.0,832.0196,448.7561,635.36487,448.43402
0.21,0.15,0.0,889.6903,448.72363,694.32825,449.0099
0.24,0.15,0.0,946.153,448.74902,752.41425,449.61328
0.27,0.15,0.0,1001.8313,448.7975,809.9305,450.15216
0.0,0.18,0.0,471.527,511.0407,267.8951,506.61252
0.03,0.18,0.0,533.40393,510.6128,330.18964,506.91348
0.06,0.18,0.0,594.6228,510.1913,392.28625,507.22034
0.09,0.18,0.0,655.0965,509.75027,453.9774,507.54486
0.12,0.18,0.0,714.87415,509.3279,515.03906,507.80713
0.15,0.18,0.0,773.9533,508.89938,575.3945,508.0596
0.18,0.18,0.0,832.3909,508.4938,635.0451,508.30133
0.21,0.18,0.0,890.059,508.0767,694.0137,508.53555
0.24,0.18,0.0,946.7051,507.64447,752.1544,508.7725
0.27,0.18,0.0,1002.2426,507.2146,809.59503,508.9287
0.0,0.21,0.0,471.92313,572.9591,267.68848,568.40955
0.03,0.21,0.0,533.7861,572.12115,329.95874,568.4945
0.06,0.21,0.0,594.965,571.3311,392.02164,568.5125
0.09,0.21,0.0,655.44763,570.52576,453.64145,568.4815
0.12,0.21,0.0,715.3012,569.76056,514.7152,568.4017
0.15,0.21,0.0,774.34674,568.9538,575.0882,568.2671
0.18,0.21,0.0,832.7154,568.1473,634.7015,568.1316
0.21,0.21,0.0,890.3945,567.38947,693.65015,568.0137
0.24,0.21,0.0,947.02277,566.559,751.8412,567.9043
0.27,0.21,0.0,1002.5583,565.6725,809.3045,567.7604
0.0,0.24,0.0,472.29575,634.82605,267.62845,630.0796
0.03,0.24,0.0,534.1799,633.7098,329.85272,629.9994
0.06,0.24,0.0,595.3077,632.5097,391.8192,629.70184
0.09,0.24,0.0,655.7854,631.3422,453.37708,629.36426
0.12,0.24,0.0,715.7124,630.2677,514.4317,629.0081
0.15,0.24,0.0,774.6944,629.0379,574.7383,628.49243
0.18,0.24,0.0,833.0315,627.869,634.36456,627.9892
0.21,0.24,0.0,890.69275,626.687,693.36005,627.5564
0.24,0.24,0.0,947.1925,625.4168,751.4982,627.0465
0.27,0.24,0.0,1002.6854,624.05023,808.9411,626.51917
0.0,0.27,0.0,472.81186,696.59204,267.82574,691.5314
0.03,0.27,0.0,534.579,695.1242,329.8744,691.2238
0.06,0.27,0.0,595.653,693.53546,391.75195,690.67737
0.09,0.27,0.0,656.15454,692.0279,453.16687,690.0624
0.12,0.27,0.0,716.1176,690.705,514.16943,689.52673
0.15,0.27,0.0,774.9836,689.0244,574.4089,688.62854
0.18,0.27,0.0,833.24445,687.4658,634.015,687.8013
0.21,0.27,0.0,890.9394,685.8845,693.0341,687.0365
0.24,0.27,0.0,947.1553,684.0482,751.0444,686.071
0.27,0.27,0.0,1002.65497,682.23615,808.53455,685.1901
0.0,0.0,0.0,475.2377,163.93925,286.6717,160.46213
0.03,0.0,0.0,533.547,162.82262,344.11465,159.45947
0.06,0.0,0.0,592.0094,161.89178,402.03265,158.66037
0.09,0.0,0.0,650.53796,161.11104,460.29974,158.04272
0.12,0.0,0.0,709.1009,160.45769,518.8729,157.68007
0.15,0.0,0.0,767.5451,159.96191,577.6113,157.4403
0.18,0.0,0.0,825.8743,159.6091,636.35675,157.34322
0.21,0.0,0.0,883.87585,159.45172,695.11804,157.3345
0.24,0.0,0.0,941.5427,159.49388,753.7602,157.44856
0.27,0.0,0.0,998.6664,159.78433,812.2709,157.68898
0.0,0.03,0.0,474.61215,219.76201,283.93665,216.05351
0.03,0.03,0.0,533.43866,218.75372,341.88766,215.24767
0.06,0.03,0.0,592.3245,217.90308,400.32755,214.61194
0.09,0.03,0.0,651.2715,217.12686,459.1318,214.18298
0.12,0.03,0.0,710.26605,216.4617,518.1527,213.87216
0.15,0.03,0.0,769.17224,215.87964,577.31635,213.72647
0.18,0.03,0.0,827.94354,215.41402,636.48004,213.61801
0.21,0.03,0.0,886.465,215.0579,695.6421,213.57927
0.24,0.03,0.0,944.6268,214.95044,754.72595,213.65195
0.27,0.03,0.0,1002.28937,215.00711,813.7,213.8087
0.0,0.06,0.0,474.1599,276.57928,281.3964,272.6271
0.03,0.06,0.0,533.3629,275.7009,339.80722,272.0366
0.06,0.06,0.0,592.67426,274.87726,398.73346,271.57626
0.09,0.06,0.0,652.0365,274.1238,458.00208,271.28195
0.12,0.06,0.0,711.41504,273.46008,517.47437,271.11877
0.15,0.06,0.0,770.68713,272.79196,577.0402,270.97357
0.18,0.06,0.0,829.9104,272.17685,636.60535,270.85663
0.21,0.06,0.0,888.9117,271.72308,696.1407,270.82745
0.24,0.06,0.0,947.53217,271.45544,755.6305,270.8048
0.27,0.06,0.0,1005.6851,271.29028,814.9782,270.85117
0.0,0.09,0.0,473.73218,334.2945,278.99847,330.13638
0.03,0.09,0.0,533.4093,333.5478,337.94684,329.8107
0.06,0.09,0.0,593.07086,332.66534,397.26715,329.3926
0.09,0.09,0.0,652.798,331.90317,456.96097,329.19437
0.12,0.09,0.0,712.5211,331.2598,516.8688,329.135
0.15,0.09,0.0,772.19995,330.5766,576.77747,329.08508
0.18,0.09,0.0,831.82404,329.86328,636.6907,328.92233
0.21,0.09,0.0,891.28827,329.2756,696.6111,328.844
0.24,0.09,0.0,950.2874,328.89108,756.42944,328.85297
0.27,0.09,0.0,1008.9126,328.5282,816.19293,328.7642
0.0,0.12,0.0,473.3953,392.82614,276.80713,388.5333
0.03,0.12,0.0,533.47107,392.14392,336.22092,388.3623
0.06,0.12,0.0,593.4704,391.22363,395.88486,388.05994
0.09,0.12,0.0,653.55096,390.4967,455.99185,387.92792
0.12,0.12,0.0,713.6192,389.85815,516.28723,387.94846
0.15,0.12,0.0,773.65045,389.12778,576.5712,387.91696
0.18,0.12,0.0,833.6793,388.3446,636.7975,387.7557
0.21,0.12,0.0,893.5484,387.62628,697.056,387.61734
0.24,0.12,0.0,952.93494,387.18973,757.2023,387.64868
0.27,0.12,0.0,1011.9731,386.60483,817.34796,387.48895
0.0,0.15,0.0,473.1768,452.0991,274.79828,447.7609
0.03,0.15,0.0,533.5566,451.38586,334.52762,447.6581
0.06,0.15,0.0,593.91345,450.52966,394.59753,447.4806
0.09,0.15,0.0,654.3421,449.79276,455.07596,447.41937
0.12,0.15,0.0,714.7312,449.11874,515.7255,447.44348
0.15,0.15,0.0,775.1035,448.38998,576.3132,447.38733
0.18,0.15,0.0,835.49634,447.58017,636.8955,447.27548
0.21,0.15,0.0,895.73,446.7937,697.4632,447.0988
0.24,0.15,0.0,955.5074,446.19092,757.9262,447.0645
0.27,0.15,0.0,1014.8778,445.539,818.40533,446.91122
0.0,0.18,0.0,472.95053,512.06476,272.9599,507.61572
0.03,0.18,0.0,533.6349,511.30927,332.92142,507.62634
0.06,0.18,0.0,594.3663,510.52917,393.37158,507.58713
0.09,0.18,0.0,655.1024,509.79132,454.1924,507.57953
0.12,0.18,0.0,715.85345,509.05328,515.126,507.53293
0.15,0.18,0.0,776.5659,508.31876,576.0675,507.4953
0.18,0.18,0.0,837.2491,507.52594,636.9738,507.37924
0.21,0.18,0.0,897.80695,506.68393,697.8179,507.2358
0.24,0.18,0.0,957.98114,505.9238,758.64417,507.1138
0.27,0.18,0.0,1017.61865,505.1723,819.47577,506.99875
0.0,0.21,0.0,472.7156,572.6266,271.20267,568.0765
0.03,0.21,0.0,533.7554,571.88025,331.43408,568.2396
0.06,0.21,0.0,594.8121,571.19006,392.2472,568.3158
0.09,0.21,0.0,655.8825,570.4143,453.32852,568.3468
0.12,0.21,0.0,716.9631,569.6366,514.5278,568.2883
0.15,0.21,0.0,778.0109,568.88214,575.81494,568.2092
0.18,0.21,0.0,839.00446,568.0799,637.0075,568.0857
0.21,0.21,0.0,899.86926,567.2441,698.218,567.9605
0.24,0.21,0.0,960.33435,566.3361,759.36523,567.85974
0.27,0.21,0.0,1020.2524,565.3911,820.49963,567.7118
0.0,0.24,0.0,472.5519,633.8704,269.6083,629.057
0.03,0.24,0.0,533.8913,633.18634,330.08533,629.3925
0.06,0.24,0.0,595.29596,632.4553,391.18185,629.62085
0.09,0.24,0.0,656.6712,631.69116,452.4806,629.67487
0.12,0.24,0.0,718.0899,630.8729,513.91516,629.6493
0.15,0.24,0.0,779.4329,630.1126,575.5095,629.61053
0.18,0.24,0.0,840.70154,629.2591,637.0629,629.5229
0.21,0.24,0.0,901.86127,628.3486,698.6124,629.36597
0.24,0.24,0.0,962.52234,627.31604,760.0988,629.27466
0.27,0.24,0.0,1022.6416,626.1832,821.45135,629.0457
0.0,0.27,0.0,472.46188,695.61957,268.19464,690.4564
0.03,0.27,0.0,534.0919,695.01,328.8775,690.9966
0.06,0.27,0.0,595.80316,694.2775,390.21744,691.357
0.09,0.27,0.0,657.4824,693.531,451.6754,691.53094
0.12,0.27,0.0,719.20764,692.7639,513.3129,691.6148
0.15,0.27,0.0,780.8295,691.9175,575.2417,691.5884
0.18,0.27,0.0,842.3415,690.9578,637.13104,691.49243
0.21,0.27,0.0,903.7745,689.9403,698.96893,691.33856
0.24,0.27,0.0,964.5255,688.7094,760.7063,691.15076
0.27,0.27,0.0,1024.8822,687.3888,822.39264,690.86804
0.0,0.0,0.0,466.55362,147.67918,269.80536,144.25647
0.03,0.0,0.0,527.5469,146.3155,329.7185,142.88899
0.06,0.0,0.0,588.7675,145.12495,390.28757,141.801
0.09,0.0,0.0,650.11035,144.11887,451.2759,140.95145
0.12,0.0,0.0,711.51685,143.28802,512.6339,140.35588
0.15,0.0,0.0,772.8468,142.65118,574.23065,139.91867
0.18,0.0,0.0,834.0137,142.21666,635.88556,139.69763
0.21,0.0,0.0,894.9146,141.98943,697.57916,139.58354
0.24,0.0,0.0,955.38,142.05873,759.13763,139.6714
0.27,0.0,0.0,1015.23065,142.44772,820.6056,139.9232
0.0,0.03,0.0,467.84616,209.04036,270.6084,205.31355
0.03,0.03,0.0,528.73944,207.84195,330.53116,204.25098
0.06,0.03,0.0,589.816,206.74353,391.0322,203.36575
0.09,0.03,0.0,650.9744,205.80655,451.9729,202.74512
0.12,0.03,0.0,712.22284,204.94588,513.21686,202.29933
0.15,0.03,0.0,773.4076,204.23195,574.62604,201.96161
0.18,0.03,0.0,834.48126,203.64769,636.12946,201.7616
0.21,0.03,0.0,895.31104,203.26042,697.5901,201.66312
0.24,0.03,0.0,955.7181,203.12477,759.00867,201.6818
0.27,0.03,0.0,1015.568,203.23383,820.4205,201.82722
0.0,0.06,0.0,469.26236,270.3201,271.7155,266.32635
0.03,0.06,0.0,529.9966,269.2624,331.52765,265.4996
0.06,0.06,0.0,590.8673,268.2597,391.99625,264.89136
0.09,0.06,0.0,651.82056,267.33655,452.79987,264.43802
0.12,0.06,0.0,712.8782,266.4927,513.8712,264.0963
0.15,0.06,0.0,773.8545,265.7205,575.0836,263.8544
0.18,0.06,0.0,834.7771,265.04474,636.3394,263.68527
0.21,0.06,0.0,895.4784,264.51935,697.6122,263.56128
0.24,0.06,0.0,955.81305,264.18704,758.80493,263.50037
0.27,0.06,0.0,1015.61505,264.01105,819.93665,263.54095
0.0,0.09,0.0,470.7743,331.3393,273.03384,327.13812
0.03,0.09,0.0,531.3471,330.37,332.82785,326.55637
0.06,0.09,0.0,592.0246,329.4339,393.07785,326.11807
0.09,0.09,0.0,652.6886,328.49857,453.6998,325.80734
0.12,0.09,0.0,713.44745,327.65674,514.6085,325.5833
0.15,0.09,0.0,774.25214,326.8834,575.56244,325.36987
0.18,0.09,0.0,834.941,326.16895,636.55524,325.20172
0.21,0.09,0.0,895.50604,325.55197,697.5522,325.14417
0.24,0.09,0.0,955.6457,325.03403,758.4791,325.0213
0.27,0.09,0.0,1015.3968,324.67502,819.39935,324.97424
0.0,0.12,0.0,472.3971,391.95148,274.60938,387.65656
0.03,0.12,0.0,532.7321,391.02463,334.2997,387.2399
0.06,0.12,0.0,593.12006,390.19656,394.30984,386.97107
0.09,0.12,0.0,653.5486,389.31357,454.7189,386.76562
0.12,0.12,0.0,714.0215,388.44952,515.41016,386.55298
0.15,0.12,0.0,774.51276,387.63782,576.0822,386.40134
0.18,0.12,0.0,835.01013,386.88855,636.7636,386.3182
0.21,0.12,0.0,895.4024,386.20547,697.4874,386.2238
0.24,0.12,0.0,955.29266,385.54312,758.09863,386.0656
0.27,0.12,0.0,1014.8953,385.0576,818.7612,385.98566
0.0,0.15,0.0,474.08972,452.0311,276.43427,447.69116
0.03,0.15,0.0,534.14655,451.1743,335.8637,447.4605
0.06,0.15,0.0,594.19336,450.38947,395.62607,447.34473
0.09,0.15,0.0,654.3751,449.5398,455.8145,447.14896
0.12,0.15,0.0,714.57385,448.67273,516.20026,446.9837
0.15,0.15,0.0,774.7702,447.83942,576.5889,446.86307
0.18,0.15,0.0,835.0047,447.10388,636.9598,446.78085
0.21,0.15,0.0,895.1412,446.41574,697.3462,446.69708
0.24,0.15,0.0,954.86176,445.62518,757.6695,446.51065
0.27,0.15,0.0,1014.1973,445.00018,818.035,446.40646
0.0,0.18,0.0,475.77286,511.59503,278.4028,507.18564
0.03,0.18,0.0,535.5101,510.77203,337.47116,507.1257
0.06,0.18,0.0,595.31354,510.0005,397.03806,507.05914
0.09,0.18,0.0,655.1819,509.15036,456.9645,506.93872
0.12,0.18,0.0,715.09546,508.3619,517.0035,506.81052
0.15,0.18,0.0,774.99915,507.53278,577.0596,506.6971
0.18,0.18,0.0,834.9309,506.77844,637.1457,506.61026
0.21,0.18,0.0,894.7823,506.0592,697.1938,506.53223
0.24,0.18,0.0,954.2775,505.2484,757.24115,506.38107
0.27,0.18,0.0,1013.313,504.444,817.27966,506.24765
0.0,0.21,0.0,477.49384,570.57684,280.43542,566.0829
0.03,0.21,0.0,536.9055,569.8187,339.20712,566.1848
0.06,0.21,0.0,596.4389,568.9847,398.4961,566.14246
0.09,0.21,0.0,656.00903,568.1617,458.0673,566.053
0.12,0.21,0.0,715.632,567.4408,517.7526,566.0347
0.15,0.21,0.0,775.22205,566.5944,577.5197,565.87555
0.18,0.21,0.0,834.8636,565.8151,637.2917,565.7595
0.21,0.21,0.0,894.361,565.1024,697.05304,565.72534
0.24,0.21,0.0,953.55444,564.24756,756.80664,565.63293
0.27,0.21,0.0,1012.3027,563.3354,816.5196,565.4757
0.0,0.24,0.0,479.17603,628.96594,282.6121,624.3575
0.03,0.24,0.0,538.32043,628.2448,341.04785,624.5633
0.06,0.24,0.0,597.53827,627.3697,400.04608,624.5393
0.09,0.24,0.0,656.8005,626.62506,459.185,624.59875
0.12,0.24,0.0,716.13324,626.0095,518.4874,624.70184
0.15,0.24,0.0,775.4441,625.1008,577.97205,624.4927
0.18,0.24,0.0,834.6966,624.28326,637.416,624.3668
0.21,0.24,0.0,893.8764,623.54285,696.89105,624.3837
0.24,0.24,0.0,952.7135,622.556,756.3287,624.2128
0.27,0.24,0.0,1011.0975,621.52386,815.7207,624.07184
0.0,0.27,0.0,480.92032,686.73895,284.93826,681.86554
0.03,0.27,0.0,539.7304,686.00653,343.02173,682.16266
0.06,0.27,0.0,598.64777,685.0882,401.63217,682.19446
0.09,0.27,0.0,657.61914,684.39417,460.3801,682.33765
0.12,0.27,0.0,716.6286,683.94556,519.25653,682.6607
0.15,0.27,0.0,775.5632,682.9317,578.421,682.44135
0.18,0.27,0.0,834.4857,682.0574,637.5665,682.32
0.21,0.27,0.0,893.3617,681.37103,696.71625,682.44116
0.24,0.27,0.0,951.68823,680.10565,755.80005,682.1035
0.27,0.27,0.0,1009.7356,679.0365,814.86115,681.9708
0.0,0.0,0.0,614.2823,259.206,422.3526,255.97437
0.03,0.0,0.0,672.4511,256.51685,479.35864,253.74234
0.06,0.0,0.0,731.26575,253.84694,537.2083,251.5752
0.09,0.0,0.0,790.7595,251.25018,595.84576,249.4327
0.12,0.0,0.0,850.88477,248.74368,655.259,247.35522
0.15,0.0,0.0,911.4522,246.39978,715.40393,245.31496
0.18,0.0,0.0,972.3513,244.2108,776.1787,243.33607
0.21,0.0,0.0,1033.3365,242.2251,837.5733,241.40445
0.24,0.0,0.0,1094.2211,240.51013,899.4462,239.60988
0.27,0.0,0.0,1154.8575,239.02724,961.65173,238.00215
0.0,0.03,0.0,615.44354,317.7136,422.60242,314.58286
0.03,0.03,0.0,673.65814,315.37946,479.718,312.78928
0.06,0.03,0.0,732.5567,313.07352,537.66187,311.03506
0.09,0.03,0.0,792.18585,310.75174,596.4022,309.32672
0.12,0.03,0.0,852.4314,308.53015,655.8595,307.6305
0.15,0.03,0.0,913.1767,306.38,716.0423,305.93085
0.18,0.03,0.0,974.2621,304.37808,776.9451,304.23422
0.21,0.03,0.0,1035.4778,302.53738,838.44836,302.58603
0.24,0.03,0.0,1096.6147,300.88202,900.4645,301.0366
0.27,0.03,0.0,1157.4458,299.4825,962.8708,299.60184
0.0,0.06,0.0,616.59076,376.36664,422.9303,373.35916
0.03,0.06,0.0,674.8432,374.41458,480.13498,372.02264
0.06,0.06,0.0,733.8167,372.46902,538.1643,370.69617
0.09,0.06,0.0,793.50464,370.49408,596.93555,369.40646
0.12,0.06,0.0,853.8401,368.58286,656.4571,368.08633
0.15,0.06,0.0,914.7202,366.68594,716.662,366.73468
0.18,0.06,0.0,975.9655,364.90732,777.60455,365.36444
0.21,0.06,0.0,1037.3788,363.2488,839.20123,364.04074
0.24,0.06,0.0,1098.6969,361.65793,901.3766,362.7624
0.27,0.06,0.0,1159.7346,360.2633,963.88824,361.5383
0.0,0.09,0.0,617.72955,435.12143,423.29733,432.28384
0.03,0.09,0.0,676.05634,433.56808,480.6778,431.36475
0.06,0.09,0.0,735.0593,431.9155,538.65704,430.438
0.09,0.09,0.0,794.78046,430.3401,597.45526,429.50116
0.12,0.09,0.0,855.1904,428.75363,657.0305,428.57318
0.15,0.09,0.0,916.14777,427.21136,717.2265,427.59613
0.18,0.09,0.0,977.50696,425.63718,778.1752,426.5834
0.21,0.09,0.0,1039.0513,424.14557,839.8479,425.5938
0.24,0.09,0.0,1100.434,422.77032,902.1015,424.62262
0.27,0.09,0.0,1161.6165,421.44608,964.7227,423.69357
0.0,0.12,0.0,618.8793,493.96875,423.77515,491.27716
0.03,0.12,0.0,677.25665,492.74426,481.22342,490.73865
0.06,0.12,0.0,736.2394,491.51807,539.1533,490.19864
0.09,0.12,0.0,796.0462,490.254,597.9887,489.6186
0.12,0.12,0.0,856.4809,489.03122,657.5732,489.0276
0.15,0.12,0.0,917.4977,487.76913,717.7646,488.45847
0.18,0.12,0.0,978.9352,486.53192,778.7446,487.83514
0.21,0.12,0.0,1040.4958,485.26257,840.43463,487.20956
0.24,0.12,0.0,1101.9286,484.03293,902.7442,486.5592
0.27,0.12,0.0,1163.1586,482.75623,965.4234,485.93497
0.0,0.15,0.0,620.09204,552.7979,424.3488,550.2671
0.03,0.15,0.0,678.472,551.9533,481.72137,550.11865
0.06,0.15,0.0,737.4504,551.13513,539.65576,549.9609
0.09,0.15,0.0,797.2834,550.27563,598.53864,549.7557
0.12,0.15,0.0,857.7383,549.3407,658.0896,549.5028
0.15,0.15,0.0,918.71375,548.4082,718.323,549.296
0.18,0.15,0.0,980.1378,547.44257,779.3048,549.0982
0.21,0.15,0.0,1041.7305,546.4428,840.9864,548.87537
0.24,0.15,0.0,1103.1366,545.30994,903.2672,548.5399
0.27,0.15,0.0,1164.312,544.1178,965.8998,548.2345
0.0,0.18,0.0,621.27264,611.6409,424.95047,609.2268
0.03,0.18,0.0,679.5971,611.19354,482.15454,609.4894
0.06,0.18,0.0,738.64923,610.72345,540.22186,609.7299
0.09,0.18,0.0,798.46,610.2104,599.09576,609.8641
0.12,0.18,0.0,858.8918,609.6497,658.61523,610.0344
0.15,0.18,0.0,919.83624,609.0313,718.86194,610.1906
0.18,0.18,0.0,981.1918,608.2949,779.8308,610.3511
0.21,0.18,0.0,1042.7075,607.4966,841.45844,610.48865
0.24,0.18,0.0,1104.0383,606.53735,903.6752,610.5023
0.27,0.18,0.0,1165.0594,605.4126,966.26404,610.39484
0.0,0.21,0.0,622.45325,670.5208,425.5693,668.0865
0.03,0.21,0.0,680.77716,670.41876,482.70346,668.7932
0.06,0.21,0.0,739.87805,670.25214,540.8065,669.3581
0.09,0.21,0.0,799.62555,670.0831,599.6392,669.92004
0.12,0.21,0.0,859.98956,669.87604,659.08386,670.51154
0.15,0.21,0.0,920.8405,669.4638,719.3659,671.00653
0.18,0.21,0.0,982.0471,668.9895,780.3044,671.49335
0.21,0.21,0.0,1043.4009,668.3744,841.8636,671.97656
0.24,0.21,0.0,1104.6246,667.5225,903.97,672.2451
0.27,0.21,0.0,1165.5258,666.48193,966.4346,672.4163
0.0,0.24,0.0,623.6126,729.2629,426.28235,726.76215
0.03,0.24,0.0,681.9147,729.5414,483.3627,727.9085
0.06,0.24,0.0,741.04553,729.65607,541.4188,728.88885
0.09,0.24,0.0,800.7099,729.8115,600.1541,729.85596
0.12,0.24,0.0,860.95074,729.95935,659.5309,730.88525
0.15,0.24,0.0,921.7012,729.7299,719.7891,731.706
0.18,0.24,0.0,982.7122,729.4179,780.6639,732.4951
0.21,0.24,0.0,1043.8804,728.9821,842.1206,733.25195
0.24,0.24,0.0,1104.859,728.183,904.0732,733.76843
0.27,0.24,0.0,1165.5621,727.185,966.3866,734.1374
0.0,0.27,0.0,624.78656,787.822,427.03897,785.1339
0.03,0.27,0.0,683.08325,788.37805,484.09247,786.694
0.06,0.27,0.0,742.1363,788.77057,542.15155,788.0443
0.09,0.27,0.0,801.67426,789.18506,600.7444,789.4485
0.12,0.27,0.0,861.7557,789.7097,659.9561,790.98517
0.15,0.27,0.0,922.3113,789.6167,720.1522,792.04236
0.18,0.27,0.0,983.1003,789.44507,780.9153,793.0984
0.21,0.27,0.0,1044.0741,789.18805,842.1968,794.22296
0.24,0.27,0.0,1104.7267,788.28735,903.99817,794.8156
0.27,0.27,0.0,1165.2001,787.3937,966.05927,795.4031
0.0,0.0,0.0,614.36414,242.33289,412.90662,238.97356
0.03,0.0,0.0,675.5377,243.49692,475.1676,240.59587
0.06,0.0,0.0,735.9761,244.6941,536.82715,242.34352
0.09,0.0,0.0,795.6242,245.95639,597.8504,244.14056
0.12,0.0,0.0,854.3971,247.33676,658.1406,246.04593
0.15,0.0,0.0,912.2168,248.85327,717.67145,247.94916
0.18,0.0,0.0,968.95935,250.52478,776.37604,249.90025
0.21,0.0,0.0,1024.5669,252.31618,834.2544,251.91377
0.24,0.0,0.0,1078.813,254.29887,891.2012,253.98456
0.27,0.0,0.0,1131.697,256.3981,947.17224,256.1994
0.0,0.03,0.0,614.7252,304.06305,412.2548,300.76862
0.03,0.03,0.0,675.9982,304.83527,474.67563,302.14795
0.06,0.03,0.0,736.49634,305.62085,536.4478,303.59384
0.09,0.03,0.0,796.22327,306.5003,597.5419,305.0681
0.12,0.03,0.0,855.1051,307.44257,657.8767,306.5997
0.15,0.03,0.0,913.0854,308.44016,717.47314,308.11194
0.18,0.03,0.0,969.9778,309.5743,776.26733,309.6273
0.21,0.03,0.0,1025.7532,310.82986,834.2614,311.16797
0.24,0.03,0.0,1080.2194,312.22763,891.3137,312.78824
0.27,0.03,0.0,1133.2228,313.72998,947.41943,314.4624
0.0,0.06,0.0,615.1078,365.9864,411.7432,362.8498
0.03,0.06,0.0,676.35236,366.4106,474.23605,363.93484
0.06,0.06,0.0,736.95593,366.80048,536.1136,365.05008
0.09,0.06,0.0,796.7344,367.25668,597.2565,366.18378
0.12,0.06,0.0,855.71985,367.76178,657.62726,367.3411
0.15,0.06,0.0,913.75775,368.32504,717.20844,368.44968
0.18,0.06,0.0,970.85693,368.9472,776.09204,369.5508
0.21,0.06,0.0,1026.7642,369.688,834.1404,370.6664
0.24,0.06,0.0,1081.3104,370.5296,891.296,371.83795
0.27,0.06,0.0,1134.4608,371.42618,947.49634,373.04675
0.0,0.09,0.0,615.4828,428.02063,411.30115,425.07013
0.03,0.09,0.0,676.7314,428.06894,473.87894,425.8469
0.06,0.09,0.0,737.41473,428.10242,535.7999,426.594
0.09,0.09,0.0,797.2321,428.16727,596.9909,427.3671
0.12,0.09,0.0,856.1748,428.26004,657.3113,428.1281
0.15,0.09,0.0,914.3295,428.3891,716.907,428.84357
0.18,0.09,0.0,971.54474,428.52563,775.8558,429.53806
0.21,0.09,0.0,1027.5726,428.74734,833.9927,430.2572
0.24,0.09,0.0,1082.0994,429.04858,891.12964,430.9939
0.27,0.09,0.0,1135.4625,429.38736,947.43823,431.72104
0.0,0.12,0.0,615.8839,490.1366,410.94748,487.37857
0.03,0.12,0.0,677.1401,489.79153,473.55045,487.77396
0.06,0.12,0.0,737.8644,489.46323,535.5232,488.1455
0.09,0.12,0.0,797.6969,489.14117,596.69666,488.53284
0.12,0.12,0.0,856.6154,488.84357,657.0102,488.88416
0.15,0.12,0.0,914.7825,488.5221,716.581,489.2186
0.18,0.12,0.0,972.0576,488.24747,775.5822,489.5445
0.21,0.12,0.0,1028.1832,487.96094,833.7602,489.9045
0.24,0.12,0.0,1082.6238,487.70123,890.86945,490.1783
0.27,0.12,0.0,1136.0802,487.4295,947.2611,490.50546
0.0,0.15,0.0,616.26117,552.2739,410.65582,549.6939
0.03,0.15,0.0,677.5389,551.56335,473.22546,549.70667
0.06,0.15,0.0,738.27875,550.89026,535.23193,549.7273
0.09,0.15,0.0,798.10333,550.1731,596.4141,549.69165
0.12,0.15,0.0,857.0309,549.4413,656.6753,549.6375
0.15,0.15,0.0,915.1423,548.7223,716.30035,549.5977
0.18,0.15,0.0,972.4116,547.97345,775.24286,549.56604
0.21,0.15,0.0,1028.532,547.2082,833.4888,549.54767
0.24,0.15,0.0,1083.0348,546.3838,890.6033,549.4425
0.27,0.15,0.0,1136.3109,545.5637,946.8916,549.3045
0.0,0.18,0.0,616.6251,614.3976,410.40048,611.9376
0.03,0.18,0.0,677.97455,613.3218,472.94424,611.6162
0.06,0.18,0.0,738.58954,612.26984,534.8754,611.2619
0.09,0.18,0.0,798.3921,611.16785,596.01196,610.8488
0.12,0.18,0.0,857.4044,610.0301,656.402,610.4144
0.15,0.18,0.0,915.4797,608.8461,715.9866,610.02814
0.18,0.18,0.0,972.6039,607.65393,774.8933,609.61224
0.21,0.18,0.0,1028.6332,606.41016,833.06384,609.17773
0.24,0.18,0.0,1083.2303,605.0482,890.2439,608.65125
0.27,0.18,0.0,1136.3165,603.61615,946.3911,608.0485
0.0,0.21,0.0,617.04596,676.50146,410.2514,674.032
0.03,0.21,0.0,678.4066,675.0873,472.70944,673.4719
0.06,0.21,0.0,738.90546,673.56244,534.5504,672.71716
0.09,0.21,0.0,798.6732,672.0418,595.65717,671.9459
0.12,0.21,0.0,857.6947,670.53644,656.0861,671.195
0.15,0.21,0.0,915.6567,668.91327,715.658,670.3617
0.18,0.21,0.0,972.616,667.17834,774.497,669.52747
0.21,0.21,0.0,1028.5432,665.4123,832.6149,668.68915
0.24,0.21,0.0,1083.0422,663.50195,889.7416,667.7022
0.27,0.21,0.0,1136.0477,661.4698,945.76306,666.60535
0.0,0.24,0.0,617.4915,738.54205,410.2163,735.9502
0.03,0.24,0.0,678.77295,736.69147,472.5783,735.09283
0.06,0.24,0.0,739.1808,734.6982,534.25586,733.9777
0.09,0.24,0.0,798.89545,732.7901,595.3383,732.91174
0.12,0.24,0.0,857.9306,730.9184,655.7794,731.86646
0.15,0.24,0.0,915.6493,728.6845,715.2539,730.5633
0.18,0.24,0.0,972.4363,726.4711,774.01086,729.3102
0.21,0.24,0.0,1028.275,724.1747,832.09485,728.02856
0.24,0.24,0.0,1082.5273,721.6511,889.01105,726.54724
0.27,0.24,0.0,1135.4279,719.00665,945.01984,724.9942
0.0,0.27,0.0,617.978,800.23267,410.3723,797.4576
0.03,0.27,0.0,679.12195,797.96234,472.51947,796.2891
0.06,0.27,0.0,739.37335,795.51935,534.0763,794.84973
0.09,0.27,0.0,798.9882,793.16296,595.01324,793.4975
0.12,0.27,0.0,858.0098,790.927,655.4604,792.2041
0.15,0.27,0.0,915.48376,788.1481,714.7806,790.42816
0.18,0.27,0.0,972.07477,785.331,773.4371,788.711
0.21,0.27,0.0,1027.837,782.56805,831.4488,787.06506
0.24,0.27,0.0,1081.6461,779.37164,888.11975,784.9781
0.27,0.27,0.0,1134.525,776.15094,944.04205,782.99414
0.0,0.0,0.0,612.14886,259.1035,419.82697,256.02206
0.03,0.0,0.0,671.06134,258.33905,478.68317,255.69751
0.06,0.0,0.0,729.96075,257.6525,537.71594,255.48729
0.09,0.0,0.0,788.8227,257.01794,596.8144,255.33652
0.12,0.0,0.0,847.535,256.52545,655.93,255.27467
0.15,0.0,0.0,905.95953,256.15994,715.0096,255.28088
0.18,0.0,0.0,963.99493,255.98068,774.0169,255.31165
0.21,0.0,0.0,1021.4829,255.95245,832.8395,255.44093
0.24,0.0,0.0,1078.2041,256.13852,891.4451,255.67386
0.27,0.0,0.0,1134.1344,256.56705,949.67267,256.009
0.0,0.03,0.0,612.64105,316.3817,418.5194,313.34006
0.03,0.03,0.0,671.9418,315.62943,477.7863,313.1176
0.06,0.03,0.0,731.22345,314.91574,537.22015,312.97064
0.09,0.03,0.0,790.46967,314.23944,596.70135,312.90933
0.12,0.03,0.0,849.5845,313.64462,656.1572,312.83063
0.15,0.03,0.0,908.43365,313.15277,715.61127,312.79764
0.18,0.03,0.0,966.93866,312.7785,774.99286,312.75967
0.21,0.03,0.0,1024.8652,312.5511,834.26434,312.75623
0.24,0.03,0.0,1082.0884,312.51114,893.2663,312.8793
0.27,0.03,0.0,1138.3958,312.63516,951.9315,313.0481
0.0,0.06,0.0,613.2118,374.42737,417.27637,371.4869
0.03,0.06,0.0,672.80133,373.6812,476.9481,371.3337
0.06,0.06,0.0,732.46515,372.92883,536.7563,371.24554
0.09,0.06,0.0,792.0513,372.2119,596.57074,371.1662
0.12,0.06,0.0,851.5451,371.5928,656.40137,371.1476
0.15,0.06,0.0,910.81744,370.98346,716.14105,371.0591
0.18,0.06,0.0,969.7608,370.44604,775.871,370.95557
0.21,0.06,0.0,1028.1266,370.03156,835.5196,370.89758
0.24,0.06,0.0,1085.7505,369.73975,894.9496,370.9018
0.27,0.06,0.0,1142.4276,369.60236,954.01215,370.9728
0.0,0.09,0.0,613.7119,433.1433,416.0566,430.30075
0.03,0.09,0.0,673.7024,432.4582,476.15338,430.28268
0.06,0.09,0.0,733.67206,431.629,536.29004,430.14038
0.09,0.09,0.0,793.63196,430.898,596.4703,430.10562
0.12,0.09,0.0,853.45233,430.2344,656.5753,430.09982
0.15,0.09,0.0,913.1161,429.58087,716.66223,429.99454
0.18,0.09,0.0,972.4605,428.8941,776.7485,429.83237
0.21,0.09,0.0,1031.2676,428.29135,836.7671,429.68463
0.24,0.09,0.0,1089.1036,427.82858,896.53033,429.68942
0.27,0.09,0.0,1146.2366,427.36548,955.97614,429.58432
0.0,0.12,0.0,614.25775,492.58444,414.93546,489.85916
0.03,0.12,0.0,674.5759,491.87326,475.3915,489.88193
0.06,0.12,0.0,734.93726,491.04825,535.83575,489.72006
0.09,0.12,0.0,795.1837,490.30222,596.33484,489.65726
0.12,0.12,0.0,855.35175,489.60452,656.76874,489.64172
0.15,0.12,0.0,915.3292,488.867,717.16595,489.52155
0.18,0.12,0.0,975.029,488.04437,777.5828,489.3626
0.21,0.12,0.0,1034.1891,487.3099,837.96295,489.18896
0.24,0.12,0.0,1092.3406,486.63055,898.00415,489.1306
0.27,0.12,0.0,1149.7422,485.8417,957.85486,488.93692
0.0,0.15,0.0,614.8383,552.6773,413.89017,550.07965
0.03,0.15,0.0,675.48047,551.9492,474.59628,550.08215
0.06,0.15,0.0,736.15466,551.1259,535.3745,549.9531
0.09,0.15,0.0,796.7706,550.38153,596.2019,549.87006
0.12,0.15,0.0,857.2013,549.6142,656.94525,549.8252
0.15,0.15,0.0,917.5279,548.7833,717.6842,549.7182
0.18,0.15,0.0,977.4833,547.913,778.43005,549.55255
0.21,0.15,0.0,1036.9431,546.9415,839.09674,549.3673
0.24,0.15,0.0,1095.3307,546.0434,899.4784,549.215
0.27,0.15,0.0,1152.9457,545.01074,959.54596,548.96857
0.0,0.18,0.0,615.41797,613.39355,412.84113,610.8595
0.03,0.18,0.0,676.3718,612.6593,473.79486,610.8808
0.06,0.18,0.0,737.3607,611.86456,534.8852,610.8339
0.09,0.18,0.0,798.26996,611.09393,596.0379,610.73425
0.12,0.18,0.0,859.0463,610.2414,657.12146,610.6583
0.15,0.18,0.0,919.617,609.33875,718.16595,610.532
0.18,0.18,0.0,979.7709,608.34845,779.1911,610.38257
0.21,0.18,0.0,1039.4081,607.21747,840.16406,610.1663
0.24,0.18,0.0,1098.1384,606.01086,900.8718,609.88416
0.27,0.18,0.0,1155.819,604.67566,961.1134,609.52405
0.0,0.21,0.0,615.9953,674.7623,411.84973,672.17535
0.03,0.21,0.0,677.2836,674.00903,473.0669,672.2705
0.06,0.21,0.0,738.5587,673.2091,534.4615,672.26807
0.09,0.21,0.0,799.7728,672.34814,595.86804,672.2016
0.12,0.21,0.0,860.83856,671.42163,657.2847,672.0835
0.15,0.21,0.0,921.5795,670.3927,718.6328,671.9429
0.18,0.21,0.0,981.9223,669.2337,779.9483,671.7647
0.21,0.21,0.0,1041.7338,667.9212,841.163,671.4843
0.24,0.21,0.0,1100.5724,666.4151,902.09576,671.1006
0.27,0.21,0.0,1158.3967,664.75775,962.5577,670.55225
0.0,0.24,0.0,616.60535,736.6256,410.98166,733.89813
0.03,0.24,0.0,678.2111,735.9123,472.44025,734.10834
0.06,0.24,0.0,739.7241,735.0657,534.05566,734.2139
0.09,0.24,0.0,801.1621,734.1177,595.7434,734.16724
0.12,0.24,0.0,862.51886,733.08704,657.4298,734.09106
0.15,0.24,0.0,923.37775,731.86957,719.0549,733.89105
0.18,0.24,0.0,983.8385,730.49084,780.61774,733.6305
0.21,0.24,0.0,1043.7853,728.89734,842.08154,733.25037
0.24,0.24,0.0,1102.6903,727.0822,903.1315,732.6968
0.27,0.24,0.0,1160.6383,725.0975,963.7609,731.9172
0.0,0.27,0.0,617.23846,798.9369,410.2635,795.894
0.03,0.27,0.0,679.0656,798.12524,471.87866,796.2406
0.06,0.27,0.0,740.83246,797.1761,533.72186,796.3903
0.09,0.27,0.0,802.4703,796.13995,595.6119,796.4373
0.12,0.27,0.0,864.0595,795.0271,657.54333,796.40283
0.15,0.27,0.0,924.98145,793.56866,719.4048,796.122
0.18,0.27,0.0,985.5233,791.9314,781.184,795.7427
0.21,0.27,0.0,1045.6034,790.0923,842.81696,795.253
0.24,0.27,0.0,1104.3712,787.89435,903.9486,794.4621
0.27,0.27,0.0,1162.48,785.49854,964.7749,793.52356
0.0,0.0,0.0,609.86145,247.01442,408.6908,243.7412
0.03,0.0,0.0,671.6426,246.10814,470.38068,243.23877
0.06,0.0,0.0,733.4173,245.2551,532.27527,242.90851
0.09,0.0,0.0,795.1355,244.53078,594.28534,242.65964
0.12,0.0,0.0,856.72345,243.94328,656.3707,242.49672
0.15,0.0,0.0,918.01526,243.53058,718.44037,242.39433
0.18,0.0,0.0,978.8352,243.30148,780.3621,242.36401
0.21,0.0,0.0,1039.0146,243.30663,842.1914,242.50443
0.24,0.0,0.0,1098.394,243.59544,903.7047,242.7559
0.27,0.0,0.0,1156.7579,244.12372,964.791,243.1803
0.0,0.03,0.0,610.9047,309.05374,409.74945,305.83182
0.03,0.03,0.0,672.4367,308.14154,471.26224,305.4887
0.06,0.03,0.0,733.9808,307.28757,532.9589,305.25778
0.09,0.03,0.0,795.4906,306.49588,594.7221,305.06723
0.12,0.03,0.0,856.88574,305.80612,656.5079,304.92807
0.15,0.03,0.0,918.0222,305.2294,718.31445,304.79022
0.18,0.03,0.0,978.7695,304.8023,780.0485,304.70654
0.21,0.03,0.0,1038.9009,304.60526,841.6286,304.71136
0.24,0.03,0.0,1098.2057,304.58707,902.9812,304.82083
0.27,0.03,0.0,1156.5449,304.76413,963.9576,305.07434
0.0,0.06,0.0,611.9594,370.6428,410.92935,367.58426
0.03,0.06,0.0,673.2003,369.758,472.2044,367.34705
0.06,0.06,0.0,734.47736,368.90134,533.6378,367.17612
0.09,0.06,0.0,795.7451,368.08377,595.1446,367.02783
0.12,0.06,0.0,856.9135,367.37885,656.6561,366.8909
0.15,0.06,0.0,917.89795,366.6533,718.1265,366.7601
0.18,0.06,0.0,978.4991,366.11816,779.6041,366.63876
0.21,0.06,0.0,1038.5082,365.65387,840.9615,366.53052
0.24,0.06,0.0,1097.6603,365.36,902.11505,366.5275
0.27,0.06,0.0,1155.8937,365.26193,962.86945,366.61798
0.0,0.09,0.0,612.9823,431.71454,412.12222,428.84497
0.03,0.09,0.0,673.96893,430.83548,473.22247,428.65616
0.06,0.09,0.0,734.95355,430.02347,534.3588,428.54196
0.09,0.09,0.0,795.9647,429.19135,595.5832,428.38812
0.12,0.09,0.0,856.8592,428.39383,656.7648,428.23697
0.15,0.09,0.0,917.58606,427.639,717.897,428.0978
0.18,0.09,0.0,978.03033,426.98898,779.07965,427.9702
0.21,0.09,0.0,1037.8564,426.3835,840.2119,427.8419
0.24,0.09,0.0,1096.817,425.82404,901.083,427.73254
0.27,0.09,0.0,1154.9429,425.38116,961.6506,427.70502
0.0,0.12,0.0,614.02545,492.26257,413.45416,489.53354
0.03,0.12,0.0,674.7247,491.36285,474.2528,489.32498
0.06,0.12,0.0,735.4602,490.60403,535.0851,489.28082
0.09,0.12,0.0,796.15576,489.76746,595.998,489.12094
0.12,0.12,0.0,856.73944,488.88867,656.8393,488.934
0.15,0.12,0.0,917.20087,488.08487,717.67914,488.76572
0.18,0.12,0.0,977.40076,487.33554,778.54047,488.68692
0.21,0.12,0.0,1037.0686,486.63974,839.41656,488.5838
0.24,0.12,0.0,1095.7045,485.805,899.9533,488.35593
0.27,0.12,0.0,1153.6445,485.14938,960.28534,488.28052
0.0,0.15,0.0,615.08167,552.1525,414.81946,549.5486
0.03,0.15,0.0,675.4543,551.29443,475.2884,549.4146
0.06,0.15,0.0,735.88367,550.5715,535.7546,549.4107
0.09,0.15,0.0,796.325,549.72034,596.37134,549.2189
0.12,0.15,0.0,856.5983,548.8321,656.9323,549.0138
0.15,0.15,0.0,916.73816,548.00507,717.45245,548.8541
0.18,0.15,0.0,976.6083,547.15375,777.9915,548.75
0.21,0.15,0.0,1035.9755,546.3197,838.5598,548.6876
0.24,0.15,0.0,1094.3523,545.29755,898.77856,548.39966
0.27,0.15,0.0,1151.9729,544.31885,958.751,548.1915
0.0,0.18,0.0,616.1147,611.45935,416.20984,608.8855
0.03,0.18,0.0,676.18243,610.6845,476.26065,608.89197
0.06,0.18,0.0,736.2854,609.92474,536.4828,608.8377
0.09,0.18,0.0,796.39105,609.0783,596.74896,608.6484
0.12,0.18,0.0,856.3985,608.2107,656.9771,608.47565
0.15,0.18,0.0,916.16595,607.26685,717.1965,608.3247
0.18,0.18,0.0,975.6686,606.3346,777.4413,608.2193
0.21,0.18,0.0,1034.6344,605.32556,837.57996,608.1095
0.24,0.18,0.0,1092.7899,604.1488,897.53235,607.8246
0.27,0.18,0.0,1149.9606,602.83026,957.077,607.4659
0.0,0.21,0.0,617.128,670.19543,417.66083,667.57983
0.03,0.21,0.0,676.9109,669.4559,477.33917,667.6596
0.06,0.21,0.0,736.6934,668.5742,537.2091,667.5485
0.09,0.21,0.0,796.4278,667.70056,597.11804,667.3984
0.12,0.21,0.0,856.1425,666.88544,657.0425,667.3712
0.15,0.21,0.0,915.50354,665.84143,716.928,667.14655
0.18,0.21,0.0,974.588,664.74945,776.80035,666.97754
0.21,0.21,0.0,1033.167,663.59393,836.6046,666.8305
0.24,0.21,0.0,1090.9464,662.203,896.144,666.4735
0.27,0.21,0.0,1147.7408,660.64166,955.31226,666.00275
0.0,0.24,0.0,618.16516,728.2738,419.19485,725.4774
0.03,0.24,0.0,677.6082,727.5488,478.4411,725.65533
0.06,0.24,0.0,737.04047,726.5561,537.9682,725.4906
0.09,0.24,0.0,796.4276,725.6875,597.5141,725.4895
0.12,0.24,0.0,855.7585,724.8988,657.0867,725.5607
0.15,0.24,0.0,914.6947,723.64734,716.60736,725.2502
0.18,0.24,0.0,973.3072,722.3776,776.1189,724.9933
0.21,0.24,0.0,1031.5175,721.09625,835.5223,724.833
0.24,0.24,0.0,1088.7494,719.3989,894.6182,724.2886
0.27,0.24,0.0,1145.1991,717.62036,953.3738,723.6738
0.0,0.27,0.0,619.1861,785.58105,420.77167,782.5465
0.03,0.27,0.0,678.2704,784.7587,479.66742,782.73224
0.06,0.27,0.0,737.3287,783.6481,538.7588,782.56836
0.09,0.27,0.0,796.32745,782.7482,597.9103,782.62964
0.12,0.27,0.0,855.3147,782.0336,657.0901,782.91077
0.15,0.27,0.0,913.7458,780.53906,716.2284,782.4346
0.18,0.27,0.0,971.87305,779.0773,775.33606,782.1088
0.21,0.27,0.0,1029.6293,777.7165,834.35095,781.933
0.24,0.27,0.0,1086.3257,775.57886,892.9409,781.1126
0.27,0.27,0.0,1142.3792,773.6244,951.2773,780.4212
0.0,0.0,0.0,477.0215,360.17865,284.49554,356.04056
0.03,0.0,0.0,534.4692,358.04944,340.1451,354.34396
0.06,0.0,0.0,592.65125,355.91608,396.87195,352.71057
0.09,0.0,0.0,651.5986,353.76965,454.62665,351.15775
0.12,0.0,0.0,711.35944,351.63574,513.295,349.60635
0.15,0.0,0.0,771.8585,349.5224,572.8029,348.11618
0.18,0.0,0.0,833.0405,347.40356,633.101,346.61868
0.21,0.0,0.0,894.82465,345.34293,694.1388,345.07892
0.24,0.0,0.0,957.04114,343.40616,755.89905,343.5377
0.27,0.0,0.0,1019.49164,341.61203,818.4456,342.01974
0.0,0.03,0.0,478.09195,419.03995,284.68582,414.81537
0.03,0.03,0.0,535.6081,417.31226,340.43018,413.64453
0.06,0.03,0.0,593.82935,415.55637,397.28998,412.46365
0.09,0.03,0.0,652.8358,413.7996,455.11322,411.3613
0.12,0.03,0.0,712.63416,412.05002,513.8682,410.27954
0.15,0.03,0.0,773.17035,410.29785,573.3897,409.19812
0.18,0.03,0.0,834.44434,408.5244,633.68695,408.0856
0.21,0.03,0.0,896.2974,406.8195,694.715,406.95004
0.24,0.03,0.0,958.6279,405.13202,756.5449,405.77902
0.27,0.03,0.0,1021.22656,403.53845,819.1289,404.62653
0.0,0.06,0.0,479.21454,477.9821,285.03018,473.71478
0.03,0.06,0.0,536.72253,476.63525,340.8187,473.0319
0.06,0.06,0.0,594.99316,475.28204,397.69595,472.361
0.09,0.06,0.0,654.0393,473.92685,455.61328,471.65134
0.12,0.06,0.0,713.8848,472.5315,514.4087,470.9645
0.15,0.06,0.0,774.4494,471.17123,573.93286,470.29547
0.18,0.06,0.0,835.7682,469.7741,634.24097,469.55832
0.21,0.06,0.0,897.67725,468.37827,695.2992,468.81726
0.24,0.06,0.0,960.0954,466.99713,757.1136,468.05203
0.27,0.06,0.0,1022.7378,465.6565,819.7421,467.26117
0.0,0.09,0.0,480.2911,536.94147,285.4659,532.6401
0.03,0.09,0.0,537.92584,536.003,341.35526,532.4482
0.06,0.09,0.0,596.15674,535.0354,398.1875,532.2252
0.09,0.09,0.0,655.24884,534.0802,456.08737,531.9597
0.12,0.09,0.0,715.12225,533.0799,514.9552,531.6431
0.15,0.09,0.0,775.66675,532.0839,574.50305,531.3325
0.18,0.09,0.0,837.0154,531.06415,634.7562,531.033
0.21,0.09,0.0,898.9642,530.07874,695.8796,530.71124
0.24,0.09,0.0,961.4275,528.9988,757.6753,530.34265
0.27,0.09,0.0,1024.0704,527.8501,820.3041,529.9776
0.0,0.12,0.0,481.4979,595.9553,286.13968,591.53827
0.03,0.12,0.0,539.1595,595.36426,342.07315,591.82245
0.06,0.12,0.0,597.3293,594.8502,398.7034,592.1008
0.09,0.12,0.0,656.45776,594.2238,456.61145,592.25104
0.12,0.12,0.0,716.3622,593.5941,515.5153,592.3289
0.15,0.12,0.0,776.9775,592.9844,575.0414,592.4159
0.18,0.12,0.0,838.2594,592.3627,635.29114,592.499
0.21,0.12,0.0,900.2113,591.7197,696.35956,592.5791
0.24,0.12,0.0,962.54565,590.88245,758.25653,592.62415
0.27,0.12,0.0,1025.1456,590.0008,820.8422,592.6727
0.0,0.15,0.0,482.77374,654.86316,287.03702,650.27246
0.03,0.15,0.0,540.32697,654.7228,342.79575,651.0806
0.06,0.15,0.0,598.5411,654.6101,399.38916,651.87726
0.09,0.15,0.0,657.6712,654.3999,457.24042,652.49585
0.12,0.15,0.0,717.59125,654.12964,516.0685,652.9811
0.15,0.15,0.0,778.1697,653.86346,575.5858,653.48706
0.18,0.15,0.0,839.44745,653.58905,635.8413,653.97253
0.21,0.15,0.0,901.27515,653.2377,696.86505,654.4896
0.24,0.15,0.0,963.56256,652.6847,758.7952,654.8631
0.27,0.15,0.0,1026.0398,652.0134,821.30597,655.25116
0.0,0.18,0.0,484.0852,713.68976,288.12296,708.76587
0.03,0.18,0.0,541.5301,714.0129,343.5825,710.1715
0.06,0.18,0.0,599.8124,714.2839,400.24258,711.4092
0.09,0.18,0.0,658.9116,714.4502,457.9799,712.49536
0.12,0.18,0.0,718.741,714.57874,516.6332,713.511
0.15,0.18,0.0,779.3239,714.6452,576.1192,714.43494
0.18,0.18,0.0,840.50464,714.68,636.389,715.35
0.21,0.18,0.0,902.25464,714.6269,697.38354,716.24036
0.24,0.18,0.0,964.3586,714.27435,759.1883,717.0009
0.27,0.18,0.0,1026.6356,713.7761,821.64606,717.6888
0.0,0.21,0.0,485.4564,772.23566,289.3393,766.9207
0.03,0.21,0.0,542.8226,773.08,344.61032,768.8924
0.06,0.21,0.0,601.1357,773.67267,401.2222,770.6044
0.09,0.21,0.0,660.1926,774.2256,458.85693,772.1951
0.12,0.21,0.0,719.88,774.81726,517.25214,773.7807
0.15,0.21,0.0,780.37463,775.16455,576.6808,775.1142
0.18,0.21,0.0,841.4303,775.44305,636.89276,776.4054
0.21,0.21,0.0,903.0056,775.6151,697.83527,777.69977
0.24,0.21,0.0,964.9275,775.46765,759.555,778.8086
0.27,0.21,0.0,1026.9647,775.09314,821.86804,779.7908
0.0,0.24,0.0,486.94214,830.47205,290.72675,824.6265
0.03,0.24,0.0,544.1992,831.72864,345.90384,827.1341
0.06,0.24,0.0,602.48004,832.6669,402.44406,829.3108
0.09,0.24,0.0,661.3591,833.6471,459.78494,831.4725
0.12,0.24,0.0,720.9326,834.63916,517.9612,833.6011
0.15,0.24,0.0,781.30994,835.2428,577.3323,835.3336
0.18,0.24,0.0,842.2245,835.725,637.41705,837.0106
0.21,0.24,0.0,903.5428,836.1516,698.198,838.7278
0.24,0.24,0.0,965.1844,836.11285,759.7839,840.089
0.27,0.24,0.0,1026.9644,835.8257,821.9108,841.32404
0.0,0.27,0.0,488.5535,888.1463,292.39423,881.7335
0.03,0.27,0.0,545.73944,889.7369,347.41345,884.7239
0.06,0.27,0.0,603.8566,891.0456,403.8203,887.3569
0.09,0.27,0.0,662.5721,892.4321,460.8981,890.0795
0.12,0.27,0.0,721.8855,893.92816,518.7702,892.84564
0.15,0.27,0.0,782.1196,894.65405,578.0064,894.9109
0.18,0.27,0.0,842.7678,895.3442,637.9253,897.0046
0.21,0.27,0.0,903.84955,896.0206,698.477,899.1409
0.24,0.27,0.0,965.1659,895.9323,759.86804,900.6168
0.27,0.27,0.0,1026.5863,895.8232,821.7733,902.2164
