0.0,0.0,0.0,479.41943,162.14983,291.0214,159.6007
0.03,0.0,0.0,536.4332,158.69196,345.86447,156.26143
0.06,0.0,0.0,594.2455,155.29738,401.83264,153.06874
0.09,0.0,0.0,652.7808,152.0015,458.82562,150.00871
0.12,0.0,0.0,712.07825,148.81435,516.798,147.10847
0.15,0.0,0.0,771.9703,145.78543,575.6082,144.34663
0.18,0.0,0.0,832.394,142.90143,635.2962,141.68124
0.21,0.0,0.0,893.22266,140.2125,695.67615,139.12672
0.24,0.0,0.0,954.35986,137.7179,756.73413,136.68039
0.27,0.0,0.0,1015.6179,135.57072,818.40924,134.44254
0.0,0.03,0.0,480.17392,219.99843,290.36148,216.90474
0.03,0.03,0.0,537.385,216.93558,345.42303,214.0991
0.06,0.03,0.0,595.35333,213.93301,401.60654,211.45015
0.09,0.03,0.0,654.03894,211.07271,458.7605,208.91472
0.12,0.03,0.0,713.45197,208.1633,516.926,206.48239
0.15,0.03,0.0,773.507,205.40274,575.9087,204.1328
0.18,0.03,0.0,834.1248,202.67747,635.7313,201.85474
0.21,0.03,0.0,895.2074,200.16473,696.22327,199.63054
0.24,0.03,0.0,956.6106,197.83476,757.45526,197.4913
0.27,0.03,0.0,1018.1447,195.7389,819.3347,195.4789
0.0,0.06,0.0,481.0699,278.25424,289.90594,274.68506
0.03,0.06,0.0,538.3866,275.64706,345.13828,272.4667
0.06,0.06,0.0,596.46796,273.06656,401.50403,270.29053
0.09,0.06,0.0,655.25586,270.499,458.86844,268.27588
0.12,0.06,0.0,714.7482,267.96957,517.1571,266.31094
0.15,0.06,0.0,774.8952,265.4419,576.2255,264.3997
0.18,0.06,0.0,835.68536,263.00073,636.111,262.51788
0.21,0.06,0.0,896.969,260.67633,696.7294,260.64102
0.24,0.06,0.0,958.61444,258.5156,758.0599,258.85666
0.27,0.06,0.0,1020.3919,256.54172,820.07135,257.0571
0.0,0.09,0.0,482.04367,336.79825,289.66132,332.8624
0.03,0.09,0.0,539.50214,334.61322,345.15637,331.16544
0.06,0.09,0.0,597.5475,332.37836,401.5468,329.48425
0.09,0.09,0.0,656.4374,330.21237,459.03836,327.89764
0.12,0.09,0.0,716.02826,328.0545,517.47516,326.43396
0.15,0.09,0.0,776.28033,325.84308,576.60815,324.94177
0.18,0.09,0.0,837.12616,323.64105,636.49115,323.43484
0.21,0.09,0.0,898.5732,321.55215,697.18243,321.9166
0.24,0.09,0.0,960.38556,319.64133,758.6125,320.4774
0.27,0.09,0.0,1022.39233,317.80908,820.6953,318.9902
0.0,0.12,0.0,483.08698,395.51913,289.62943,391.31094
0.03,0.12,0.0,540.6758,393.73828,345.3138,390.0898
0.06,0.12,0.0,598.6872,391.8799,401.7018,388.8803
0.09,0.12,0.0,657.606,390.08392,459.30643,387.7498
0.12,0.12,0.0,717.2777,388.2538,517.8684,386.68384
0.15,0.12,0.0,777.5402,386.3924,577.0266,385.6069
0.18,0.12,0.0,838.52124,384.5159,636.9376,384.4993
0.21,0.12,0.0,900.0504,382.70068,697.5886,383.35498
0.24,0.12,0.0,961.97974,381.04416,759.0963,382.25977
0.27,0.12,0.0,1024.1245,379.34067,821.21405,381.12592
0.0,0.15,0.0,484.23166,454.32532,289.8509,449.86636
0.03,0.15,0.0,541.79376,452.8722,345.51935,449.13705
0.06,0.15,0.0,599.8752,451.44788,401.97476,448.39496
0.09,0.15,0.0,658.7974,449.9918,459.66086,447.69547
0.12,0.15,0.0,718.4626,448.53235,518.24554,446.9847
0.15,0.15,0.0,778.75574,447.01938,577.447,446.30173
0.18,0.15,0.0,839.7815,445.51456,637.35443,445.59116
0.21,0.15,0.0,901.41254,444.00742,697.9751,444.84467
0.24,0.15,0.0,963.4176,442.57672,759.49896,444.12186
0.27,0.15,0.0,1025.6439,441.16644,821.68695,443.3716
0.0,0.18,0.0,485.3976,513.1738,290.2162,508.5254
0.03,0.18,0.0,542.8519,512.10474,345.75964,508.24326
0.06,0.18,0.0,601.09143,511.00845,402.41367,507.9603
0.09,0.18,0.0,659.9966,509.91928,460.12152,507.67654
0.12,0.18,0.0,719.6226,508.8144,518.6113,507.32678
0.15,0.18,0.0,779.9601,507.6676,577.8266,507.0027
0.18,0.18,0.0,840.9813,506.54993,637.7575,506.68292
0.21,0.18,0.0,902.6601,505.3869,698.42993,506.37195
0.24,0.18,0.0,964.6964,504.218,759.87885,505.9977
0.27,0.18,0.0,1026.9288,503.08203,822.12103,505.61215
0.0,0.21,0.0,486.46646,572.0386,290.65585,567.1525
0.03,0.21,0.0,543.94885,571.3194,346.14664,567.34894
0.06,0.21,0.0,602.24274,570.57544,402.9448,567.4895
0.09,0.21,0.0,661.2082,569.82117,460.58536,567.57556
0.12,0.21,0.0,720.7845,569.1226,518.96594,567.6754
0.15,0.21,0.0,781.1496,568.36255,578.2119,567.71454
0.18,0.21,0.0,842.2043,567.59467,638.19904,567.76874
0.21,0.21,0.0,903.8178,566.775,698.82996,567.8449
0.24,0.21,0.0,965.8381,565.9263,760.2835,567.8716
0.27,0.21,0.0,1028.0637,564.9468,822.53345,567.88684
0.0,0.24,0.0,487.60468,630.92804,291.2207,625.6885
0.03,0.24,0.0,545.0722,630.6066,346.71082,626.39343
0.06,0.24,0.0,603.4359,630.1784,403.53238,626.9263
0.09,0.24,0.0,662.37366,629.80945,461.0404,627.49585
0.12,0.24,0.0,721.9197,629.4985,519.2576,628.0336
0.15,0.24,0.0,782.331,629.0432,578.5916,628.4254
0.18,0.24,0.0,843.33575,628.6049,638.58105,628.86206
0.21,0.24,0.0,904.89606,628.1656,699.20337,629.3627
0.24,0.24,0.0,966.80756,627.5273,760.67584,629.75415
0.27,0.24,0.0,1028.9471,626.7914,822.86334,630.13654
0.0,0.27,0.0,488.72748,689.71326,291.95795,684.04456
0.03,0.27,0.0,546.26135,689.7467,347.43744,685.23596
0.06,0.27,0.0,604.64825,689.70166,404.1819,686.25653
0.09,0.27,0.0,663.5486,689.6893,461.60028,687.2575
0.12,0.27,0.0,723.01135,689.8539,519.6573,688.32184
0.15,0.27,0.0,783.41223,689.6621,578.9959,689.0631
0.18,0.27,0.0,844.38226,689.54315,638.94324,689.89685
0.21,0.27,0.0,905.8342,689.41644,699.5161,690.82306
0.24,0.27,0.0,967.60284,688.88214,761.0306,691.47906
0.27,0.27,0.0,1029.585,688.3859,823.0841,692.2456
0.0,0.0,0.0,472.72717,347.29285,269.1957,343.23584
0.03,0.0,0.0,535.29645,347.82703,331.83237,344.28116
0.06,0.0,0.0,597.0877,348.42926,394.20352,345.44077
0.09,0.0,0.0,658.1966,348.99905,456.20193,346.72513
0.12,0.0,0.0,718.4956,349.619,517.5952,348.08124
0.15,0.0,0.0,777.9995,350.24014,578.36755,349.4555
0.18,0.0,0.0,836.7011,350.8763,638.2828,350.80975
0.21,0.0,0.0,894.50934,351.5931,697.51434,352.17194
0.24,0.0,0.0,951.30414,352.38025,756.0057,353.50107
0.27,0.0,0.0,1007.04156,353.25748,813.76807,354.84634
0.0,0.03,0.0,473.01425,409.7509,268.36252,405.3245
0.03,0.03,0.0,535.6573,409.92087,331.10773,406.17477
0.06,0.03,0.0,597.5124,410.09204,393.63327,407.05984
0.09,0.03,0.0,658.531,410.32788,455.6776,408.01886
0.12,0.03,0.0,718.8586,410.50983,517.1421,409.04333
0.15,0.03,0.0,778.4215,410.74432,577.8626,410.044
0.18,0.03,0.0,837.14343,410.98752,637.8657,411.03098
0.21,0.03,0.0,895.0328,411.2537,697.0906,412.01425
0.24,0.03,0.0,951.9628,411.58792,755.6046,412.98788
0.27,0.03,0.0,1007.74255,411.9698,813.3908,413.9454
0.0,0.06,0.0,473.33096,472.2307,267.73532,467.55576
0.03,0.06,0.0,535.9673,472.05206,330.52988,468.158
0.06,0.06,0.0,597.8612,471.85117,393.09982,468.75342
0.09,0.06,0.0,658.9078,471.6646,455.15912,469.4172
0.12,0.06,0.0,719.23785,471.48376,516.68994,470.0501
0.15,0.06,0.0,778.7817,471.31683,577.4317,470.65573
0.18,0.06,0.0,837.55975,471.1522,637.4388,471.29126
0.21,0.06,0.0,895.5013,470.99515,696.67065,471.87405
0.24,0.06,0.0,952.4582,470.8963,755.1857,472.4763
0.27,0.06,0.0,1008.265,470.7815,812.9839,473.03305
0.0,0.09,0.0,473.64313,534.8345,267.27603,529.8176
0.03,0.09,0.0,536.27136,534.22723,330.08624,530.2128
0.06,0.09,0.0,598.20306,533.5995,392.6368,530.533
0.09,0.09,0.0,659.3024,533.01715,454.73688,530.77936
0.12,0.09,0.0,719.5729,532.4501,516.21985,531.0173
0.15,0.09,0.0,779.10596,531.9,576.97485,531.2851
0.18,0.09,0.0,837.95337,531.3586,637.013,531.50336
0.21,0.09,0.0,895.9359,530.8098,696.2695,531.73047
0.24,0.09,0.0,952.75916,530.2311,754.7039,531.9678
0.27,0.09,0.0,1008.6587,529.6451,812.5741,532.1764
0.0,0.12,0.0,474.03702,597.36,267.01236,592.0475
0.03,0.12,0.0,536.63464,596.3679,329.78082,592.1588
0.06,0.12,0.0,598.5546,595.40234,392.2477,592.2166
0.09,0.12,0.0,659.64734,594.4415,454.3321,592.17676
0.12,0.12,0.0,719.8809,593.4301,515.7959,592.008
0.15,0.12,0.0,779.408,592.52,576.4862,591.8722
0.18,0.12,0.0,838.3047,591.5777,636.55774,591.7361
0.21,0.12,0.0,896.28253,590.603,695.8532,591.61005
0.24,0.12,0.0,952.9705,589.5409,754.2558,591.43335
0.27,0.12,0.0,1008.8633,588.4951,812.1141,591.27814
0.0,0.15,0.0,474.4054,659.82874,267.01746,654.05695
0.03,0.15,0.0,536.97076,658.4956,329.608,653.95636
0.06,0.15,0.0,598.8747,657.2516,391.95593,653.8096
0.09,0.15,0.0,659.9818,655.8384,453.94128,653.4253
0.12,0.15,0.0,720.2165,654.4457,515.35297,652.94604
0.15,0.15,0.0,779.7173,653.0814,576.0335,652.4665
0.18,0.15,0.0,838.5163,651.72485,636.0854,651.95856
0.21,0.15,0.0,896.46936,650.3668,695.4308,651.48004
0.24,0.15,0.0,953.08875,648.78815,753.8356,650.89026
0.27,0.15,0.0,1008.80786,647.2085,811.5755,650.3347
0.0,0.18,0.0,474.89227,722.1237,267.20813,715.78876
0.03,0.18,0.0,537.3865,720.53925,329.63132,715.5871
0.06,0.18,0.0,599.2023,718.89453,391.83124,715.16864
0.09,0.18,0.0,660.2392,717.1196,453.65527,714.4882
0.12,0.18,0.0,720.5072,715.36536,514.9665,713.7692
0.15,0.18,0.0,779.9544,713.5645,575.6097,712.91986
0.18,0.18,0.0,838.66235,711.75055,635.5932,712.08276
0.21,0.18,0.0,896.4429,709.8999,694.8997,711.23596
0.24,0.18,0.0,953.087,707.88336,753.31323,710.2722
0.27,0.18,0.0,1008.5772,705.7237,810.9604,709.24756
0.0,0.21,0.0,475.52057,784.1578,267.72958,777.1162
0.03,0.21,0.0,537.8766,782.32745,329.85397,776.79987
0.06,0.21,0.0,599.53284,780.2588,391.8572,776.09906
0.09,0.21,0.0,660.48694,778.1167,453.5212,775.2482
0.12,0.21,0.0,720.75104,776.0352,514.6996,774.3092
0.15,0.21,0.0,780.1271,773.7657,575.2418,773.1485
0.18,0.21,0.0,838.6265,771.46173,635.1352,771.90485
0.21,0.21,0.0,896.33716,769.1397,694.3528,770.6991
0.24,0.21,0.0,952.8105,766.5798,752.70953,769.34607
0.27,0.21,0.0,1008.117,763.9206,810.2629,767.8872
0.0,0.24,0.0,476.2334,845.76135,268.4825,837.8593
0.03,0.24,0.0,538.44025,843.62866,330.3506,837.4051
0.06,0.24,0.0,599.92505,841.14655,392.11743,836.50476
0.09,0.24,0.0,660.7627,838.73016,453.50058,835.52734
0.12,0.24,0.0,720.96655,836.3445,514.54456,834.45526
0.15,0.24,0.0,780.13763,833.5661,574.90106,832.9191
0.18,0.24,0.0,838.46545,830.7488,634.673,831.37494
0.21,0.24,0.0,896.04333,827.97986,693.797,829.854
0.24,0.24,0.0,952.2791,824.8624,752.00433,828.0071
0.27,0.24,0.0,1007.4451,821.6352,809.4357,826.09674
0.0,0.27,0.0,477.1546,906.6503,269.57678,897.8773
0.03,0.27,0.0,539.08624,904.24677,331.1561,897.2986
0.06,0.27,0.0,600.3146,901.38983,392.5835,896.1878
0.09,0.27,0.0,661.0144,898.6745,453.69653,895.03455
0.12,0.27,0.0,721.1246,896.0312,514.48694,893.9336
0.15,0.27,0.0,780.0577,892.7388,574.62177,892.04877
0.18,0.27,0.0,838.1622,889.4273,634.206,890.2037
0.21,0.27,0.0,895.5884,886.235,693.21796,888.40936
0.24,0.27,0.0,951.4511,882.45074,751.1429,886.0103
0.27,0.27,0.0,1006.511,878.74774,808.45593,883.75183
0.0,0.0,0.0,477.5388,359.03888,283.13205,354.94727
0.03,0.0,0.0,536.94617,358.27448,341.62546,354.72812
0.06,0.0,0.0,596.36127,357.5787,400.53583,354.62827
0.09,0.0,0.0,655.7269,356.87958,459.74512,354.59375
0.12,0.0,0.0,715.13885,356.22192,519.1009,354.64703
0.15,0.0,0.0,774.4382,355.54175,578.5151,354.73624
0.18,0.0,0.0,833.62415,354.92465,637.887,354.8637
0.21,0.0,0.0,892.63104,354.35513,697.2083,354.90604
0.24,0.0,0.0,951.26904,353.8679,756.5259,354.98572
0.27,0.0,0.0,1009.458,353.51004,815.78046,355.09808
0.0,0.03,0.0,477.2752,417.45276,280.92184,413.05957
0.03,0.03,0.0,537.0376,416.7064,339.82083,412.9951
0.06,0.03,0.0,596.8096,415.98264,399.12973,412.95688
0.09,0.03,0.0,656.4979,415.31042,458.70135,413.0044
0.12,0.03,0.0,716.1973,414.61194,518.4518,413.08282
0.15,0.03,0.0,775.84735,413.88522,578.16675,413.17566
0.18,0.03,0.0,835.3999,413.2123,637.84753,413.26544
0.21,0.03,0.0,894.7482,412.5447,697.49194,413.3256
0.24,0.03,0.0,953.8299,411.97092,757.1552,413.3863
0.27,0.03,0.0,1012.35406,411.4133,816.7117,413.4588
0.0,0.06,0.0,477.0283,476.5124,278.88693,471.88104
0.03,0.06,0.0,537.14435,475.79013,338.0931,471.96567
0.06,0.06,0.0,597.23785,475.06003,397.76358,471.99362
0.09,0.06,0.0,657.27203,474.3468,457.67984,472.05923
0.12,0.06,0.0,717.2564,473.62372,517.7533,472.14536
0.15,0.06,0.0,777.218,472.89453,577.799,472.2531
0.18,0.06,0.0,837.118,472.16837,637.80316,472.271
0.21,0.06,0.0,896.83594,471.4444,697.77264,472.33112
0.24,0.06,0.0,956.2519,470.75305,757.7147,472.40735
0.27,0.06,0.0,1015.09595,470.07492,817.63696,472.42026
0.0,0.09,0.0,476.75897,536.2396,276.90796,531.33136
0.03,0.09,0.0,537.2505,535.52655,336.50192,531.556
0.06,0.09,0.0,597.6112,534.7543,396.39554,531.621
0.09,0.09,0.0,657.99915,534.0059,456.66226,531.73206
0.12,0.09,0.0,718.30475,533.3073,517.05096,531.85394
0.15,0.09,0.0,778.5791,532.5536,577.4213,531.92
0.18,0.09,0.0,838.816,531.7563,637.7357,531.91815
0.21,0.09,0.0,898.93195,530.98083,698.0331,531.9499
0.24,0.09,0.0,958.53754,530.2537,758.2585,532.0277
0.27,0.09,0.0,1017.7336,529.3676,818.5097,532.0118
0.0,0.12,0.0,476.55917,596.6119,275.16803,591.3735
0.03,0.12,0.0,537.3441,595.9227,335.01675,591.72955
0.06,0.12,0.0,598.01404,595.0943,395.10736,591.8923
0.09,0.12,0.0,658.7358,594.33295,455.66772,592.0539
0.12,0.12,0.0,719.38055,593.6048,516.3692,592.1738
0.15,0.12,0.0,779.9576,592.85626,577.02155,592.2316
0.18,0.12,0.0,840.5334,592.0326,637.67175,592.2337
0.21,0.12,0.0,900.886,591.1488,698.3135,592.2252
0.24,0.12,0.0,960.7097,590.2788,758.8376,592.2793
0.27,0.12,0.0,1020.18384,589.25006,819.39044,592.2368
0.0,0.15,0.0,476.4149,657.55145,273.66916,651.9013
0.03,0.15,0.0,537.4441,656.88306,333.6173,652.38196
0.06,0.15,0.0,598.4386,656.10406,393.938,652.72125
0.09,0.15,0.0,659.4769,655.33594,454.70895,652.9392
0.12,0.15,0.0,720.4246,654.54193,515.67755,653.07697
0.15,0.15,0.0,781.3128,653.7539,576.63434,653.1497
0.18,0.15,0.0,842.1303,652.8702,637.6066,653.1631
0.21,0.15,0.0,902.74774,651.9015,698.5506,653.141
0.24,0.15,0.0,962.79205,650.85614,759.39056,653.14514
0.27,0.15,0.0,1022.4152,649.63153,820.18134,653.0472
0.0,0.18,0.0,476.29837,719.0351,272.32507,712.7551
0.03,0.18,0.0,537.5469,718.41,332.3532,713.4652
0.06,0.18,0.0,598.86896,717.71484,392.92285,713.9568
0.09,0.18,0.0,660.20056,716.9257,453.84903,714.3012
0.12,0.18,0.0,721.452,716.1006,515.0029,714.4921
0.15,0.18,0.0,782.62805,715.1756,576.2701,714.61945
0.18,0.18,0.0,843.6093,714.2007,637.5229,714.6777
0.21,0.18,0.0,904.46075,713.11206,698.73914,714.6425
0.24,0.18,0.0,964.71875,711.8353,759.87646,714.53186
0.27,0.18,0.0,1024.3778,710.4188,820.9072,714.3348
0.0,0.21,0.0,476.30292,780.86414,271.24796,773.85724
0.03,0.21,0.0,537.7706,780.3222,331.3231,774.7899
0.06,0.21,0.0,599.34265,779.6607,392.06564,775.4847
0.09,0.21,0.0,660.915,778.8504,453.187,775.9623
0.12,0.21,0.0,722.4341,778.0045,514.43445,776.30725
0.15,0.21,0.0,783.8163,777.00586,575.94025,776.4278
0.18,0.21,0.0,845.03107,775.87415,637.4633,776.4797
0.21,0.21,0.0,905.9697,774.6217,698.9122,776.4565
0.24,0.21,0.0,966.39825,773.1037,760.32294,776.282
0.27,0.21,0.0,1026.189,771.4226,821.4975,775.97015
0.0,0.24,0.0,476.47467,842.8696,270.41727,835.001
0.03,0.24,0.0,538.0917,842.4318,330.59286,836.2341
0.06,0.24,0.0,599.87634,841.7534,391.43976,837.0871
0.09,0.24,0.0,661.61743,840.9746,452.61905,837.76215
0.12,0.24,0.0,723.37213,840.1288,513.9925,838.2773
0.15,0.24,0.0,784.8941,838.97974,575.6405,838.45087
0.18,0.24,0.0,846.24274,837.70984,637.3492,838.5249
0.21,0.24,0.0,907.32666,836.2806,699.02344,838.47906
0.24,0.24,0.0,967.80194,834.56024,760.5761,838.20624
0.27,0.24,0.0,1027.6215,832.5437,821.9299,837.74054
0.0,0.27,0.0,476.75177,904.85626,269.9082,896.0595
0.03,0.27,0.0,538.5557,904.5299,330.12527,897.56134
0.06,0.27,0.0,600.4373,903.87305,391.04108,898.5992
0.09,0.27,0.0,662.33246,903.1014,452.23013,899.4548
0.12,0.27,0.0,724.20166,902.3188,513.64465,900.20605
0.15,0.27,0.0,785.8443,900.964,575.44305,900.42145
0.18,0.27,0.0,847.28986,899.49426,637.3008,900.53046
0.21,0.27,0.0,908.4804,897.8933,699.0849,900.5139
0.24,0.27,0.0,968.8395,895.7595,760.72754,900.0144
0.27,0.27,0.0,1028.7689,893.50775,822.20844,899.4683
0.0,0.0,0.0,468.48264,351.73663,265.49658,347.64014
0.03,0.0,0.0,530.75446,350.85135,326.6215,347.25665
0.06,0.0,0.0,593.0969,349.993,388.29596,347.00476
0.09,0.0,0.0,655.40436,349.2122,450.32318,346.86145
0.12,0.0,0.0,717.7368,348.4115,512.66705,346.81494
0.15,0.0,0.0,780.02954,347.63782,575.0138,346.87262
0.18,0.0,0.0,842.197,346.89557,637.42126,346.8695
0.21,0.0,0.0,904.18726,346.2496,699.7804,346.88916
0.24,0.0,0.0,965.8036,345.77484,762.20905,346.92273
0.27,0.0,0.0,1026.8224,345.44785,824.44604,347.05487
0.0,0.03,0.0,470.23026,413.92535,267.1093,409.51672
0.03,0.03,0.0,532.2204,413.06827,328.03595,409.28192
0.06,0.03,0.0,594.2466,412.23627,389.5156,409.18655
0.09,0.03,0.0,656.26306,411.4435,451.3181,409.15155
0.12,0.03,0.0,718.2825,410.64313,513.3411,409.12494
0.15,0.03,0.0,780.2896,409.84106,575.4076,409.17172
0.18,0.03,0.0,842.2002,409.0784,637.4965,409.20343
0.21,0.03,0.0,903.9441,408.39716,699.53265,409.24188
0.24,0.03,0.0,965.3429,407.7334,761.57306,409.25763
0.27,0.03,0.0,1026.1805,407.23624,823.5959,409.31412
0.0,0.06,0.0,471.96274,475.5149,268.88376,470.85938
0.03,0.06,0.0,533.6642,474.70096,329.55533,470.81845
0.06,0.06,0.0,595.4013,473.8746,390.80762,470.8092
0.09,0.06,0.0,657.10504,473.10065,452.30548,470.80682
0.12,0.06,0.0,718.79425,472.2643,514.0417,470.8279
0.15,0.06,0.0,780.4869,471.45715,575.7955,470.8523
0.18,0.06,0.0,842.1278,470.66565,637.5396,470.9015
0.21,0.06,0.0,903.60095,469.9538,699.2485,470.9349
0.24,0.06,0.0,964.73114,469.21857,760.9798,470.9391
0.27,0.06,0.0,1025.3198,468.50534,822.6997,470.9779
0.0,0.09,0.0,473.67926,536.52936,270.8078,531.6535
0.03,0.09,0.0,535.1179,535.6939,331.24936,531.6977
0.06,0.09,0.0,596.5187,534.9153,392.1007,531.8037
0.09,0.09,0.0,657.9182,534.09906,453.32324,531.8757
0.12,0.09,0.0,719.2925,533.26306,514.7452,531.86145
0.15,0.09,0.0,780.6584,532.45654,576.18744,531.87634
0.18,0.09,0.0,842.0132,531.7225,637.5906,531.9249
0.21,0.09,0.0,903.2256,530.9432,699.00226,531.965
0.24,0.09,0.0,963.95575,530.0745,760.3676,531.96216
0.27,0.09,0.0,1024.2935,529.2921,821.7614,532.0282
0.0,0.12,0.0,475.45163,596.9188,272.9312,591.6998
0.03,0.12,0.0,536.55695,596.04407,333.07736,591.8696
0.06,0.12,0.0,597.61914,595.3731,393.4698,592.1831
0.09,0.12,0.0,658.7181,594.5389,454.35486,592.2646
0.12,0.12,0.0,719.79425,593.6214,515.46576,592.2119
0.15,0.12,0.0,780.83746,592.8248,576.54865,592.2376
0.18,0.12,0.0,841.8554,592.11163,637.6287,592.3441
0.21,0.12,0.0,902.7468,591.30743,698.7358,592.42206
0.24,0.12,0.0,963.0989,590.2797,759.7565,592.31433
0.27,0.12,0.0,1023.07587,589.3841,820.81354,592.40125
0.0,0.15,0.0,477.25266,656.5736,275.28445,650.96686
0.03,0.15,0.0,537.9564,655.80347,334.91907,651.3362
0.06,0.15,0.0,598.6788,655.17303,394.93692,651.79706
0.09,0.15,0.0,659.50085,654.3183,455.43964,651.9334
0.12,0.15,0.0,720.2505,653.4124,516.15173,651.93616
0.15,0.15,0.0,780.9671,652.57947,576.8931,651.9716
0.18,0.15,0.0,841.63214,651.7916,637.65875,652.04974
0.21,0.15,0.0,902.12396,650.9763,698.4226,652.18365
0.24,0.15,0.0,962.0816,649.8098,759.1382,652.05
0.27,0.15,0.0,1021.63153,648.70435,819.80133,652.0403
0.0,0.18,0.0,479.09164,715.5366,277.7489,709.368
0.03,0.18,0.0,539.39154,714.8988,336.85867,710.05505
0.06,0.18,0.0,599.7952,714.22235,396.53857,710.5331
0.09,0.18,0.0,660.25995,713.36237,456.61795,710.75134
0.12,0.18,0.0,720.66614,712.5221,516.90283,710.89886
0.15,0.18,0.0,781.0076,711.62415,577.2732,710.98016
0.18,0.18,0.0,841.2941,710.75244,637.64996,711.0931
0.21,0.18,0.0,901.33624,709.80194,698.0901,711.17773
0.24,0.18,0.0,960.9612,708.5678,758.4595,711.0975
0.27,0.18,0.0,1019.9912,707.1857,818.7092,710.9189
0.0,0.21,0.0,480.9953,773.6561,280.39633,766.86035
0.03,0.21,0.0,540.87933,773.1438,339.00116,767.7586
0.06,0.21,0.0,600.9397,772.37195,398.2923,768.2939
0.09,0.21,0.0,660.96326,771.5707,457.91223,768.68384
0.12,0.21,0.0,721.03,770.8578,517.69086,769.0702
0.15,0.21,0.0,781.0067,769.8415,577.6763,769.1459
0.18,0.21,0.0,840.8412,768.7934,637.7081,769.20703
0.21,0.21,0.0,900.41095,767.7462,697.73456,769.33856
0.24,0.21,0.0,959.56604,766.36597,757.7335,769.2498
0.27,0.21,0.0,1018.16034,764.8197,817.5753,768.9786
0.0,0.24,0.0,482.97644,830.8397,283.19028,823.40344
0.03,0.24,0.0,542.41345,830.3853,341.3804,824.45544
0.06,0.24,0.0,602.05133,829.5718,400.20804,825.04004
0.09,0.24,0.0,661.6886,828.8737,459.24405,825.67316
0.12,0.24,0.0,721.34906,828.24274,518.54584,826.2933
0.15,0.24,0.0,780.8596,827.0399,578.11664,826.3426
0.18,0.24,0.0,840.2409,825.894,637.7231,826.3855
0.21,0.24,0.0,899.40265,824.771,697.3405,826.59375
0.24,0.24,0.0,958.003,823.1447,756.8728,826.3061
0.27,0.24,0.0,1016.1145,821.37274,816.2618,825.98694
0.0,0.27,0.0,485.04965,886.9464,286.22678,878.7445
0.03,0.27,0.0,544.0636,886.5028,343.91113,879.93335
0.06,0.27,0.0,603.2214,885.6562,402.2032,880.59534
0.09,0.27,0.0,662.3823,884.9691,460.78033,881.37103
0.12,0.27,0.0,721.59186,884.543,519.5067,882.3826
0.15,0.27,0.0,780.62445,883.13544,578.63794,882.34155
0.18,0.27,0.0,839.5005,881.8613,637.73596,882.44006
0.21,0.27,0.0,898.1678,880.7151,696.9237,882.75433
0.24,0.27,0.0,956.20996,878.68774,755.9237,882.1962
0.27,0.27,0.0,1013.8246,876.8422,814.87915,881.91284
0.0,0.0,0.0,342.6831,262.42926,155.8271,258.54398
0.03,0.0,0.0,398.71643,259.3693,208.72557,255.75273
0.06,0.0,0.0,455.70746,256.44666,262.96057,253.02394
0.09,0.0,0.0,513.65015,253.53046,318.5475,250.42126
0.12,0.0,0.0,572.4467,250.73163,375.35532,247.98224
0.15,0.0,0.0,632.0139,247.99066,433.33002,245.65068
0.18,0.0,0.0,692.3295,245.27225,492.23093,243.42455
0.21,0.0,0.0,753.2894,242.56572,551.9931,241.26695
0.24,0.0,0.0,814.93567,239.95206,612.6403,239.17192
0.27,0.0,0.0,877.1342,237.44888,674.1091,237.10905
0.0,0.03,0.0,343.31027,320.7997,155.11871,316.25854
0.03,0.03,0.0,399.512,318.2548,208.14946,314.00104
0.06,0.03,0.0,456.67767,315.74686,262.61182,311.87778
0.09,0.03,0.0,514.7209,313.36444,318.35638,309.83923
0.12,0.03,0.0,573.5977,310.9689,375.35062,307.93198
0.15,0.03,0.0,633.25635,308.59836,433.44708,306.11975
0.18,0.03,0.0,693.5882,306.22455,492.4555,304.38495
0.21,0.03,0.0,754.6629,303.86316,552.36896,302.68353
0.24,0.03,0.0,816.43066,301.52792,613.07855,301.03125
0.27,0.03,0.0,878.7947,299.27722,674.58575,299.34897
0.0,0.06,0.0,344.084,379.4397,154.68324,374.20645
0.03,0.06,0.0,400.43338,377.3777,207.87732,372.5821
0.06,0.06,0.0,457.68863,375.32657,262.44678,371.03412
0.09,0.06,0.0,515.8473,373.34695,318.34863,369.57043
0.12,0.06,0.0,574.80493,371.40973,375.4982,368.19434
0.15,0.06,0.0,634.44684,369.42752,433.64816,366.8408
0.18,0.06,0.0,694.8346,367.38904,492.75302,365.55072
0.21,0.06,0.0,755.9457,365.3758,552.7188,364.29617
0.24,0.06,0.0,817.80164,363.368,613.4902,363.06122
0.27,0.06,0.0,880.2651,361.40417,675.003,361.77875
0.0,0.09,0.0,344.96555,438.22244,154.49644,432.3934
0.03,0.09,0.0,401.48624,436.6253,207.87683,431.39227
0.06,0.09,0.0,458.73294,435.01096,262.40567,430.37762
0.09,0.09,0.0,516.9267,433.4243,318.45575,429.46017
0.12,0.09,0.0,575.99927,431.81815,375.7649,428.5678
0.15,0.09,0.0,635.66266,430.24686,434.00192,427.70633
0.18,0.09,0.0,696.0447,428.60483,493.0939,426.81363
0.21,0.09,0.0,757.21295,426.96265,553.1052,425.96692
0.24,0.09,0.0,819.0887,425.32596,613.92755,425.14246
0.27,0.09,0.0,881.63574,423.67972,675.4024,424.25696
0.0,0.12,0.0,346.01523,497.14758,154.69789,490.69702
0.03,0.12,0.0,402.63467,495.95065,208.15048,490.29547
0.06,0.12,0.0,459.80545,494.74826,262.63348,489.86935
0.09,0.12,0.0,518.085,493.5442,318.70062,489.44955
0.12,0.12,0.0,577.1969,492.34106,376.13943,489.00858
0.15,0.12,0.0,636.87555,491.1176,434.38593,488.57498
0.18,0.12,0.0,697.26324,489.86853,493.49872,488.1194
0.21,0.12,0.0,758.4189,488.5879,553.45337,487.68414
0.24,0.12,0.0,820.37604,487.33792,614.36255,487.2262
0.27,0.12,0.0,882.9374,486.06406,675.7853,486.72507
0.0,0.15,0.0,347.2207,556.06696,155.22734,549.02106
0.03,0.15,0.0,403.73672,555.33624,208.59749,549.21106
0.06,0.15,0.0,460.9445,554.5588,263.0449,549.38947
0.09,0.15,0.0,519.266,553.7176,319.13416,549.4497
0.12,0.15,0.0,578.3633,552.8592,376.53506,549.464
0.15,0.15,0.0,638.0969,551.983,434.79703,549.4769
0.18,0.15,0.0,698.486,551.14026,493.9094,549.4483
0.21,0.15,0.0,759.6134,550.2604,553.8412,549.4089
0.24,0.15,0.0,821.57733,549.3629,614.73096,549.2957
0.27,0.15,0.0,884.1802,548.4721,676.20264,549.22394
0.0,0.18,0.0,348.52115,614.9467,156.02669,607.2217
0.03,0.18,0.0,404.8609,614.6747,209.18134,608.03564
0.06,0.18,0.0,462.1976,614.32336,263.7909,608.7735
0.09,0.18,0.0,520.46454,613.8558,319.82434,609.36926
0.12,0.18,0.0,579.4888,613.4164,377.0026,609.9026
0.15,0.18,0.0,639.23267,612.9281,435.21448,610.3447
0.18,0.18,0.0,699.6541,612.44196,494.33875,610.73645
0.21,0.18,0.0,760.8415,611.99506,554.26074,611.1373
0.24,0.18,0.0,822.7447,611.47034,615.081,611.42334
0.27,0.18,0.0,885.2953,610.90094,676.6483,611.77606
0.0,0.21,0.0,349.92197,673.69275,157.03625,665.2697
0.03,0.21,0.0,406.12985,673.9349,210.0743,666.7075
0.06,0.21,0.0,463.5246,673.9476,264.7281,667.93555
0.09,0.21,0.0,521.7529,673.9169,320.64655,669.0857
0.12,0.21,0.0,580.60815,673.9253,377.53693,670.18134
0.15,0.21,0.0,640.38434,673.8122,435.7348,671.0818
0.18,0.21,0.0,700.86334,673.6958,494.8302,671.95166
0.21,0.21,0.0,761.984,673.63654,554.7155,672.7823
0.24,0.21,0.0,823.8651,673.45593,615.4657,673.5243
0.27,0.21,0.0,886.3201,673.171,677.0211,674.2496
0.0,0.24,0.0,351.38602,732.26,158.29242,723.013
0.03,0.24,0.0,407.55762,732.96484,211.26544,725.0761
0.06,0.24,0.0,464.95303,733.4246,265.9046,726.8389
0.09,0.24,0.0,522.99,733.8822,321.5563,728.5843
0.12,0.24,0.0,581.74585,734.3715,378.209,730.2766
0.15,0.24,0.0,641.53796,734.5989,436.37646,731.6395
0.18,0.24,0.0,701.96875,734.85864,495.37317,732.956
0.21,0.24,0.0,763.0652,735.16144,555.1107,734.3248
0.24,0.24,0.0,824.8555,735.2351,615.879,735.4433
0.27,0.24,0.0,887.1673,735.2102,677.38434,736.5593
0.0,0.27,0.0,353.03073,790.4965,159.8726,780.3685
0.03,0.27,0.0,409.15842,791.6293,212.78046,782.96405
0.06,0.27,0.0,466.45245,792.52014,267.33072,785.29254
0.09,0.27,0.0,524.3701,793.4504,322.74384,787.6382
0.12,0.27,0.0,582.90576,794.58704,379.0436,790.017
0.15,0.27,0.0,642.6923,795.07465,437.12936,791.8222
0.18,0.27,0.0,703.06805,795.6958,496.0103,793.6606
0.21,0.27,0.0,764.0179,796.37946,555.5519,795.54156
0.24,0.27,0.0,825.6982,796.5761,616.34357,796.98425
0.27,0.27,0.0,887.8668,796.8682,677.72144,798.58307
0.0,0.0,0.0,329.03336,245.98235,133.39577,242.25627
0.03,0.0,0.0,391.33075,246.5967,194.24043,243.01141
0.06,0.0,0.0,453.31268,247.45055,255.37312,243.99792
0.09,0.0,0.0,514.7779,248.38011,316.61395,245.19395
0.12,0.0,0.0,575.67566,249.49246,377.72028,246.66003
0.15,0.0,0.0,635.8346,250.61981,438.55515,248.29831
0.18,0.0,0.0,695.3066,251.83482,498.9015,250.04968
0.21,0.0,0.0,754.0001,253.0633,558.66815,251.89725
0.24,0.0,0.0,811.9327,254.36763,617.77423,253.7679
0.27,0.0,0.0,868.9863,255.76036,676.2121,255.69395
0.0,0.03,0.0,328.76715,307.48602,131.65979,302.91498
0.03,0.03,0.0,391.2605,307.91708,192.74496,303.62933
0.06,0.03,0.0,453.40347,308.48965,254.13278,304.55725
0.09,0.03,0.0,515.00244,309.19525,315.52393,305.65808
0.12,0.03,0.0,575.97797,309.99136,376.84952,306.9308
0.15,0.03,0.0,636.21594,310.79593,437.84097,308.33008
0.18,0.03,0.0,695.71735,311.6111,498.31165,309.8175
0.21,0.03,0.0,754.4759,312.4643,558.1666,311.36346
0.24,0.03,0.0,812.4803,313.31976,617.3311,312.93405
0.27,0.03,0.0,869.6255,314.27374,675.8169,314.5227
0.0,0.06,0.0,328.66068,369.32584,130.27487,363.99997
0.03,0.06,0.0,391.3241,369.54276,191.53737,364.66064
0.06,0.06,0.0,453.60626,369.84235,253.07664,365.48105
0.09,0.06,0.0,515.281,370.23657,314.67242,366.4037
0.12,0.06,0.0,576.2963,370.69205,376.1103,367.47327
0.15,0.06,0.0,636.533,371.1241,437.2135,368.5715
0.18,0.06,0.0,696.0861,371.54358,497.77957,369.78427
0.21,0.06,0.0,754.906,372.00674,557.68176,371.00995
0.24,0.06,0.0,812.9323,372.47842,616.90576,372.23965
0.27,0.06,0.0,870.1504,372.99268,675.374,373.45474
0.0,0.09,0.0,328.72025,431.34772,129.23763,425.28006
0.03,0.09,0.0,391.4983,431.31738,190.66014,425.9146
0.06,0.09,0.0,453.82858,431.30115,252.2451,426.56448
0.09,0.09,0.0,515.60046,431.3596,313.96997,427.30942
0.12,0.09,0.0,576.6298,431.43796,375.5409,428.12964
0.15,0.09,0.0,636.8654,431.5308,436.67764,428.96463
0.18,0.09,0.0,696.4811,431.5603,497.31708,429.79907
0.21,0.09,0.0,755.2975,431.63727,557.266,430.6727
0.24,0.09,0.0,813.2952,431.74332,616.4527,431.55374
0.27,0.09,0.0,870.65796,431.8404,674.9487,432.40274
0.0,0.12,0.0,328.93884,493.5248,128.57863,486.75406
0.03,0.12,0.0,391.78232,493.16827,190.06247,487.293
0.06,0.12,0.0,454.14264,492.84616,251.65312,487.7708
0.09,0.12,0.0,515.89996,492.53677,313.4285,488.37494
0.12,0.12,0.0,576.9248,492.22006,375.01016,488.85922
0.15,0.12,0.0,637.1999,491.92737,436.18008,489.37402
0.18,0.12,0.0,696.80164,491.608,496.82596,489.86346
0.21,0.12,0.0,755.68353,491.33536,556.83923,490.40244
0.24,0.12,0.0,813.655,491.03717,615.97705,490.9046
0.27,0.12,0.0,871.05426,490.75946,674.5087,491.37317
0.0,0.15,0.0,329.3194,555.6829,128.30132,548.21497
0.03,0.15,0.0,392.10037,555.081,189.67291,548.6556
0.06,0.15,0.0,454.45844,554.4338,251.23244,549.0566
0.09,0.15,0.0,516.2429,553.7198,312.99216,549.3457
0.12,0.15,0.0,577.2558,553.0193,374.57184,549.59467
0.15,0.15,0.0,637.5481,552.3299,435.7476,549.7756
0.18,0.15,0.0,697.11115,551.6562,496.3948,549.95636
0.21,0.15,0.0,756.0548,551.04144,556.38135,550.11914
0.24,0.15,0.0,814.0166,550.36487,615.52954,550.2144
0.27,0.15,0.0,871.3669,549.70953,674.05457,550.3252
0.0,0.18,0.0,329.84048,617.7947,128.31505,609.53595
0.03,0.18,0.0,392.5055,616.9296,189.58856,609.9344
0.06,0.18,0.0,454.8376,615.98944,251.11882,610.1968
0.09,0.18,0.0,516.5216,614.9032,312.74792,610.31177
0.12,0.18,0.0,577.54785,613.87195,374.21375,610.2897
0.15,0.18,0.0,637.853,612.7823,435.32556,610.16766
0.18,0.18,0.0,697.41315,611.7657,495.91553,610.0126
0.21,0.18,0.0,756.3332,610.77716,555.8904,609.8352
0.24,0.18,0.0,814.35583,609.73535,615.10944,609.5781
0.27,0.18,0.0,871.5865,608.645,673.5523,609.3287
0.0,0.21,0.0,330.48944,679.7517,128.73405,670.6753
0.03,0.21,0.0,393.05887,678.6819,189.78372,671.013
0.06,0.21,0.0,455.24417,677.3638,251.23492,671.08594
0.09,0.21,0.0,516.8711,676.0293,312.70016,671.01154
0.12,0.21,0.0,577.911,674.6629,374.0055,670.81995
0.15,0.21,0.0,638.15466,673.24207,435.01376,670.41815
0.18,0.21,0.0,697.69214,671.82263,495.52353,669.96655
0.21,0.21,0.0,756.5839,670.45264,555.43823,669.46405
0.24,0.21,0.0,814.6077,669.0273,614.65155,668.8633
0.27,0.21,0.0,871.79504,667.5116,673.1247,668.265
0.0,0.24,0.0,331.34506,741.47034,129.44041,731.43933
0.03,0.24,0.0,393.73654,740.16254,190.32994,731.73114
0.06,0.24,0.0,455.75494,738.58606,251.57678,731.64594
0.09,0.24,0.0,517.303,736.9581,312.79507,731.44824
0.12,0.24,0.0,578.2866,735.39923,373.91632,731.1641
0.15,0.24,0.0,638.43896,733.56104,434.8044,730.4823
0.18,0.24,0.0,697.96405,731.7471,495.17328,729.73627
0.21,0.24,0.0,756.8358,730.04236,555.0216,728.9831
0.24,0.24,0.0,814.7359,728.12994,614.1688,728.0362
0.27,0.24,0.0,871.81964,726.1821,672.6253,727.1031
0.0,0.27,0.0,332.4272,802.78595,130.51834,791.7025
0.03,0.27,0.0,394.59763,801.2669,191.21124,791.8748
0.06,0.27,0.0,456.42706,799.3831,252.20282,791.7045
0.09,0.27,0.0,517.79803,797.5544,313.2029,791.4325
0.12,0.27,0.0,578.70575,795.8226,374.0556,791.13727
0.15,0.27,0.0,638.74585,793.5669,434.70218,790.17163
0.18,0.27,0.0,698.17017,791.41534,494.9495,789.1721
0.21,0.27,0.0,757.02783,789.3749,554.67566,788.26056
0.24,0.27,0.0,814.6791,786.8824,613.6784,786.87665
0.27,0.27,0.0,871.7531,784.5434,672.11316,785.6454
0.0,0.0,0.0,340.7597,262.5226,153.3182,258.6223
0.03,0.0,0.0,399.19318,261.3295,209.60048,257.64194
0.06,0.0,0.0,457.9749,260.3639,266.6954,256.86356
0.09,0.0,0.0,516.9586,259.4615,324.44553,256.21823
0.12,0.0,0.0,576.05896,258.6625,382.8208,255.8442
0.15,0.0,0.0,635.2244,257.93762,441.52975,255.59401
0.18,0.0,0.0,694.3118,257.28204,500.49515,255.46811
0.21,0.0,0.0,753.36646,256.66443,559.5569,255.42256
0.24,0.0,0.0,812.3155,256.09772,618.6896,255.44116
0.27,0.0,0.0,871.0435,255.69946,677.8155,255.52823
0.0,0.03,0.0,339.34363,319.6862,149.79906,315.06677
0.03,0.03,0.0,398.25085,318.64172,206.47998,314.33572
0.06,0.03,0.0,457.45245,317.73734,264.04898,313.76578
0.09,0.03,0.0,516.85785,316.93488,322.27304,313.38583
0.12,0.03,0.0,576.33875,316.19022,381.09485,313.1304
0.15,0.03,0.0,635.828,315.45505,440.23218,313.0005
0.18,0.03,0.0,695.3105,314.75473,499.57886,312.92764
0.21,0.03,0.0,754.72284,314.09174,559.0352,312.986
0.24,0.03,0.0,814.03296,313.4598,618.5227,312.99463
0.27,0.03,0.0,873.2103,312.91245,678.01276,313.0638
0.0,0.06,0.0,338.05142,377.66068,146.5107,372.37274
0.03,0.06,0.0,397.37207,376.74283,203.56058,371.9215
0.06,0.06,0.0,456.9924,375.91974,261.54654,371.58612
0.09,0.06,0.0,516.78766,375.16068,320.2116,371.3509
0.12,0.06,0.0,576.6194,374.46567,379.4318,371.2562
0.15,0.06,0.0,636.45825,373.72955,438.963,371.1964
0.18,0.06,0.0,696.27155,373.00348,498.70425,371.18967
0.21,0.06,0.0,756.05115,372.26886,558.551,371.23532
0.24,0.06,0.0,815.71375,371.61746,618.3732,371.3323
0.27,0.06,0.0,875.27954,370.95398,678.15674,371.36615
0.0,0.09,0.0,336.83652,436.38968,143.38152,430.40692
0.03,0.09,0.0,396.58582,435.6105,200.90569,430.3021
0.06,0.09,0.0,456.58887,434.7814,259.18286,430.1108
0.09,0.09,0.0,516.75256,434.05823,318.24725,430.04337
0.12,0.09,0.0,576.96765,433.38773,377.87317,430.08008
0.15,0.09,0.0,637.0822,432.6806,437.79605,430.10495
0.18,0.09,0.0,697.22894,431.86203,497.88754,430.11673
0.21,0.09,0.0,757.3554,431.1442,558.05145,430.1599
0.24,0.09,0.0,817.3566,430.45532,618.20624,430.2831
0.27,0.09,0.0,877.3082,429.7073,678.3147,430.27753
0.0,0.12,0.0,335.78482,495.88077,140.63158,489.25433
0.03,0.12,0.0,395.94305,495.2056,198.5077,489.38837
0.06,0.12,0.0,456.17377,494.37543,256.9615,489.4246
0.09,0.12,0.0,516.6951,493.65286,316.37848,489.47656
0.12,0.12,0.0,577.2617,492.96405,376.40765,489.61838
0.15,0.12,0.0,637.72217,492.25693,436.65894,489.702
0.18,0.12,0.0,698.1781,491.4313,497.0656,489.70224
0.21,0.12,0.0,758.6387,490.64902,557.5579,489.7186
0.24,0.12,0.0,818.9523,489.97745,618.02893,489.8308
0.27,0.12,0.0,879.25946,489.1831,678.44305,489.81543
0.0,0.15,0.0,334.89026,555.9872,138.24057,548.7035
0.03,0.15,0.0,395.26236,555.398,196.2472,549.0614
0.06,0.15,0.0,455.82986,554.6114,254.99812,549.2966
0.09,0.15,0.0,516.65735,553.9277,314.68005,549.55963
0.12,0.15,0.0,577.5507,553.18585,374.97092,549.77527
0.15,0.15,0.0,638.3495,552.4365,435.5203,549.897
0.18,0.15,0.0,699.1267,551.644,496.24838,549.9707
0.21,0.15,0.0,759.92267,550.8392,557.02155,549.95233
0.24,0.15,0.0,820.5497,550.1331,617.8106,550.04486
0.27,0.15,0.0,881.16077,549.3394,678.58246,550.0652
0.0,0.18,0.0,334.09467,616.7134,136.07553,608.5929
0.03,0.18,0.0,394.60724,616.1718,194.18701,609.25964
0.06,0.18,0.0,455.5402,615.5272,253.21217,609.78394
0.09,0.18,0.0,516.6698,614.8226,313.1473,610.1882
0.12,0.18,0.0,577.82587,614.0723,373.60443,610.5164
0.15,0.18,0.0,638.9569,613.3245,434.40018,610.7125
0.18,0.18,0.0,700.07135,612.542,495.42258,610.8345
0.21,0.18,0.0,761.1731,611.73865,556.51654,610.8697
0.24,0.18,0.0,822.1386,610.9377,617.6189,610.9143
0.27,0.18,0.0,882.9764,610.08527,678.7047,610.9256
0.0,0.21,0.0,333.40128,677.90857,134.18428,668.8766
0.03,0.21,0.0,394.15253,677.507,192.40297,669.8899
0.06,0.21,0.0,455.3406,676.9752,251.73787,670.65173
0.09,0.21,0.0,516.6888,676.3132,311.77942,671.27515
0.12,0.21,0.0,578.09015,675.55585,372.35443,671.7227
0.15,0.21,0.0,639.5561,674.8182,433.36908,672.0561
0.18,0.21,0.0,700.991,674.0422,494.64496,672.2338
0.21,0.21,0.0,762.4101,673.2274,555.99304,672.3293
0.24,0.21,0.0,823.69,672.3413,617.4616,672.3834
0.27,0.21,0.0,884.74615,671.38617,678.8463,672.4006
0.0,0.24,0.0,332.89038,739.5348,132.61665,729.4783
0.03,0.24,0.0,393.79895,739.2686,190.96167,730.8134
0.06,0.24,0.0,455.2141,738.86237,250.48746,731.87823
0.09,0.24,0.0,516.7681,738.294,310.5788,732.68933
0.12,0.24,0.0,578.39667,737.6489,371.2068,733.3763
0.15,0.24,0.0,640.1932,736.92126,432.45483,733.8147
0.18,0.24,0.0,701.9021,736.0892,493.94937,734.13806
0.21,0.24,0.0,763.5986,735.2426,555.5299,734.346
0.24,0.24,0.0,825.0983,734.2347,617.2402,734.3686
0.27,0.24,0.0,886.38025,733.11523,678.927,734.41693
0.0,0.27,0.0,332.5478,801.34924,131.40532,790.18933
0.03,0.27,0.0,393.6677,801.29297,189.91252,791.82513
0.06,0.27,0.0,455.25537,800.9815,249.5309,793.16986
0.09,0.27,0.0,516.9662,800.5928,309.63022,794.3113
0.12,0.27,0.0,578.8101,800.0651,370.27884,795.28467
0.15,0.27,0.0,640.80597,799.3084,431.69073,795.8816
0.18,0.27,0.0,702.7891,798.4407,493.32172,796.3105
0.21,0.27,0.0,764.6941,797.5512,555.08435,796.6587
0.24,0.27,0.0,826.3555,796.3863,617.05884,796.7265
0.27,0.27,0.0,887.8268,795.1393,679.0042,796.7271
0.0,0.0,0.0,325.3082,250.73383,130.20328,246.97913
0.03,0.0,0.0,386.4275,249.30833,188.73703,245.71269
0.06,0.0,0.0,447.94614,248.08746,248.25467,244.67511
0.09,0.0,0.0,509.75214,246.9942,308.6209,243.8154
0.12,0.0,0.0,571.75543,246.03485,369.68045,243.189
0.15,0.0,0.0,633.8208,245.17752,431.23016,242.79257
0.18,0.0,0.0,695.8696,244.3751,493.08353,242.55388
0.21,0.0,0.0,757.91394,243.69566,555.109,242.41977
0.24,0.0,0.0,819.8202,243.07878,617.2089,242.38828
0.27,0.0,0.0,881.5044,242.6367,679.3508,242.40623
0.0,0.03,0.0,327.21558,312.52048,131.53963,307.95834
0.03,0.03,0.0,388.193,311.2738,190.01454,307.02893
0.06,0.03,0.0,449.5952,310.20746,249.4843,306.26428
0.09,0.03,0.0,511.23538,309.27014,309.73578,305.7041
0.12,0.03,0.0,572.97156,308.3578,370.65955,305.29572
0.15,0.03,0.0,634.75366,307.54965,432.0603,305.042
0.18,0.03,0.0,696.59106,306.75565,493.71164,304.91483
0.21,0.03,0.0,758.3731,305.98853,555.498,304.87125
0.24,0.03,0.0,820.0761,305.31628,617.3311,304.8933
0.27,0.03,0.0,881.5925,304.75684,679.2408,304.9291
0.0,0.06,0.0,329.29367,373.991,133.21173,368.69513
0.03,0.06,0.0,390.09912,372.94684,191.59285,368.07706
0.06,0.06,0.0,451.3323,371.97552,250.95107,367.6049
0.09,0.06,0.0,512.69714,371.09122,311.04556,367.2508
0.12,0.06,0.0,574.20624,370.28543,371.82376,367.03076
0.15,0.06,0.0,635.7142,369.4686,433.00983,366.89252
0.18,0.06,0.0,697.24896,368.6799,494.4244,366.87338
0.21,0.06,0.0,758.76263,367.9149,555.9682,366.85696
0.24,0.06,0.0,820.20654,367.15918,617.52594,366.9048
0.27,0.06,0.0,881.4905,366.50226,679.0478,366.9444
0.0,0.09,0.0,331.5041,435.0553,135.20038,429.03442
0.03,0.09,0.0,392.1643,434.0857,193.47357,428.7301
0.06,0.09,0.0,453.07233,433.25595,252.56581,428.52875
0.09,0.09,0.0,514.23987,432.41684,312.53214,428.3763
0.12,0.09,0.0,575.482,431.56396,373.10977,428.2692
0.15,0.09,0.0,636.6586,430.79257,434.04523,428.21106
0.18,0.09,0.0,697.862,429.99786,495.18744,428.26038
0.21,0.09,0.0,759.0968,429.25656,556.43176,428.29007
0.24,0.09,0.0,820.2148,428.4667,617.6751,428.31583
0.27,0.09,0.0,881.3188,427.75937,678.9181,428.36935
0.0,0.12,0.0,333.84082,495.56363,137.55081,488.9375
0.03,0.12,0.0,394.26593,494.68835,195.68144,488.87805
0.06,0.12,0.0,454.84912,493.96967,254.39531,488.9855
0.09,0.12,0.0,515.752,493.1402,314.1262,488.95
0.12,0.12,0.0,576.69293,492.24988,374.48773,488.91364
0.15,0.12,0.0,637.576,491.4775,435.13147,488.95596
0.18,0.12,0.0,698.4811,490.732,495.99088,489.0334
0.21,0.12,0.0,759.4027,490.02194,556.90173,489.08997
0.24,0.12,0.0,820.216,489.18484,617.8286,489.04477
0.27,0.12,0.0,881.0357,488.47446,678.7037,489.1528
0.0,0.15,0.0,336.3318,555.4797,140.23543,548.18805
0.03,0.15,0.0,396.39423,554.72363,198.01135,548.43964
0.06,0.15,0.0,456.64,554.08606,256.44904,548.7919
0.09,0.15,0.0,517.2831,553.27606,315.90994,548.9148
0.12,0.15,0.0,577.8952,552.3985,375.91263,548.9739
0.15,0.15,0.0,638.4653,551.57166,436.25302,549.05457
0.18,0.15,0.0,699.05725,550.8659,496.75327,549.14844
0.21,0.15,0.0,759.6742,550.1837,557.317,549.2782
0.24,0.15,0.0,820.1862,549.3289,617.96564,549.23157
0.27,0.15,0.0,880.6639,548.5783,678.5421,549.28467
0.0,0.18,0.0,338.88434,614.72144,143.19452,606.7533
0.03,0.18,0.0,398.5255,614.1615,200.49925,607.3733
0.06,0.18,0.0,458.52972,613.5075,258.74094,607.8363
0.09,0.18,0.0,518.7667,612.723,317.80472,608.13855
0.12,0.18,0.0,579.0607,611.9341,377.39963,608.34015
0.15,0.18,0.0,639.32965,611.12585,437.3746,608.5001
0.18,0.18,0.0,699.6178,610.4216,497.5339,608.6409
0.21,0.18,0.0,759.9319,609.7408,557.77246,608.77783
0.24,0.18,0.0,820.1649,608.91003,618.0927,608.7983
0.27,0.18,0.0,880.2624,608.0638,678.36755,608.8062
0.0,0.21,0.0,341.53052,673.27,146.36873,664.6002
0.03,0.21,0.0,400.76532,672.8822,203.2742,665.4878
0.06,0.21,0.0,460.4239,672.2317,261.22726,666.10065
0.09,0.21,0.0,520.32837,671.50183,319.84274,666.5537
0.12,0.21,0.0,580.2093,670.8657,378.94888,667.0459
0.15,0.21,0.0,640.1997,670.0456,438.545,667.2476
0.18,0.21,0.0,700.16455,669.27325,498.34152,667.41797
0.21,0.21,0.0,760.13983,668.61237,558.23804,667.6494
0.24,0.21,0.0,820.0269,667.7753,618.19806,667.67505
0.27,0.21,0.0,879.7542,666.87134,678.17725,667.70184
0.0,0.24,0.0,344.27234,731.0884,149.75758,721.5843
0.03,0.24,0.0,403.1214,730.81323,206.29187,722.738
0.06,0.24,0.0,462.42267,730.17413,263.87833,723.45355
0.09,0.24,0.0,521.8582,729.6202,322.01987,724.22046
0.12,0.24,0.0,581.37366,729.1616,380.58704,724.97125
0.15,0.24,0.0,641.0545,728.2608,439.81085,725.19257
0.18,0.24,0.0,700.65643,727.5002,499.22806,725.46857
0.21,0.24,0.0,760.31885,726.85175,558.71173,725.8052
0.24,0.24,0.0,819.7866,725.88403,618.3229,725.82
0.27,0.24,0.0,879.0994,724.90576,677.94714,725.8602
0.0,0.27,0.0,347.12692,787.9979,153.40654,777.65936
0.03,0.27,0.0,405.59622,787.79016,209.60454,778.9782
0.06,0.27,0.0,464.48068,787.21484,266.74716,779.85864
0.09,0.27,0.0,523.4985,786.7999,324.36658,780.88025
0.12,0.27,0.0,582.57825,786.6128,382.38068,781.9668
0.15,0.27,0.0,641.8521,785.6363,441.17828,782.2587
0.18,0.27,0.0,701.13074,784.8621,500.13388,782.61035
0.21,0.27,0.0,760.37756,784.26764,559.23846,783.1616
0.24,0.27,0.0,819.44543,783.06085,618.4649,783.02405
0.27,0.27,0.0,878.35156,782.05756,677.7021,783.1943
0.0,0.0,0.0,472.63858,140.36172,275.1169,137.8352
0.03,0.0,0.0,534.30817,141.77002,336.56677,139.30942
0.06,0.0,0.0,595.3791,143.37439,397.85086,141.06833
0.09,0.0,0.0,655.7671,145.11844,458.84366,143.07793
0.12,0.0,0.0,715.46094,147.01743,519.4008,145.3212
0.15,0.0,0.0,774.31024,149.01689,579.37714,147.71582
0.18,0.0,0.0,832.283,151.19377,638.67914,150.23747
0.21,0.0,0.0,889.3531,153.50694,697.3343,152.84814
0.24,0.0,0.0,945.3617,155.97014,755.14386,155.54884
0.27,0.0,0.0,1000.3059,158.63515,812.24475,158.37865
0.0,0.03,0.0,472.51126,201.20369,273.42816,198.11452
0.03,0.03,0.0,534.42114,202.37805,335.1623,199.50183
0.06,0.03,0.0,595.65814,203.7024,396.6896,201.11795
0.09,0.03,0.0,656.1756,205.10918,457.90607,202.97827
0.12,0.03,0.0,715.97186,206.64493,518.66425,204.99341
0.15,0.03,0.0,774.98425,208.23682,578.8193,207.09787
0.18,0.03,0.0,833.14435,209.93098,638.2854,209.28555
0.21,0.03,0.0,890.3767,211.71906,697.01666,211.52985
0.24,0.03,0.0,946.6065,213.68483,754.9956,213.86404
0.27,0.03,0.0,1001.7132,215.75311,812.21643,216.22205
0.0,0.06,0.0,472.5763,262.5634,272.01566,258.97067
0.03,0.06,0.0,534.59326,263.49396,333.9592,260.25204
0.06,0.06,0.0,595.96454,264.5274,395.74402,261.6902
0.09,0.06,0.0,656.5617,265.6099,457.15518,263.34384
0.12,0.06,0.0,716.4565,266.73352,518.01935,265.11154
0.15,0.06,0.0,775.5478,267.89368,578.2878,266.93448
0.18,0.06,0.0,833.845,269.1059,637.82684,268.7895
0.21,0.06,0.0,891.22766,270.39883,696.66296,270.62915
0.24,0.06,0.0,947.6129,271.87866,754.71106,272.55072
0.27,0.06,0.0,1002.85876,273.43002,812.0109,274.4814
0.0,0.09,0.0,472.74243,324.28906,270.8113,320.26114
0.03,0.09,0.0,534.85785,324.9779,332.9937,321.4177
0.06,0.09,0.0,596.3096,325.6147,394.94534,322.6445
0.09,0.09,0.0,656.97046,326.34018,456.5063,324.02026
0.12,0.09,0.0,716.86414,327.0903,517.488,325.51797
0.15,0.09,0.0,776.0084,327.85098,577.7772,327.02133
0.18,0.09,0.0,834.4505,328.58655,637.4132,328.4947
0.21,0.09,0.0,891.99316,329.45096,696.29407,329.9806
0.24,0.09,0.0,948.389,330.43573,754.3409,331.49774
0.27,0.09,0.0,1003.8928,331.42462,811.75,333.0037
0.0,0.12,0.0,472.99692,386.2622,269.88574,381.89603
0.03,0.12,0.0,535.1538,386.614,332.22635,382.844
0.06,0.12,0.0,596.65967,386.87314,394.29492,383.79245
0.09,0.12,0.0,657.35846,387.23755,455.9584,384.88828
0.12,0.12,0.0,717.239,387.61417,516.9936,386.06973
0.15,0.12,0.0,776.4097,387.9666,577.3112,387.2409
0.18,0.12,0.0,834.9388,388.2957,636.9841,388.33307
0.21,0.12,0.0,892.60333,388.67914,695.9165,389.44278
0.24,0.12,0.0,949.01434,389.21326,753.92303,390.59552
0.27,0.12,0.0,1004.67194,389.72574,811.41046,391.6508
0.0,0.15,0.0,473.29092,448.3401,269.15524,443.6778
0.03,0.15,0.0,535.48505,448.29086,331.5708,444.40094
0.06,0.15,0.0,597.0246,448.2253,393.74228,445.12558
0.09,0.15,0.0,657.6947,448.19824,455.43265,445.87012
0.12,0.15,0.0,717.57605,448.1679,516.52655,446.66144
0.15,0.15,0.0,776.7724,448.11676,576.8497,447.4865
0.18,0.15,0.0,835.30597,448.09134,636.5113,448.21854
0.21,0.15,0.0,893.07294,448.07816,695.4597,448.94138
0.24,0.15,0.0,949.5415,448.14853,753.4922,449.67386
0.27,0.15,0.0,1005.189,448.19595,810.9328,450.397
0.0,0.18,0.0,473.59152,510.41565,268.67722,505.5673
0.03,0.18,0.0,535.83575,509.9837,331.0313,506.00253
0.06,0.18,0.0,597.3578,509.5926,393.2412,506.4166
0.09,0.18,0.0,658.0098,509.18573,454.95175,506.86627
0.12,0.18,0.0,717.9365,508.75327,516.049,507.26788
0.15,0.18,0.0,777.1374,508.3365,576.3942,507.67282
0.18,0.18,0.0,835.64575,507.9178,636.04596,508.05063
0.21,0.18,0.0,893.38947,507.54868,694.9694,508.43802
0.24,0.18,0.0,950.052,507.1527,753.09906,508.81122
0.27,0.18,0.0,1005.5586,506.7493,810.4814,509.15686
0.0,0.21,0.0,473.9426,572.5779,268.3009,567.40576
0.03,0.21,0.0,536.167,571.7355,330.68326,567.6175
0.06,0.21,0.0,597.60297,570.9277,392.83484,567.76245
0.09,0.21,0.0,658.3435,570.10223,454.49927,567.86066
0.12,0.21,0.0,718.3329,569.3519,515.60364,567.8976
0.15,0.21,0.0,777.4733,568.55426,575.91534,567.88367
0.18,0.21,0.0,835.95654,567.7675,635.5545,567.8884
0.21,0.21,0.0,893.6866,566.97546,694.4994,567.8995
0.24,0.21,0.0,950.2985,566.1681,752.63806,567.9019
0.27,0.21,0.0,1005.81464,565.3021,810.0546,567.9367
0.0,0.24,0.0,474.30347,634.69073,268.17578,629.1648
0.03,0.24,0.0,536.5173,633.5436,330.4142,629.18353
0.06,0.24,0.0,597.91315,632.2901,392.4916,628.9931
0.09,0.24,0.0,658.61646,631.1314,454.10223,628.7614
0.12,0.24,0.0,718.68463,629.9971,515.1889,628.50806
0.15,0.24,0.0,777.81354,628.78217,575.4712,628.1223
0.18,0.24,0.0,836.2098,627.604,635.0812,627.75934
0.21,0.24,0.0,893.9226,626.4298,694.0581,627.4422
0.24,0.24,0.0,950.4132,625.11456,752.14386,627.0392
0.27,0.24,0.0,1005.8728,623.756,809.53485,626.6399
0.0,0.27,0.0,474.77594,696.7309,268.22147,690.7136
0.03,0.27,0.0,536.8851,695.2124,330.37463,690.48425
0.06,0.27,0.0,598.1988,693.56305,392.2893,690.0126
0.09,0.27,0.0,658.9073,692.0069,453.75647,689.5147
0.12,0.27,0.0,719.05096,690.61176,514.7612,689.0569
0.15,0.27,0.0,778.04645,688.9351,575.0327,688.2586
0.18,0.27,0.0,836.39246,687.33954,634.58136,687.5309
0.21,0.27,0.0,894.09766,685.7525,693.61676,686.91425
0.24,0.27,0.0,950.3364,683.86725,751.56604,686.024
0.27,0.27,0.0,1005.811,682.0442,808.9971,685.2389
0.0,0.0,0.0,477.34735,161.8541,288.4713,159.29527
0.03,0.0,0.0,535.99817,160.88347,345.95328,158.4271
0.06,0.0,0.0,594.7249,160.02676,403.9136,157.77348
0.09,0.0,0.0,653.4936,159.29984,462.23816,157.28815
0.12,0.0,0.0,712.2576,158.72687,520.8535,157.06743
0.15,0.0,0.0,770.9143,158.299,579.56726,157.00803
0.18,0.0,0.0,829.3545,158.0504,638.3633,157.02745
0.21,0.0,0.0,887.52496,157.96095,697.1145,157.18036
0.24,0.0,0.0,945.25,158.06679,755.80286,157.43227
0.27,0.0,0.0,1002.4778,158.41109,814.3453,157.87158
0.0,0.03,0.0,476.791,217.98055,285.60272,214.90608
0.03,0.03,0.0,535.88885,217.0378,343.6013,214.22409
0.06,0.03,0.0,595.10364,216.24281,402.0876,213.72997
0.09,0.03,0.0,654.27545,215.5767,460.8941,213.45482
0.12,0.03,0.0,713.4425,214.96455,519.9477,213.31848
0.15,0.03,0.0,772.4961,214.43387,579.0977,213.26462
0.18,0.03,0.0,831.4275,214.0298,638.3138,213.35078
0.21,0.03,0.0,890.06946,213.76735,697.50745,213.46284
0.24,0.03,0.0,948.3095,213.70963,756.6015,213.65503
0.27,0.03,0.0,1006.0398,213.84831,815.58136,213.98587
0.0,0.06,0.0,476.32135,275.0489,282.89838,271.5466
0.03,0.06,0.0,535.83466,274.22308,341.38547,271.06503
0.06,0.06,0.0,595.4165,273.46585,400.34662,270.7141
0.09,0.06,0.0,655.01526,272.787,459.61612,270.58167
0.12,0.06,0.0,714.5644,272.156,519.1352,270.5419
0.15,0.06,0.0,774.0322,271.55692,578.67804,270.54968
0.18,0.06,0.0,833.37006,271.008,638.2735,270.60248
0.21,0.06,0.0,892.49255,270.6079,697.8134,270.69626
0.24,0.06,0.0,951.1827,270.34424,757.3247,270.85883
0.27,0.06,0.0,1009.39386,270.22937,816.6951,271.06967
0.0,0.09,0.0,475.91937,332.9982,280.36972,329.05234
0.03,0.09,0.0,535.8751,332.29126,339.3568,328.81754
0.06,0.09,0.0,595.81177,331.49387,398.713,328.55893
0.09,0.09,0.0,655.7684,330.78735,458.44202,328.51273
0.12,0.09,0.0,715.6654,330.16428,518.33923,328.5922
0.15,0.09,0.0,775.51886,329.54166,578.2764,328.6818
0.18,0.09,0.0,835.2753,328.84204,638.19196,328.66763
0.21,0.09,0.0,894.81323,328.27936,698.1155,328.72565
0.24,0.09,0.0,953.9159,327.9615,757.9649,328.8914
0.27,0.09,0.0,1012.61676,327.60855,817.769,328.9627
0.0,0.12,0.0,475.60474,391.77686,278.0186,387.48904
0.03,0.12,0.0,535.96356,391.13232,337.4831,387.42877
0.06,0.12,0.0,596.22064,390.2624,397.17804,387.23917
0.09,0.12,0.0,656.5094,389.56284,457.3154,387.26263
0.12,0.12,0.0,716.75555,388.95657,517.6193,387.42886
0.15,0.12,0.0,776.91315,388.27576,577.89935,387.51038
0.18,0.12,0.0,837.09033,387.51395,638.1527,387.50613
0.21,0.12,0.0,897.0514,386.8082,698.41516,387.50934
0.24,0.12,0.0,956.5355,386.3831,758.578,387.6918
0.27,0.12,0.0,1015.628,385.85617,818.74225,387.66803
0.0,0.15,0.0,475.3494,451.27637,275.90515,446.7193
0.03,0.15,0.0,536.0231,450.587,335.64642,446.75467
0.06,0.15,0.0,596.6334,449.76004,395.7422,446.64743
0.09,0.15,0.0,657.2772,449.0726,456.25186,446.76013
0.12,0.15,0.0,717.835,448.4084,516.8989,446.916
0.15,0.15,0.0,778.3541,447.6884,577.51605,446.9847
0.18,0.15,0.0,838.8493,446.89377,638.08685,446.99924
0.21,0.15,0.0,899.20044,446.13367,698.6531,446.9738
0.24,0.15,0.0,959.046,445.56064,759.16003,447.11176
0.27,0.15,0.0,1018.476,444.89597,819.6608,447.09564
0.0,0.18,0.0,475.10022,511.46518,273.89093,506.61017
0.03,0.18,0.0,536.0721,510.7004,333.887,506.7262
0.06,0.18,0.0,597.0629,509.93433,394.39188,506.80142
0.09,0.18,0.0,657.99963,509.2099,455.22217,506.93167
0.12,0.18,0.0,718.88025,508.4727,516.15314,507.01843
0.15,0.18,0.0,779.73566,507.73502,577.1183,507.0928
0.18,0.18,0.0,840.55853,506.97498,638.00964,507.11328
0.21,0.18,0.0,901.26117,506.1872,698.894,507.122
0.24,0.18,0.0,961.4712,505.41202,759.72235,507.1461
0.27,0.18,0.0,1021.1531,504.64175,820.5699,507.19492
0.0,0.21,0.0,474.83716,572.2598,271.99542,567.1213
0.03,0.21,0.0,536.1563,571.48315,332.26126,567.3475
0.06,0.21,0.0,597.46606,570.7422,393.10233,567.58234
0.09,0.21,0.0,658.74994,570.0154,454.2152,567.6921
0.12,0.21,0.0,719.97974,569.1933,515.4167,567.73804
0.15,0.21,0.0,781.1592,568.47076,576.6889,567.83386
0.18,0.21,0.0,842.2598,567.67554,637.94965,567.8467
0.21,0.21,0.0,903.2507,566.8317,699.14966,567.86304
0.24,0.21,0.0,963.7603,565.95416,760.3074,567.89886
0.27,0.21,0.0,1023.7119,565.03,821.45074,567.91144
0.0,0.24,0.0,474.59296,633.686,270.27432,628.11633
0.03,0.24,0.0,536.21246,632.98145,330.76184,628.54193
0.06,0.24,0.0,597.867,632.2409,391.88397,628.885
0.09,0.24,0.0,659.4822,631.44476,453.19983,629.08594
0.12,0.24,0.0,721.05914,630.62537,514.67474,629.14417
0.15,0.24,0.0,782.53375,629.8427,576.2666,629.2389
0.18,0.24,0.0,843.9178,629.0297,637.8569,629.27606
0.21,0.24,0.0,905.1842,628.0856,699.3898,629.2596
0.24,0.24,0.0,965.87885,627.04987,760.8896,629.2993
0.27,0.24,0.0,1026.0885,625.9221,822.2699,629.22797
0.0,0.27,0.0,474.40305,695.70233,268.72687,689.5619
0.03,0.27,0.0,536.35065,695.05396,329.4282,690.1999
0.06,0.27,0.0,598.2937,694.3005,390.79477,690.6809
0.09,0.27,0.0,660.1893,693.51196,452.2688,690.9337
0.12,0.27,0.0,722.1306,692.68335,513.927,691.1379
0.15,0.27,0.0,783.8794,691.8189,575.87915,691.2447
0.18,0.27,0.0,845.4906,690.894,637.7549,691.2853
0.21,0.27,0.0,907.0431,689.8252,699.63336,691.26654
0.24,0.27,0.0,967.8151,688.61017,761.3715,691.2148
0.27,0.27,0.0,1028.2845,687.2547,823.08167,691.0882
0.0,0.0,0.0,468.39743,145.22636,271.50162,142.9201
0.03,0.0,0.0,529.82745,143.97928,331.54306,141.73022
0.06,0.0,0.0,591.35144,142.94571,392.13333,140.80128
0.09,0.0,0.0,653.01294,142.07074,453.17798,140.10403
0.12,0.0,0.0,714.6563,141.32768,514.5927,139.67412
0.15,0.0,0.0,776.18677,140.82272,576.1896,139.43625
0.18,0.0,0.0,837.52875,140.49968,637.872,139.39818
0.21,0.0,0.0,898.55853,140.37317,699.5619,139.47491
0.24,0.0,0.0,959.05786,140.60315,761.1585,139.73036
0.27,0.0,0.0,1019.0227,141.0722,822.6215,140.17076
0.0,0.03,0.0,469.7512,206.94685,272.192,204.0066
0.03,0.03,0.0,531.0439,205.85222,332.14648,203.08734
0.06,0.03,0.0,592.4575,204.86261,392.71487,202.40298
0.09,0.03,0.0,653.9388,204.0421,453.7193,201.95697
0.12,0.03,0.0,715.3745,203.3061,514.97705,201.65134
0.15,0.03,0.0,776.74176,202.69687,576.4214,201.4939
0.18,0.03,0.0,837.96936,202.22115,637.9216,201.46385
0.21,0.03,0.0,898.90625,201.90958,699.4212,201.55573
0.24,0.03,0.0,959.39923,201.86382,760.8371,201.7518
0.27,0.03,0.0,1019.30145,202.05563,822.2214,202.0222
0.0,0.06,0.0,471.22998,268.59854,273.13058,265.07193
0.03,0.06,0.0,532.33777,267.59863,333.04025,264.42706
0.06,0.06,0.0,593.5502,266.692,393.5226,263.97336
0.09,0.06,0.0,654.7813,265.8821,454.36932,263.6507
0.12,0.06,0.0,716.0376,265.11862,515.49194,263.47287
0.15,0.06,0.0,777.1832,264.40222,576.6888,263.40125
0.18,0.06,0.0,838.2504,263.82138,637.9765,263.41174
0.21,0.06,0.0,899.0537,263.4116,699.24384,263.43948
0.24,0.06,0.0,959.4245,263.12085,760.47656,263.60263
0.27,0.06,0.0,1019.2594,263.04877,821.6084,263.79022
0.0,0.09,0.0,472.78693,329.91214,274.30054,325.9755
0.03,0.09,0.0,533.7221,329.00323,334.18683,325.5053
0.06,0.09,0.0,594.72424,328.1715,394.4765,325.21945
0.09,0.09,0.0,655.6507,327.29385,455.11508,325.08984
0.12,0.09,0.0,716.6017,326.55035,516.0891,324.9842
0.15,0.09,0.0,777.512,325.8096,577.03217,324.9373
0.18,0.09,0.0,838.3884,325.1475,638.0426,324.96243
0.21,0.09,0.0,899.02277,324.58685,699.0461,325.04462
0.24,0.09,0.0,959.21063,324.13953,759.9836,325.10577
0.27,0.09,0.0,1018.99,323.86435,820.91034,325.21402
0.0,0.12,0.0,474.47345,390.81467,275.7438,386.50217
0.03,0.12,0.0,535.17413,389.9458,335.50162,386.24203
0.06,0.12,0.0,595.81757,389.19284,395.51105,386.12994
0.09,0.12,0.0,656.4967,388.3544,456.01163,386.0564
0.12,0.12,0.0,717.1479,387.5325,516.6993,385.99985
0.15,0.12,0.0,777.7822,386.7693,577.42194,386.02585
0.18,0.12,0.0,838.4068,386.06445,638.07043,386.0697
0.21,0.12,0.0,898.8509,385.41745,698.787,386.13086
0.24,0.12,0.0,958.8166,384.80417,759.45276,386.1155
0.27,0.12,0.0,1018.42804,384.3423,820.1199,386.182
0.0,0.15,0.0,476.20468,451.1757,277.41138,446.60162
0.03,0.15,0.0,536.57886,450.3451,336.8878,446.51855
0.06,0.15,0.0,596.9323,449.5958,396.7147,446.51703
0.09,0.15,0.0,657.3053,448.77765,456.9331,446.48138
0.12,0.15,0.0,717.64557,447.92496,517.37134,446.4643
0.15,0.15,0.0,778.014,447.152,577.77075,446.47263
0.18,0.15,0.0,838.2973,446.43015,638.13416,446.5313
0.21,0.15,0.0,898.55444,445.7445,698.5137,446.60352
0.24,0.15,0.0,958.3008,445.01178,758.86536,446.5482
0.27,0.15,0.0,1017.6326,444.4121,819.23956,446.62146
0.0,0.18,0.0,477.89725,510.92966,279.21924,506.1578
0.03,0.18,0.0,537.9507,510.16266,338.35873,506.25607
0.06,0.18,0.0,598.04645,509.37125,397.97513,506.3065
0.09,0.18,0.0,658.1114,508.5423,457.9381,506.29034
0.12,0.18,0.0,718.15405,507.74518,518.0056,506.30142
0.15,0.18,0.0,778.18335,506.9666,578.1039,506.31412
0.18,0.18,0.0,838.2301,506.2286,638.1843,506.3568
0.21,0.18,0.0,898.1354,505.5151,698.24963,506.45117
0.24,0.18,0.0,957.6519,504.71124,758.29376,506.45584
0.27,0.18,0.0,1016.67816,503.95334,818.3436,506.4516
0.0,0.21,0.0,479.58707,570.13245,281.1751,565.16327
0.03,0.21,0.0,539.31335,569.3919,339.94492,565.37384
0.06,0.21,0.0,599.12494,568.51337,399.31885,565.4215
0.09,0.21,0.0,658.88,567.68274,458.93686,565.46344
0.12,0.21,0.0,718.6407,566.97455,518.6283,565.5542
0.15,0.21,0.0,778.37524,566.1546,578.4361,565.53723
0.18,0.21,0.0,838.05396,565.39325,638.2066,565.556
0.21,0.21,0.0,897.6464,564.65784,697.96545,565.65125
0.24,0.21,0.0,956.8801,563.7979,757.7391,565.68604
0.27,0.21,0.0,1015.5737,562.8879,817.43866,565.6735
0.0,0.24,0.0,481.28516,628.75354,283.19122,623.4769
0.03,0.24,0.0,540.6867,628.0054,341.6668,623.8039
0.06,0.24,0.0,600.1873,627.08307,400.7214,623.9026
0.09,0.24,0.0,659.6414,626.30225,459.9064,624.0306
0.12,0.24,0.0,719.11487,625.6669,519.2557,624.2473
0.15,0.24,0.0,778.5113,624.7747,578.72296,624.1782
0.18,0.24,0.0,837.85297,623.956,638.23737,624.15515
0.21,0.24,0.0,897.1216,623.23395,697.6908,624.34937
0.24,0.24,0.0,955.93774,622.2125,757.12585,624.2785
0.27,0.24,0.0,1014.2951,621.1669,816.509,624.27673
0.0,0.27,0.0,482.94525,686.702,285.37317,681.04254
0.03,0.27,0.0,542.083,685.96106,343.4997,681.46356
0.06,0.27,0.0,601.25305,684.9801,402.22986,681.6173
0.09,0.27,0.0,660.39417,684.25934,460.9947,681.82996
0.12,0.27,0.0,719.568,683.7606,519.905,682.26776
0.15,0.27,0.0,778.6041,682.72864,579.08026,682.127
0.18,0.27,0.0,837.60486,681.8288,638.2533,682.1528
0.21,0.27,0.0,896.5118,681.1142,697.3992,682.3886
0.24,0.27,0.0,954.84326,679.8437,756.4818,682.17114
0.27,0.27,0.0,1012.8756,678.75507,815.5444,682.18713
0.0,0.0,0.0,616.7934,257.73834,423.46887,255.15866
0.03,0.0,0.0,675.1057,255.10408,480.51324,253.1041
0.06,0.0,0.0,734.12067,252.49002,538.3582,251.05687
0.09,0.0,0.0,793.74036,249.93594,597.00525,249.06955
0.12,0.0,0.0,853.9738,247.50835,656.44006,247.14262
0.15,0.0,0.0,914.62085,245.20616,716.56464,245.23016
0.18,0.0,0.0,975.555,243.05867,777.3852,243.40088
0.21,0.0,0.0,1036.5676,241.12325,838.7809,241.64177
0.24,0.0,0.0,1097.4968,239.43611,900.7004,240.01215
0.27,0.0,0.0,1158.1166,238.05371,962.91113,238.54811
0.0,0.03,0.0,617.9353,316.47107,423.60648,313.83228
0.03,0.03,0.0,676.34015,314.1909,480.7648,312.15033
0.06,0.03,0.0,735.4218,311.89774,538.6813,310.56903
0.09,0.03,0.0,795.1477,309.6594,597.41846,308.9881
0.12,0.03,0.0,855.5187,307.47955,656.8861,307.4394
0.15,0.03,0.0,916.29675,305.39066,717.08264,305.8721
0.18,0.03,0.0,977.4547,303.41013,777.97675,304.32758
0.21,0.03,0.0,1038.7063,301.6228,839.5103,302.8275
0.24,0.03,0.0,1099.8486,299.99887,901.55554,301.44162
0.27,0.03,0.0,1160.7166,298.571,963.9887,300.18607
0.0,0.06,0.0,619.1111,375.38315,423.80746,372.6322
0.03,0.06,0.0,677.5443,373.47458,481.0378,371.42474
0.06,0.06,0.0,736.6531,371.51627,539.0587,370.22406
0.09,0.06,0.0,796.4392,369.59344,597.8314,369.0698
0.12,0.06,0.0,856.8956,367.6847,657.32434,367.88162
0.15,0.06,0.0,917.8214,365.85242,717.52704,366.65414
0.18,0.06,0.0,979.1074,364.07993,778.4809,365.45477
0.21,0.06,0.0,1040.5217,362.44788,840.0849,364.2735
0.24,0.06,0.0,1101.8738,360.84396,902.26917,363.16016
0.27,0.06,0.0,1162.9061,359.576,964.8276,362.1007
0.0,0.09,0.0,620.2705,434.352,424.0505,431.57275
0.03,0.09,0.0,678.73346,432.79065,481.42288,430.78015
0.06,0.09,0.0,737.8344,431.1982,539.4259,429.9528
0.09,0.09,0.0,797.7147,429.6095,598.24194,429.16833
0.12,0.09,0.0,858.2371,428.06076,657.7598,428.38245
0.15,0.09,0.0,919.2309,426.50668,717.9598,427.5386
0.18,0.09,0.0,980.6232,424.9847,778.9119,426.66867
0.21,0.09,0.0,1042.1454,423.52728,840.59375,425.81342
0.24,0.09,0.0,1103.5408,422.16397,902.8769,425.0326
0.27,0.09,0.0,1164.7367,420.83267,965.4954,424.2479
0.0,0.12,0.0,621.4135,493.34628,424.40497,490.60617
0.03,0.12,0.0,679.94073,492.1271,481.85587,490.1658
0.06,0.12,0.0,739.02094,490.9127,539.78143,489.7348
0.09,0.12,0.0,798.92523,489.6337,598.6225,489.29132
0.12,0.12,0.0,859.4474,488.43994,658.182,488.8187
0.15,0.12,0.0,920.52405,487.20062,718.39716,488.39764
0.18,0.12,0.0,981.973,485.96835,779.3729,487.93375
0.21,0.12,0.0,1043.5923,484.735,841.0376,487.44858
0.24,0.12,0.0,1104.9886,483.48755,903.3365,486.9834
0.27,0.12,0.0,1166.2167,482.25244,966.0391,486.47516
0.0,0.15,0.0,622.5987,552.3412,424.84204,549.5782
0.03,0.15,0.0,681.09937,551.4611,482.205,549.5497
0.06,0.15,0.0,740.21027,550.6525,540.145,549.5256
0.09,0.15,0.0,800.145,549.7926,599.0594,549.4324
0.12,0.15,0.0,860.67664,548.893,658.59045,549.34143
0.15,0.15,0.0,921.7155,547.9808,718.81104,549.26373
0.18,0.15,0.0,983.1554,547.0182,779.77985,549.16626
0.21,0.15,0.0,1044.7445,545.9964,841.4531,549.0978
0.24,0.15,0.0,1106.1316,544.8835,903.7347,548.92596
0.27,0.15,0.0,1167.3448,543.72174,966.3781,548.77185
0.0,0.18,0.0,623.75555,611.3809,425.35117,608.5593
0.03,0.18,0.0,682.2103,610.8852,482.55652,608.92566
0.06,0.18,0.0,741.40424,610.41705,540.5939,609.2614
0.09,0.18,0.0,801.3128,609.8818,599.479,609.5645
0.12,0.18,0.0,861.7948,609.33044,658.9782,609.83136
0.15,0.18,0.0,922.7989,608.70264,719.21295,610.12384
0.18,0.18,0.0,984.15314,607.9852,780.1717,610.40265
0.21,0.18,0.0,1045.6658,607.1795,841.7966,610.67444
0.24,0.18,0.0,1107.027,606.19354,904.02655,610.83386
0.27,0.18,0.0,1168.0709,605.09357,966.6059,610.91724
0.0,0.21,0.0,624.8759,670.4221,425.8639,667.44293
0.03,0.21,0.0,683.3343,670.324,482.9879,668.2561
0.06,0.21,0.0,742.5699,670.1075,541.0918,668.94745
0.09,0.21,0.0,802.42896,669.897,599.91986,669.6048
0.12,0.21,0.0,862.8484,669.69006,659.34216,670.3219
0.15,0.21,0.0,923.75366,669.2893,719.5848,670.93036
0.18,0.21,0.0,984.9608,668.7601,780.51587,671.552
0.21,0.21,0.0,1046.3436,668.16974,842.0782,672.1646
0.24,0.21,0.0,1107.5724,667.3095,904.1977,672.6194
0.27,0.21,0.0,1168.4954,666.27344,966.6651,672.91876
0.0,0.24,0.0,625.9791,729.3734,426.4364,726.1571
0.03,0.24,0.0,684.4639,729.6243,483.51102,727.40594
0.06,0.24,0.0,743.67163,729.68634,541.608,728.47955
0.09,0.24,0.0,803.4549,729.7931,600.34235,729.5398
0.12,0.24,0.0,863.74634,729.9032,659.6798,730.7112
0.15,0.24,0.0,924.51227,729.6607,719.90234,731.6136
0.18,0.24,0.0,985.5639,729.348,780.7794,732.521
0.21,0.24,0.0,1046.7695,728.8929,842.2416,733.5033
0.24,0.24,0.0,1107.7977,728.0807,904.1958,734.1045
0.27,0.24,0.0,1168.4547,727.07465,966.47394,734.6328
0.0,0.27,0.0,627.0872,788.11774,427.15076,784.53455
0.03,0.27,0.0,685.5595,788.6265,484.1966,786.2074
0.06,0.27,0.0,744.74316,788.93024,542.2197,787.6468
0.09,0.27,0.0,804.386,789.3146,600.7965,789.1624
0.12,0.27,0.0,864.49524,789.77496,659.98926,790.8126
0.15,0.27,0.0,925.0896,789.65454,720.20807,791.9518
0.18,0.27,0.0,985.9248,789.4645,780.93146,793.171
0.21,0.27,0.0,1046.9048,789.2131,842.2251,794.4353
0.24,0.27,0.0,1107.5845,788.344,903.9565,795.11383
0.27,0.27,0.0,1168.0886,787.3853,966.0186,795.87164
0.0,0.0,0.0,617.31464,240.59929,414.4127,238.12816
0.03,0.0,0.0,678.7329,241.91176,476.74487,239.90427
0.06,0.0,0.0,739.30804,243.26361,538.43567,241.83742
0.09,0.0,0.0,799.0836,244.65103,599.45776,243.79985
0.12,0.0,0.0,857.923,246.1713,659.7756,245.8311
0.15,0.0,0.0,915.75916,247.79701,719.3312,247.92273
0.18,0.0,0.0,972.4971,249.56062,778.06696,250.01964
0.21,0.0,0.0,1027.9979,251.45393,835.9777,252.19151
0.24,0.0,0.0,1082.2185,253.48865,892.91077,254.45944
0.27,0.0,0.0,1135.0508,255.73761,948.8782,256.79156
0.0,0.03,0.0,617.6744,302.62143,413.6396,299.9618
0.03,0.03,0.0,679.16406,303.53052,476.10565,301.4962
0.06,0.03,0.0,739.83136,304.43365,537.9267,303.11246
0.09,0.03,0.0,799.6391,305.38394,599.0229,304.74945
0.12,0.03,0.0,858.6241,306.4431,659.3947,306.42892
0.15,0.03,0.0,916.5823,307.54782,718.98694,308.08282
0.18,0.03,0.0,973.4755,308.7477,777.8054,309.7485
0.21,0.03,0.0,1029.1631,310.11124,835.77966,311.48376
0.24,0.03,0.0,1083.5457,311.56998,892.8482,313.24826
0.27,0.03,0.0,1136.4886,313.16104,948.9761,315.09616
0.0,0.06,0.0,618.0672,364.83838,412.97232,362.06622
0.03,0.06,0.0,679.5597,365.35724,475.53983,363.31314
0.06,0.06,0.0,740.28436,365.8455,537.4398,364.57996
0.09,0.06,0.0,800.1406,366.3816,598.5889,365.88046
0.12,0.06,0.0,859.17395,366.9482,658.94464,367.17532
0.15,0.06,0.0,917.2255,367.5784,718.562,368.43732
0.18,0.06,0.0,974.2838,368.28214,777.4434,369.6942
0.21,0.06,0.0,1030.1226,369.09653,835.5197,370.9628
0.24,0.06,0.0,1084.5912,369.9768,892.66266,372.27872
0.27,0.06,0.0,1137.6624,370.91776,948.887,373.62573
0.0,0.09,0.0,618.45667,427.13757,412.42566,424.31055
0.03,0.09,0.0,679.90137,427.26724,475.0188,425.22534
0.06,0.09,0.0,740.6911,427.3578,536.9851,426.11234
0.09,0.09,0.0,800.63586,427.45013,598.195,427.05264
0.12,0.09,0.0,859.6206,427.59705,658.51245,427.9415
0.15,0.09,0.0,917.74146,427.7565,718.1044,428.83218
0.18,0.09,0.0,974.9686,427.96973,777.06885,429.67624
0.21,0.09,0.0,1030.8647,428.25076,835.2137,430.55188
0.24,0.09,0.0,1085.319,428.58936,892.3522,431.4359
0.27,0.09,0.0,1138.5359,428.91183,948.68695,432.31287
0.0,0.12,0.0,618.84186,489.48544,411.90112,486.64713
0.03,0.12,0.0,680.2479,489.1693,474.55835,487.17538
0.06,0.12,0.0,741.1183,488.85922,536.5657,487.68207
0.09,0.12,0.0,801.01886,488.57852,597.747,488.19775
0.12,0.12,0.0,860.0049,488.31345,658.0461,488.7023
0.15,0.12,0.0,918.14935,488.03055,717.6559,489.20654
0.18,0.12,0.0,975.40875,487.75464,776.6348,489.69507
0.21,0.12,0.0,1031.4597,487.52878,834.8467,490.1642
0.24,0.12,0.0,1085.8127,487.29788,891.92804,490.62766
0.27,0.12,0.0,1139.1282,487.0698,948.3526,491.08295
0.0,0.15,0.0,619.16766,551.82184,411.48657,548.97845
0.03,0.15,0.0,680.6194,551.1132,474.10294,549.14703
0.06,0.15,0.0,741.48083,550.44055,536.0987,549.28876
0.09,0.15,0.0,801.3642,549.757,597.291,549.3997
0.12,0.15,0.0,860.35645,549.0313,657.5984,549.4896
0.15,0.15,0.0,918.48926,548.3449,717.2361,549.58923
0.18,0.15,0.0,975.70624,547.6161,776.16895,549.6814
0.21,0.15,0.0,1031.7515,546.85974,834.4309,549.80676
0.24,0.15,0.0,1086.1354,546.0459,891.5121,549.84674
0.27,0.15,0.0,1139.3762,545.2224,947.80383,549.85596
0.0,0.18,0.0,619.4645,614.1782,411.09198,611.2495
0.03,0.18,0.0,681.01904,613.0868,473.69733,611.0832
0.06,0.18,0.0,741.76355,612.0129,535.638,610.8541
0.09,0.18,0.0,801.62726,610.8876,596.76825,610.5537
0.12,0.18,0.0,860.68097,609.7613,657.16364,610.2583
0.15,0.18,0.0,918.72064,608.5966,716.7607,609.9844
0.18,0.18,0.0,975.8293,607.38574,775.6804,609.7275
0.21,0.18,0.0,1031.798,606.12933,833.8801,609.4178
0.24,0.18,0.0,1086.2518,604.7575,891.0388,609.0279
0.27,0.18,0.0,1139.2864,603.31696,947.20935,608.5612
0.0,0.21,0.0,619.7962,676.5699,410.83795,673.40546
0.03,0.21,0.0,681.38696,675.09735,473.33875,672.93933
0.06,0.21,0.0,742.023,673.5263,535.20465,672.3269
0.09,0.21,0.0,801.8513,671.9589,596.3186,671.63983
0.12,0.21,0.0,860.91724,670.42737,656.73627,671.0223
0.15,0.21,0.0,918.87537,668.7379,716.2922,670.31885
0.18,0.21,0.0,975.8029,667.0194,775.15015,669.60504
0.21,0.21,0.0,1031.6528,665.2143,833.26917,668.92175
0.24,0.21,0.0,1086.0347,663.27264,890.38477,668.0941
0.27,0.21,0.0,1138.994,661.2619,946.467,667.1468
0.0,0.24,0.0,620.17413,738.826,410.7093,735.332
0.03,0.24,0.0,681.68506,736.9165,473.0689,734.608
0.06,0.24,0.0,742.22003,734.87,534.79175,733.59717
0.09,0.24,0.0,802.0244,732.86633,595.84503,732.63525
0.12,0.24,0.0,861.1023,730.9225,656.30334,731.6808
0.15,0.24,0.0,918.8113,728.6808,715.767,730.5003
0.18,0.24,0.0,975.56946,726.3768,774.5466,729.37445
0.21,0.24,0.0,1031.3406,724.1026,832.63654,728.26825
0.24,0.24,0.0,1085.5007,721.5409,889.5783,726.90234
0.27,0.24,0.0,1138.3492,718.91064,945.537,725.4779
0.0,0.27,0.0,620.5768,800.75665,410.74246,796.8987
0.03,0.27,0.0,681.94434,798.4124,472.913,795.8403
0.06,0.27,0.0,742.31287,795.8571,534.48987,794.48773
0.09,0.27,0.0,802.03503,793.41614,595.4415,793.2128
0.12,0.27,0.0,861.1041,791.11743,655.8664,792.04004
0.15,0.27,0.0,918.5482,788.2652,715.2036,790.3956
0.18,0.27,0.0,975.1199,785.40546,773.8645,788.8101
0.21,0.27,0.0,1030.8239,782.59595,831.923,787.2997
0.24,0.27,0.0,1084.5983,779.3362,888.5362,785.30536
0.27,0.27,0.0,1137.4089,776.1041,944.4546,783.4329
0.0,0.0,0.0,614.9444,257.54034,421.3426,255.18173
0.03,0.0,0.0,674.12085,256.89365,480.25873,255.02702
0.06,0.0,0.0,733.21387,256.27698,539.3156,255.02222
0.09,0.0,0.0,792.1935,255.73457,598.45166,255.01123
0.12,0.0,0.0,851.0384,255.32779,657.60925,255.12143
0.15,0.0,0.0,909.5358,255.04771,716.68964,255.27547
0.18,0.0,0.0,967.6021,254.96582,775.6891,255.49133
0.21,0.0,0.0,1025.1156,255.0014,834.54785,255.75496
0.24,0.0,0.0,1081.8793,255.23398,893.1635,256.14017
0.27,0.0,0.0,1137.7651,255.70137,951.39685,256.67496
0.0,0.03,0.0,615.4519,315.1057,419.8808,312.5454
0.03,0.03,0.0,674.99243,314.41107,479.25586,312.4781
0.06,0.03,0.0,734.4671,313.7578,538.6842,312.49622
0.09,0.03,0.0,793.8357,313.16293,598.18604,312.58438
0.12,0.03,0.0,853.05225,312.64224,657.68,312.6875
0.15,0.03,0.0,911.9746,312.1961,717.1264,312.7891
0.18,0.03,0.0,970.5111,311.9403,776.49316,312.9198
0.21,0.03,0.0,1028.4465,311.73575,835.7584,313.114
0.24,0.03,0.0,1085.6531,311.71542,894.77826,313.37976
0.27,0.03,0.0,1141.9751,311.8753,953.4525,313.7523
0.0,0.06,0.0,616.01044,373.37552,418.51132,370.72546
0.03,0.06,0.0,675.83527,372.69904,478.25473,370.75076
0.06,0.06,0.0,735.66614,372.00513,538.08624,370.78992
0.09,0.06,0.0,795.3948,371.37366,597.92255,370.8977
0.12,0.06,0.0,854.98553,370.7517,657.7392,370.99802
0.15,0.06,0.0,914.3352,370.1987,717.50244,371.06253
0.18,0.06,0.0,973.2864,369.7327,777.24506,371.13403
0.21,0.06,0.0,1031.6444,369.36493,836.8745,371.24005
0.24,0.06,0.0,1089.2408,369.11258,896.3222,371.43347
0.27,0.06,0.0,1145.936,368.9496,955.38696,371.629
0.0,0.09,0.0,616.55194,432.32886,417.1996,429.59064
0.03,0.09,0.0,676.7067,431.69748,477.3315,429.69525
0.06,0.09,0.0,736.8484,430.89154,537.493,429.71634
0.09,0.09,0.0,796.9444,430.18924,597.65576,429.7995
0.12,0.09,0.0,856.8637,429.56744,657.7878,429.94464
0.15,0.09,0.0,916.5619,428.9217,717.8565,430.00354
0.18,0.09,0.0,975.95447,428.29376,777.95667,429.97995
0.21,0.09,0.0,1034.7001,427.72943,837.9586,430.0339
0.24,0.09,0.0,1092.5747,427.28015,897.72015,430.17282
0.27,0.09,0.0,1149.6732,426.8252,957.17615,430.28085
0.0,0.12,0.0,617.0848,491.94376,415.9239,489.17883
0.03,0.12,0.0,677.58026,491.2955,476.43884,489.34726
0.06,0.12,0.0,738.0567,490.43472,536.881,489.2964
0.09,0.12,0.0,798.48535,489.70847,597.3919,489.35712
0.12,0.12,0.0,858.7225,489.0652,657.84314,489.50317
0.15,0.12,0.0,918.74036,488.3659,718.21094,489.56738
0.18,0.12,0.0,978.47687,487.5714,778.6699,489.52686
0.21,0.12,0.0,1037.589,486.82257,839.02454,489.51178
0.24,0.12,0.0,1095.7021,486.20065,899.0634,489.62848
0.27,0.12,0.0,1153.1235,485.44156,958.8724,489.5913
0.0,0.15,0.0,617.6042,552.2244,414.72717,549.42584
0.03,0.15,0.0,678.4359,551.4869,475.5014,549.5417
0.06,0.15,0.0,739.2746,550.66736,536.2671,549.5329
0.09,0.15,0.0,799.9978,549.9365,597.10864,549.5868
0.12,0.15,0.0,860.51483,549.1978,657.8795,549.6701
0.15,0.15,0.0,920.8743,548.40717,718.5938,549.7407
0.18,0.15,0.0,980.8594,547.5296,779.3499,549.6906
0.21,0.15,0.0,1040.2709,546.5936,840.0004,549.65967
0.24,0.15,0.0,1098.6737,545.7068,900.38043,549.6684
0.27,0.15,0.0,1156.2698,544.6587,960.43243,549.5814
0.0,0.18,0.0,618.1091,613.17236,413.5723,610.24554
0.03,0.18,0.0,679.32306,612.382,474.5546,610.3697
0.06,0.18,0.0,740.45746,611.6145,535.66064,610.4392
0.09,0.18,0.0,801.4421,610.8204,596.82587,610.485
0.12,0.18,0.0,862.34186,609.9687,657.91327,610.5433
0.15,0.18,0.0,922.90076,609.0738,718.96027,610.5317
0.18,0.18,0.0,983.0904,608.05695,779.99554,610.5235
0.21,0.18,0.0,1042.7056,606.944,840.9473,610.45294
0.24,0.18,0.0,1101.399,605.7269,901.6349,610.3248
0.27,0.18,0.0,1159.0953,604.4499,961.8454,610.1194
0.0,0.21,0.0,618.6617,674.7275,412.46414,671.5795
0.03,0.21,0.0,680.17615,673.95074,473.70865,671.768
0.06,0.21,0.0,741.56244,673.0984,535.12,671.8816
0.09,0.21,0.0,802.88336,672.2327,596.5503,671.9578
0.12,0.21,0.0,864.0352,671.2904,657.94025,671.92633
0.15,0.21,0.0,924.8348,670.2329,719.3089,671.9499
0.18,0.21,0.0,985.1587,669.0408,780.5994,671.9047
0.21,0.21,0.0,1044.9592,667.71893,841.8369,671.743
0.24,0.21,0.0,1103.8005,666.2031,902.7262,671.4894
0.27,0.21,0.0,1161.6185,664.5947,963.16254,671.1211
0.0,0.24,0.0,619.1958,736.8326,411.47433,733.33344
0.03,0.24,0.0,680.99963,736.06396,472.94,733.66974
0.06,0.24,0.0,742.67816,735.1202,534.59644,733.873
0.09,0.24,0.0,804.2349,734.1767,596.2777,733.91437
0.12,0.24,0.0,865.6592,733.1049,657.9866,733.9723
0.15,0.24,0.0,926.574,731.82336,719.5888,733.87714
0.18,0.24,0.0,987.02686,730.42847,781.144,733.76465
0.21,0.24,0.0,1046.9757,728.8158,842.6116,733.5127
0.24,0.24,0.0,1105.8726,727.0268,903.62244,733.0779
0.27,0.24,0.0,1163.774,725.0266,964.2422,732.43994
0.0,0.27,0.0,619.7685,799.3451,410.63358,795.37537
0.03,0.27,0.0,681.79553,798.4485,472.26526,795.8172
0.06,0.27,0.0,743.6994,797.46783,534.14453,796.06305
0.09,0.27,0.0,805.4641,796.3365,596.0285,796.1877
0.12,0.27,0.0,867.12683,795.16425,657.99615,796.29407
0.15,0.27,0.0,928.08997,793.66394,719.82135,796.1193
0.18,0.27,0.0,988.6367,791.9744,781.58594,795.86835
0.21,0.27,0.0,1048.7352,790.1747,843.2504,795.5157
0.24,0.27,0.0,1107.5375,787.9423,904.3392,794.85034
0.27,0.27,0.0,1165.5756,785.5636,965.0564,794.0336
0.0,0.0,0.0,612.6261,245.41306,410.24033,242.85823
0.03,0.0,0.0,674.66656,244.61032,471.9769,242.57939
0.06,0.0,0.0,736.61884,243.87596,533.92633,242.37854
0.09,0.0,0.0,798.50653,243.21138,595.9748,242.28487
0.12,0.0,0.0,860.22174,242.73187,658.05524,242.31989
0.15,0.0,0.0,921.5998,242.35826,720.13586,242.41078
0.18,0.0,0.0,982.4695,242.26721,782.1238,242.54384
0.21,0.0,0.0,1042.6919,242.346,843.9678,242.85123
0.24,0.0,0.0,1102.0984,242.64986,905.5079,243.27666
0.27,0.0,0.0,1160.462,243.2556,966.5733,243.90451
0.0,0.03,0.0,613.6783,307.73706,411.1414,305.0442
0.03,0.03,0.0,675.46216,306.92444,472.70926,304.85257
0.06,0.03,0.0,737.1876,306.12888,534.4455,304.77582
0.09,0.03,0.0,798.83636,305.42377,596.21234,304.75806
0.12,0.03,0.0,860.355,304.80374,658.0597,304.7745
0.15,0.03,0.0,921.5874,304.26218,719.8472,304.8063
0.18,0.03,0.0,982.3537,303.95908,781.6079,304.90698
0.21,0.03,0.0,1042.5092,303.8129,843.20996,305.10388
0.24,0.03,0.0,1101.8136,303.8191,904.5929,305.35208
0.27,0.03,0.0,1160.1608,304.0403,965.55585,305.77975
0.0,0.06,0.0,614.73315,369.6256,412.16373,366.82608
0.03,0.06,0.0,676.2407,368.81143,473.56696,366.7506
0.06,0.06,0.0,737.6836,368.00067,535.00134,366.72696
0.09,0.06,0.0,799.0759,367.22726,596.5009,366.7259
0.12,0.06,0.0,860.35455,366.5626,658.0368,366.75412
0.15,0.06,0.0,921.3716,365.8827,719.531,366.7554
0.18,0.06,0.0,982.0192,365.3806,781.0106,366.81516
0.21,0.06,0.0,1042.0006,365.00226,842.3548,366.87665
0.24,0.06,0.0,1101.2051,364.74002,903.5195,367.0732
0.27,0.06,0.0,1159.4266,364.63608,964.296,367.31717
0.0,0.09,0.0,615.7646,430.9388,413.2653,428.11975
0.03,0.09,0.0,676.9626,430.0907,474.41638,428.0653
0.06,0.09,0.0,738.12616,429.30267,535.5971,428.0934
0.09,0.09,0.0,799.26404,428.50204,596.77264,428.11343
0.12,0.09,0.0,860.24756,427.708,657.9722,428.10794
0.15,0.09,0.0,921.03503,426.99808,719.14825,428.0876
0.18,0.09,0.0,981.5248,426.37344,780.33575,428.1458
0.21,0.09,0.0,1041.348,425.80698,841.46106,428.18906
0.24,0.09,0.0,1100.2673,425.2792,902.31665,428.227
0.27,0.09,0.0,1158.3701,424.87585,962.8953,428.3983
0.0,0.12,0.0,616.82166,491.616,414.45312,488.83502
0.03,0.12,0.0,677.67706,490.73697,475.32022,488.7725
0.06,0.12,0.0,738.5496,490.02478,536.13354,488.85034
0.09,0.12,0.0,799.41595,489.20886,597.0788,488.8232
0.12,0.12,0.0,860.0841,488.3738,657.92975,488.77518
0.15,0.12,0.0,920.5642,487.549,718.74774,488.77902
0.18,0.12,0.0,980.80365,486.8851,779.65814,488.83066
0.21,0.12,0.0,1040.429,486.19534,840.52814,488.89026
0.24,0.12,0.0,1099.0554,485.37482,901.0045,488.83273
0.27,0.12,0.0,1157.0531,484.73615,961.33887,488.91956
0.0,0.15,0.0,617.8276,551.6932,415.71588,548.8748
0.03,0.15,0.0,678.4069,550.83344,476.19922,548.87506
0.06,0.15,0.0,738.96265,550.15546,536.7161,548.96936
0.09,0.15,0.0,799.5041,549.3013,597.34174,548.95166
0.12,0.15,0.0,859.87036,548.4352,657.86584,548.85254
0.15,0.15,0.0,920.06946,547.59906,718.4158,548.85297
0.18,0.15,0.0,979.9744,546.7726,778.97345,548.91205
0.21,0.15,0.0,1039.3103,545.956,839.4911,548.9895
0.24,0.15,0.0,1097.67,544.93317,899.7077,548.86633
0.27,0.15,0.0,1155.2856,543.98157,959.6375,548.81396
0.0,0.18,0.0,618.8157,611.23395,416.98334,608.25336
0.03,0.18,0.0,679.09094,610.42737,477.0729,608.36896
0.06,0.18,0.0,739.3259,609.638,537.3118,608.4375
0.09,0.18,0.0,799.54266,608.7715,597.5626,608.37463
0.12,0.18,0.0,859.6132,607.9179,657.8098,608.3466
0.15,0.18,0.0,919.4285,607.00336,718.0241,608.31244
0.18,0.18,0.0,978.9773,606.06006,778.2498,608.3338
0.21,0.18,0.0,1037.9233,605.05145,838.4071,608.3758
0.24,0.18,0.0,1096.0447,603.8549,898.3375,608.2368
0.27,0.18,0.0,1153.237,602.59296,957.8679,608.00543
0.0,0.21,0.0,619.7862,670.122,418.31143,666.9635
0.03,0.21,0.0,679.7552,669.3614,478.01776,667.135
0.06,0.21,0.0,739.66626,668.4631,537.91534,667.15485
0.09,0.21,0.0,799.5219,667.55273,597.8191,667.1264
0.12,0.21,0.0,859.3004,666.7432,657.72723,667.2079
0.15,0.21,0.0,918.72345,665.6485,717.6305,667.09827
0.18,0.21,0.0,977.79724,664.5239,777.4965,667.04834
0.21,0.21,0.0,1036.3704,663.38727,837.28345,667.07336
0.24,0.21,0.0,1094.1167,661.98206,896.81866,666.8533
0.27,0.21,0.0,1150.9456,660.49274,955.96,666.51544
0.0,0.24,0.0,620.7327,728.39,419.6974,724.90497
0.03,0.24,0.0,680.3996,727.6107,479.01907,725.1752
0.06,0.24,0.0,739.9554,726.5703,538.5429,725.1227
0.09,0.24,0.0,799.4569,725.6685,598.09064,725.19055
0.12,0.24,0.0,858.8721,724.8474,657.6697,725.3903
0.15,0.24,0.0,917.8434,723.5762,717.1951,725.1792
0.18,0.24,0.0,976.473,722.26324,776.6648,725.07416
0.21,0.24,0.0,1034.6632,720.9917,836.08356,725.0414
0.24,0.24,0.0,1091.923,719.2807,895.16437,724.6455
0.27,0.24,0.0,1148.3333,717.49927,953.88837,724.1397
0.0,0.27,0.0,621.726,785.87756,421.21313,781.96045
0.03,0.27,0.0,681.00104,784.9787,480.1199,782.25946
0.06,0.27,0.0,740.1816,783.8171,539.2441,782.224
0.09,0.27,0.0,799.28265,782.8261,598.38184,782.3504
0.12,0.27,0.0,858.3408,782.0968,657.5641,782.7311
0.15,0.27,0.0,916.803,780.5697,716.6932,782.393
0.18,0.27,0.0,974.9632,779.08185,775.7873,782.1719
0.21,0.27,0.0,1032.7576,777.70544,834.8273,782.1441
0.24,0.27,0.0,1089.4314,775.5787,893.3621,781.40204
0.27,0.27,0.0,1145.5099,773.6112,951.67505,780.90094
0.0,0.0,0.0,479.13013,358.75116,285.38394,354.69998
0.03,0.0,0.0,536.8986,356.669,341.10605,353.1399
0.06,0.0,0.0,595.3418,354.60513,397.90585,351.6384
0.09,0.0,0.0,654.5261,352.53287,455.7023,350.2293
0.12,0.0,0.0,714.49066,350.43265,514.4551,348.83517
0.15,0.0,0.0,775.12744,348.35843,573.973,347.5
0.18,0.0,0.0,836.4272,346.29416,634.2688,346.15787
0.21,0.0,0.0,898.2893,344.29385,695.29913,344.79367
0.24,0.0,0.0,960.55524,342.39307,757.1032,343.4222
0.27,0.0,0.0,1023.0063,340.63962,819.648,342.08026
0.0,0.03,0.0,480.2143,417.8357,285.41177,413.51968
0.03,0.03,0.0,538.0385,416.16818,341.25195,412.44717
0.06,0.03,0.0,596.54626,414.45758,398.15393,411.44135
0.09,0.03,0.0,655.7818,412.79095,456.05878,410.4585
0.12,0.03,0.0,715.7248,411.06122,514.858,409.5217
0.15,0.03,0.0,776.43176,409.317,574.39417,408.57925
0.18,0.03,0.0,837.7669,407.588,634.7288,407.62726
0.21,0.03,0.0,899.73676,405.88397,695.7609,406.64627
0.24,0.03,0.0,962.10333,404.24347,757.60254,405.65604
0.27,0.03,0.0,1024.6992,402.6981,820.1731,404.6474
0.0,0.06,0.0,481.33087,477.02927,285.64172,472.47012
0.03,0.06,0.0,539.18146,475.7254,341.51968,471.934
0.06,0.06,0.0,597.74646,474.4025,398.4572,471.36096
0.09,0.06,0.0,656.9679,473.06155,456.41418,470.78088
0.12,0.06,0.0,716.9462,471.71695,515.2636,470.2225
0.15,0.06,0.0,777.64435,470.37885,574.7899,469.67822
0.18,0.06,0.0,839.0523,468.98996,635.1181,469.09192
0.21,0.06,0.0,901.0755,467.6233,696.1711,468.5203
0.24,0.06,0.0,963.50867,466.2669,758.02606,467.9064
0.27,0.06,0.0,1026.1444,464.94308,820.6432,467.29956
0.0,0.09,0.0,482.43683,536.2596,285.94772,531.48914
0.03,0.09,0.0,540.3614,535.28235,341.9462,531.4071
0.06,0.09,0.0,598.8618,534.34595,398.81427,531.25616
0.09,0.09,0.0,658.1442,533.3785,456.78168,531.11255
0.12,0.09,0.0,718.1539,532.4164,515.6858,530.9268
0.15,0.09,0.0,778.86334,531.40594,575.24805,530.75806
0.18,0.09,0.0,840.28973,530.40924,635.5069,530.56366
0.21,0.09,0.0,902.346,529.4238,696.63324,530.3879
0.24,0.09,0.0,964.7699,528.37317,758.4267,530.1905
0.27,0.09,0.0,1027.4065,527.2269,821.03656,529.9858
0.0,0.12,0.0,483.57547,595.4796,286.51077,590.4108
0.03,0.12,0.0,541.53986,594.874,342.51514,590.7965
0.06,0.12,0.0,599.9798,594.32764,399.21185,591.17554
0.09,0.12,0.0,659.3002,593.7052,457.1934,591.4386
0.12,0.12,0.0,719.3878,593.075,516.1119,591.6511
0.15,0.12,0.0,780.0798,592.4529,575.6534,591.82745
0.18,0.12,0.0,841.47437,591.85547,635.9217,592.0513
0.21,0.12,0.0,903.5188,591.2119,696.965,592.28046
0.24,0.12,0.0,965.86237,590.37103,758.8758,592.44025
0.27,0.12,0.0,1028.4694,589.5077,821.452,592.6287
0.0,0.15,0.0,484.83713,654.63776,287.28775,649.20013
0.03,0.15,0.0,542.6877,654.4749,343.0911,650.09906
0.06,0.15,0.0,601.13556,654.33344,399.75955,650.9977
0.09,0.15,0.0,660.4736,654.08594,457.67703,651.68835
0.12,0.15,0.0,720.5482,653.7787,516.5402,652.2972
0.15,0.15,0.0,781.2643,653.50635,576.0479,652.8994
0.18,0.15,0.0,842.62823,653.2362,636.3783,653.5338
0.21,0.15,0.0,904.53674,652.8708,697.3669,654.1382
0.24,0.15,0.0,966.7876,652.2822,759.2398,654.6611
0.27,0.15,0.0,1029.2432,651.6147,821.7751,655.1868
0.0,0.18,0.0,486.09326,713.69885,288.23645,707.7652
0.03,0.18,0.0,543.8291,713.9836,343.79688,709.2454
0.06,0.18,0.0,602.31946,714.19525,400.48526,710.5799
0.09,0.18,0.0,661.6774,714.32043,458.31082,711.7554
0.12,0.18,0.0,721.6517,714.40717,516.97595,712.83453
0.15,0.18,0.0,782.34216,714.4517,576.4854,713.8543
0.18,0.18,0.0,843.6156,714.4432,636.74634,714.8842
0.21,0.18,0.0,905.3984,714.35364,697.75934,715.93445
0.24,0.18,0.0,967.5318,713.98627,759.5396,716.7907
0.27,0.18,0.0,1029.7963,713.47534,822.006,717.6119
0.0,0.21,0.0,487.4232,772.5137,289.3873,765.9944
0.03,0.21,0.0,545.0563,773.2195,344.704,768.01465
0.06,0.21,0.0,603.5851,773.78503,401.38925,769.8102
0.09,0.21,0.0,662.84766,774.2901,459.03845,771.482
0.12,0.21,0.0,722.7201,774.81085,517.49396,773.12537
0.15,0.21,0.0,783.3375,775.1025,576.93176,774.57806
0.18,0.21,0.0,844.4791,775.3504,637.1678,775.97107
0.21,0.21,0.0,906.09033,775.4866,698.08307,777.3626
0.24,0.21,0.0,968.01807,775.3144,759.7756,778.59595
0.27,0.21,0.0,1030.0742,774.915,822.10815,779.6761
0.0,0.24,0.0,488.85754,830.9429,290.69553,823.74115
0.03,0.24,0.0,546.35266,832.12994,345.90915,826.33307
0.06,0.24,0.0,604.88,832.98236,402.4945,828.58673
0.09,0.24,0.0,663.95154,833.9033,459.88336,830.8119
0.12,0.24,0.0,723.69556,834.80475,518.06824,833.0204
0.15,0.24,0.0,784.1926,835.34515,577.46515,834.8238
0.18,0.24,0.0,845.1786,835.7746,637.56775,836.59674
0.21,0.24,0.0,906.5825,836.171,698.32745,838.4209
0.24,0.24,0.0,968.22375,836.0914,759.8953,839.88477
0.27,0.24,0.0,1030.0114,835.7919,822.0218,841.22046
0.0,0.27,0.0,490.37802,888.872,292.24347,880.9129
0.03,0.27,0.0,547.8385,890.3791,347.33768,883.9714
0.06,0.27,0.0,606.19385,891.592,403.77548,886.6618
0.09,0.27,0.0,665.1102,892.8632,460.9143,889.4121
0.12,0.27,0.0,724.5847,894.2803,518.77246,892.26636
0.15,0.27,0.0,784.9067,894.91736,578.0532,894.42163
0.18,0.27,0.0,845.681,895.58704,637.9742,896.59045
0.21,0.27,0.0,906.79755,896.22815,698.5017,898.85394
0.24,0.27,0.0,968.176,896.09973,759.89417,900.4015
0.27,0.27,0.0,1029.6647,895.9861,821.7632,902.0846
