0.0,0.0,0.0,477.5531,164.65903,289.42633,161.06935
0.03,0.0,0.0,534.1541,161.049,344.2018,157.58035
0.06,0.0,0.0,591.64905,157.52429,400.04642,154.18098
0.09,0.0,0.0,649.90765,154.10179,456.953,150.97845
0.12,0.0,0.0,708.95197,150.79102,514.8766,147.90619
0.15,0.0,0.0,768.649,147.62007,573.64417,144.9414
0.18,0.0,0.0,828.93805,144.5538,633.2641,142.06972
0.21,0.0,0.0,889.6651,141.74529,693.5997,139.3091
0.24,0.0,0.0,950.7295,139.16238,754.64044,136.68823
0.27,0.0,0.0,1011.9244,136.89786,816.29047,134.20767
0.0,0.03,0.0,478.25427,222.14693,288.90176,218.31548
0.03,0.03,0.0,535.07794,218.98257,343.89413,215.37881
0.06,0.03,0.0,592.7263,215.89493,399.97696,212.50853
0.09,0.03,0.0,651.1269,212.83992,457.07306,209.82146
0.12,0.03,0.0,710.29706,209.84732,515.16473,207.2277
0.15,0.03,0.0,770.18475,206.9745,574.09595,204.68634
0.18,0.03,0.0,830.65674,204.15395,633.8567,202.22998
0.21,0.03,0.0,891.6655,201.51945,694.33264,199.79909
0.24,0.03,0.0,953.0168,199.06317,755.5473,197.48116
0.27,0.03,0.0,1014.52185,196.8649,817.41376,195.2737
0.0,0.06,0.0,479.10654,280.07913,288.61426,276.04602
0.03,0.06,0.0,536.05756,277.38092,343.7788,273.6364
0.06,0.06,0.0,593.79913,274.67252,400.0302,271.3296
0.09,0.06,0.0,652.3098,272.0354,457.32285,269.1161
0.12,0.06,0.0,711.6071,269.39767,515.53625,267.01224
0.15,0.06,0.0,771.59503,266.79837,574.58624,264.91992
0.18,0.06,0.0,832.25946,264.25864,634.4239,262.85623
0.21,0.06,0.0,893.4508,261.82944,695.0218,260.81055
0.24,0.06,0.0,955.0527,259.58282,756.3402,258.81198
0.27,0.06,0.0,1016.82794,257.51144,818.3302,256.82718
0.0,0.09,0.0,480.03912,338.29984,288.47028,334.13223
0.03,0.09,0.0,537.1444,336.06107,343.8838,332.28116
0.06,0.09,0.0,594.9063,333.74475,400.24207,330.4554
0.09,0.09,0.0,653.4998,331.46838,457.64188,328.72342
0.12,0.09,0.0,712.8801,329.21988,516.0061,327.07925
0.15,0.09,0.0,772.9515,326.9818,575.10706,325.44034
0.18,0.09,0.0,833.7147,324.7159,634.977,323.7477
0.21,0.09,0.0,895.0941,322.54932,695.6137,322.07986
0.24,0.09,0.0,956.84467,320.54398,757.06195,320.4526
0.27,0.09,0.0,1018.88245,318.6163,819.12463,318.76953
0.0,0.12,0.0,481.05997,396.75018,288.61273,392.49484
0.03,0.12,0.0,538.2893,394.89645,344.17865,391.16745
0.06,0.12,0.0,596.0122,392.97528,400.48523,389.794
0.09,0.12,0.0,654.69794,391.09753,458.03693,388.51672
0.12,0.12,0.0,714.148,389.21814,516.5551,387.32617
0.15,0.12,0.0,774.262,387.32376,575.6931,386.09552
0.18,0.12,0.0,835.1078,385.40634,635.52966,384.82547
0.21,0.12,0.0,896.59,383.53235,696.21185,383.51288
0.24,0.12,0.0,958.4994,381.7866,757.6873,382.27066
0.27,0.12,0.0,1020.6867,380.06213,819.8423,380.92416
0.0,0.15,0.0,482.19827,455.27896,288.95187,451.016
0.03,0.15,0.0,539.3911,453.79797,344.5307,450.17133
0.06,0.15,0.0,597.1831,452.29315,400.9038,449.29242
0.09,0.15,0.0,655.8784,450.81094,458.54324,448.46863
0.12,0.15,0.0,715.38916,449.3086,517.0642,447.63324
0.15,0.15,0.0,775.5359,447.79132,576.2687,446.78668
0.18,0.15,0.0,836.44556,446.24118,636.15094,445.90314
0.21,0.15,0.0,897.9668,444.7,696.7504,444.9904
0.24,0.15,0.0,959.9928,443.23007,758.2735,444.1257
0.27,0.15,0.0,1022.25244,441.77567,820.4416,443.212
0.0,0.18,0.0,483.35217,513.86456,289.46994,509.5892
0.03,0.18,0.0,540.4817,512.7979,344.89383,509.21286
0.06,0.18,0.0,598.3869,511.68616,401.4814,508.8233
0.09,0.18,0.0,657.1244,510.56787,459.13348,508.3895
0.12,0.18,0.0,716.5791,509.43903,517.57434,507.93134
0.15,0.18,0.0,776.7494,508.30542,576.7553,507.47818
0.18,0.18,0.0,837.7215,507.16696,636.67413,507.0043
0.21,0.18,0.0,899.2719,505.96478,697.3547,506.52393
0.24,0.18,0.0,961.32947,504.7498,758.7775,506.0044
0.27,0.18,0.0,1023.5874,503.59393,821.0479,505.45325
0.0,0.21,0.0,484.48297,572.4997,290.02606,568.16095
0.03,0.21,0.0,541.64655,571.8124,345.4274,568.2579
0.06,0.21,0.0,599.62445,571.0567,402.1269,568.2943
0.09,0.21,0.0,658.374,570.3233,459.73044,568.3166
0.12,0.21,0.0,717.77094,569.6001,518.03455,568.2508
0.15,0.21,0.0,778.0178,568.8562,577.29846,568.17554
0.18,0.21,0.0,838.95575,568.0703,637.2599,568.08167
0.21,0.21,0.0,900.51575,567.2272,697.87366,568.01056
0.24,0.21,0.0,962.56,566.35736,759.33417,567.8931
0.27,0.21,0.0,1024.7834,565.4204,821.5753,567.7889
0.0,0.24,0.0,485.61774,631.1251,290.68582,626.64
0.03,0.24,0.0,542.77484,630.82605,346.11295,627.2648
0.06,0.24,0.0,600.8669,630.4561,402.85397,627.70557
0.09,0.24,0.0,659.5454,630.0916,460.3217,628.1992
0.12,0.24,0.0,718.9429,629.7904,518.51605,628.5808
0.15,0.24,0.0,779.2332,629.3876,577.7896,628.87384
0.18,0.24,0.0,840.14355,628.9565,637.77246,629.1805
0.21,0.24,0.0,901.6561,628.5263,698.3951,629.5325
0.24,0.24,0.0,963.5888,627.8904,759.8766,629.81805
0.27,0.24,0.0,1025.7335,627.14874,822.0543,630.04724
0.0,0.27,0.0,486.79733,689.6737,291.5271,684.9683
0.03,0.27,0.0,544.0182,689.78595,346.94556,686.051
0.06,0.27,0.0,602.1062,689.7448,403.6495,686.9632
0.09,0.27,0.0,660.80054,689.79175,460.97937,687.8853
0.12,0.27,0.0,720.1027,689.975,518.9822,688.86334
0.15,0.27,0.0,780.37585,689.8346,578.32935,689.50903
0.18,0.27,0.0,841.2128,689.7289,638.2777,690.1931
0.21,0.27,0.0,902.6463,689.6484,698.8486,691.0194
0.24,0.27,0.0,964.4439,689.15765,760.35876,691.5579
0.27,0.27,0.0,1026.4694,688.6596,822.4414,692.1857
0.0,0.0,0.0,470.5512,348.7644,267.97678,344.44568
0.03,0.0,0.0,532.76984,349.18915,330.49866,345.34616
0.06,0.0,0.0,594.2986,349.68524,392.83145,346.33926
0.09,0.0,0.0,655.0809,350.1676,454.77722,347.45596
0.12,0.0,0.0,715.2545,350.66147,516.15735,348.65128
0.15,0.0,0.0,774.64325,351.22635,576.87225,349.87106
0.18,0.0,0.0,833.27637,351.8125,636.8156,351.06866
0.21,0.0,0.0,891.08417,352.42554,696.0454,352.27805
0.24,0.0,0.0,947.8928,353.163,754.5457,353.4626
0.27,0.0,0.0,1003.68176,353.96368,812.2727,354.65472
0.0,0.03,0.0,470.8163,410.89728,267.25742,406.46548
0.03,0.03,0.0,533.0952,410.99808,329.93872,407.15817
0.06,0.03,0.0,594.6541,411.12674,392.37012,407.91257
0.09,0.03,0.0,655.5016,411.2516,454.3842,408.72012
0.12,0.03,0.0,715.6828,411.39258,515.8295,409.5992
0.15,0.03,0.0,775.078,411.55035,576.5689,410.4557
0.18,0.03,0.0,833.792,411.73868,636.5535,411.31137
0.21,0.03,0.0,891.6473,411.96848,695.7657,412.13882
0.24,0.03,0.0,948.56647,412.25854,754.29285,412.9206
0.27,0.03,0.0,1004.4205,412.57175,812.08746,413.72977
0.0,0.06,0.0,471.1359,473.11005,266.7509,468.64676
0.03,0.06,0.0,533.41736,472.8616,329.46844,469.0991
0.06,0.06,0.0,595.03937,472.6553,392.01096,469.56815
0.09,0.06,0.0,655.8829,472.421,454.02112,470.09607
0.12,0.06,0.0,716.07306,472.19003,515.51843,470.59238
0.15,0.06,0.0,775.49023,471.98856,576.27295,471.0752
0.18,0.06,0.0,834.2583,471.80344,636.25977,471.52048
0.21,0.06,0.0,892.1437,471.59396,695.50183,471.9885
0.24,0.06,0.0,949.1288,471.45013,754.0235,472.44833
0.27,0.06,0.0,1005.0182,471.30853,811.8119,472.85577
0.0,0.09,0.0,471.4955,535.41156,266.44067,530.84814
0.03,0.09,0.0,533.7881,534.804,329.18365,531.11334
0.06,0.09,0.0,595.4075,534.1823,391.68674,531.3086
0.09,0.09,0.0,656.3135,533.62036,453.72913,531.4454
0.12,0.09,0.0,716.4401,533.0057,515.2093,531.5625
0.15,0.09,0.0,775.8698,532.449,575.9401,531.6566
0.18,0.09,0.0,834.67944,531.87445,635.9812,531.7473
0.21,0.09,0.0,892.6401,531.30316,695.2504,531.8457
0.24,0.09,0.0,949.49097,530.7142,753.6696,531.9229
0.27,0.09,0.0,1005.4723,530.1154,811.55133,532.0173
0.0,0.12,0.0,471.9168,597.68805,266.27048,593.02136
0.03,0.12,0.0,534.1726,596.7203,328.98364,593.029
0.06,0.12,0.0,595.8094,595.79254,391.4116,592.98755
0.09,0.12,0.0,656.6916,594.8266,453.46094,592.7999
0.12,0.12,0.0,716.79224,593.82214,514.871,592.51337
0.15,0.12,0.0,776.25824,592.88934,575.5714,592.23346
0.18,0.12,0.0,835.04614,591.94946,635.6323,591.9792
0.21,0.12,0.0,893.04694,591.00366,694.9462,591.72614
0.24,0.12,0.0,949.7582,589.94885,753.36395,591.41327
0.27,0.12,0.0,1005.7256,588.87897,811.2346,591.1448
0.0,0.15,0.0,472.34396,659.8598,266.40463,654.9818
0.03,0.15,0.0,534.563,658.5749,328.97,654.7777
0.06,0.15,0.0,596.19617,657.3367,391.2772,654.5241
0.09,0.15,0.0,657.06775,656.01245,453.22696,654.0601
0.12,0.15,0.0,717.16455,654.6507,514.5783,653.44574
0.15,0.15,0.0,776.60596,653.31537,575.28784,652.81525
0.18,0.15,0.0,835.33203,651.9891,635.2978,652.22675
0.21,0.15,0.0,893.2746,650.62744,694.66003,651.60565
0.24,0.15,0.0,949.9685,649.0888,753.0524,650.8868
0.27,0.15,0.0,1005.72394,647.544,810.8298,650.205
0.0,0.18,0.0,472.89413,721.9135,266.77533,716.6176
0.03,0.18,0.0,535.05566,720.3649,329.0739,716.31024
0.06,0.18,0.0,596.6022,718.7866,391.23108,715.79755
0.09,0.18,0.0,657.4199,717.08185,453.0412,715.08563
0.12,0.18,0.0,717.5317,715.3838,514.31714,714.241
0.15,0.18,0.0,776.8932,713.64355,574.96625,713.29614
0.18,0.18,0.0,835.5362,711.86206,634.9575,712.32715
0.21,0.18,0.0,893.3025,710.06573,694.23114,711.3504
0.24,0.18,0.0,950.0282,708.07886,752.6945,710.29565
0.27,0.18,0.0,1005.53705,705.95123,810.31903,709.1367
0.0,0.21,0.0,473.57254,783.6524,267.346,777.9167
0.03,0.21,0.0,535.6208,781.87933,329.43414,777.4725
0.06,0.21,0.0,597.0012,779.9121,391.39963,776.698
0.09,0.21,0.0,657.7666,777.87604,453.02542,775.78625
0.12,0.21,0.0,717.8812,775.885,514.1921,774.75806
0.15,0.21,0.0,777.09875,773.69214,574.69794,773.4858
0.18,0.21,0.0,835.5978,771.44916,634.58057,772.1766
0.21,0.21,0.0,893.2671,769.1753,693.8207,770.8436
0.24,0.21,0.0,949.7842,766.6983,752.1932,769.36993
0.27,0.21,0.0,1005.1776,764.05194,809.7533,767.7905
0.0,0.24,0.0,474.4031,844.9367,268.22214,838.58813
0.03,0.24,0.0,536.2217,842.9328,330.0463,838.07983
0.06,0.24,0.0,597.4517,840.58124,391.74768,837.0991
0.09,0.24,0.0,658.11725,838.27936,453.12216,836.0383
0.12,0.24,0.0,718.17126,836.0042,514.1314,834.8589
0.15,0.24,0.0,777.2051,833.3145,574.47095,833.218
0.18,0.24,0.0,835.5087,830.607,634.2446,831.58044
0.21,0.24,0.0,893.0544,827.88745,693.368,829.9528
0.24,0.24,0.0,949.323,824.83136,751.6194,828.0144
0.27,0.24,0.0,1004.5083,821.63385,809.0274,826.019
0.0,0.27,0.0,475.40308,905.5045,269.43805,898.5002
0.03,0.27,0.0,536.9878,903.24567,330.92627,897.8734
0.06,0.27,0.0,597.9891,900.5777,392.3032,896.7109
0.09,0.27,0.0,658.45593,897.9905,453.41946,895.4954
0.12,0.27,0.0,718.37787,895.4856,514.2072,894.3025
0.15,0.27,0.0,777.1879,892.3126,574.2839,892.37964
0.18,0.27,0.0,835.2878,889.12756,633.8665,890.4007
0.21,0.27,0.0,892.6893,886.0046,692.9024,888.52216
0.24,0.27,0.0,948.5412,882.2749,750.86926,886.0303
0.27,0.27,0.0,1003.59753,878.6394,808.2101,883.71185
0.0,0.0,0.0,475.45923,360.3772,282.0864,356.19382
0.03,0.0,0.0,534.51733,359.55453,340.4873,355.83246
0.06,0.0,0.0,593.6337,358.77597,399.31702,355.57983
0.09,0.0,0.0,652.7733,358.0129,458.45694,355.3647
0.12,0.0,0.0,711.94543,357.25342,517.77747,355.27493
0.15,0.0,0.0,771.1139,356.5385,577.13,355.19186
0.18,0.0,0.0,830.1908,355.84555,636.49774,355.11807
0.21,0.0,0.0,889.1177,355.2262,695.824,355.07074
0.24,0.0,0.0,947.75146,354.7004,755.1298,354.94174
0.27,0.0,0.0,1005.92957,354.2697,814.38544,354.88666
0.0,0.03,0.0,475.17413,418.5148,280.012,414.2536
0.03,0.03,0.0,534.59344,417.70914,338.7884,414.02673
0.06,0.03,0.0,594.04596,416.95074,398.0295,413.86346
0.09,0.03,0.0,653.51465,416.2056,457.54938,413.759
0.12,0.03,0.0,713.05414,415.4718,517.22345,413.6803
0.15,0.03,0.0,772.5557,414.72684,576.92816,413.63428
0.18,0.03,0.0,832.00934,413.99857,636.5912,413.55804
0.21,0.03,0.0,891.2997,413.29547,696.26556,413.45312
0.24,0.03,0.0,950.33154,412.6491,755.89856,413.32986
0.27,0.03,0.0,1008.86005,412.0727,815.479,413.21268
0.0,0.06,0.0,474.9139,477.33832,278.06192,472.98688
0.03,0.06,0.0,534.66907,476.58237,337.17932,472.91837
0.06,0.06,0.0,594.47595,475.8029,396.7692,472.86426
0.09,0.06,0.0,654.284,475.06165,456.62903,472.80746
0.12,0.06,0.0,714.15845,474.30762,516.66364,472.73926
0.15,0.06,0.0,773.9543,473.5582,576.6988,472.65305
0.18,0.06,0.0,833.764,472.78668,636.67676,472.57153
0.21,0.06,0.0,893.43097,472.03757,696.6446,472.4581
0.24,0.06,0.0,952.78094,471.32404,756.61176,472.33627
0.27,0.06,0.0,1011.6926,470.6121,816.5188,472.2068
0.0,0.09,0.0,474.6939,536.7778,276.23108,532.38025
0.03,0.09,0.0,534.804,536.08276,335.71115,532.4967
0.06,0.09,0.0,594.9256,535.2999,395.5389,532.45905
0.09,0.09,0.0,655.0732,534.54285,455.72467,532.4416
0.12,0.09,0.0,715.22705,533.8081,516.1032,532.4052
0.15,0.09,0.0,775.3914,533.06757,576.4583,532.33435
0.18,0.09,0.0,835.52716,532.25336,636.7571,532.2055
0.21,0.09,0.0,895.5762,531.4661,697.0433,532.0752
0.24,0.09,0.0,955.1556,530.6789,757.2979,531.99255
0.27,0.09,0.0,1014.36755,529.7842,817.5747,531.8416
0.0,0.12,0.0,474.49155,596.91187,274.6023,592.36584
0.03,0.12,0.0,534.9549,596.23883,334.36633,592.59235
0.06,0.12,0.0,595.3595,595.44354,394.3727,592.6629
0.09,0.12,0.0,655.8437,594.70544,454.85947,592.7118
0.12,0.12,0.0,716.3304,593.9836,515.5264,592.70154
0.15,0.12,0.0,776.79065,593.1928,576.1709,592.621
0.18,0.12,0.0,837.27264,592.366,636.80505,592.49976
0.21,0.12,0.0,897.58655,591.49713,697.4712,592.37445
0.24,0.12,0.0,957.3741,590.6107,757.9795,592.2755
0.27,0.12,0.0,1016.87335,589.5706,818.56396,592.0765
0.0,0.15,0.0,474.4093,657.61365,273.18106,652.80426
0.03,0.15,0.0,535.0773,656.97687,333.08154,653.2129
0.06,0.15,0.0,595.814,656.24133,393.283,653.4436
0.09,0.15,0.0,656.62573,655.51105,454.0439,653.56525
0.12,0.15,0.0,717.4204,654.7413,514.95905,653.59973
0.15,0.15,0.0,778.2005,653.93256,575.8959,653.5383
0.18,0.15,0.0,838.92267,653.0844,636.856,653.44086
0.21,0.15,0.0,899.49915,652.10547,697.8304,653.28674
0.24,0.15,0.0,959.54913,651.0809,758.7014,653.1428
0.27,0.15,0.0,1019.18317,649.878,819.49677,652.94507
0.0,0.18,0.0,474.34518,718.83344,271.96933,713.6122
0.03,0.18,0.0,535.2849,718.2532,331.89737,714.21625
0.06,0.18,0.0,596.32715,717.6234,392.40936,714.6259
0.09,0.18,0.0,657.44666,716.8731,453.27472,714.9044
0.12,0.18,0.0,718.4975,716.11115,514.3973,714.9782
0.15,0.18,0.0,779.5675,715.22705,575.6064,714.9959
0.18,0.18,0.0,840.4862,714.2708,636.91437,714.9294
0.21,0.18,0.0,901.24786,713.2067,698.1489,714.7733
0.24,0.18,0.0,961.5345,711.9754,759.3125,714.57574
0.27,0.18,0.0,1021.1992,710.5309,820.3471,714.2422
0.0,0.21,0.0,474.41913,780.3672,270.956,774.62854
0.03,0.21,0.0,535.5846,779.9383,330.9795,775.4766
0.06,0.21,0.0,596.8717,779.30286,391.6732,776.09753
0.09,0.21,0.0,658.2313,778.60913,452.71744,776.48413
0.12,0.21,0.0,719.5368,777.8203,513.9496,776.7449
0.15,0.21,0.0,780.8415,776.8857,575.44366,776.7816
0.18,0.21,0.0,841.9673,775.7981,636.93994,776.7516
0.21,0.21,0.0,902.85974,774.5697,698.412,776.61127
0.24,0.21,0.0,963.2741,773.1304,759.83453,776.29626
0.27,0.21,0.0,1023.03253,771.43646,821.058,775.88745
0.0,0.24,0.0,474.65906,842.14246,270.23648,835.75574
0.03,0.24,0.0,535.9778,841.83734,330.3059,836.89044
0.06,0.24,0.0,597.4689,841.23755,391.13046,837.6683
0.09,0.24,0.0,659.0135,840.5493,452.2589,838.2551
0.12,0.24,0.0,720.5726,839.7719,513.61304,838.6701
0.15,0.24,0.0,782.00104,838.69977,575.27014,838.77594
0.18,0.24,0.0,843.2663,837.5055,636.9554,838.7481
0.21,0.24,0.0,904.2823,836.13654,698.6536,838.60223
0.24,0.24,0.0,964.7261,834.4111,760.23535,838.259
0.27,0.24,0.0,1024.5165,832.4251,821.62354,837.6866
0.0,0.27,0.0,475.03302,903.8287,269.82285,896.68396
0.03,0.27,0.0,536.51324,903.64325,329.95697,898.1303
0.06,0.27,0.0,598.098,903.07385,390.82367,899.10443
0.09,0.27,0.0,659.7854,902.4759,451.96848,899.9289
0.12,0.27,0.0,721.5048,901.757,513.3529,900.6105
0.15,0.27,0.0,783.01526,900.49164,575.13873,900.7644
0.18,0.27,0.0,844.35156,899.1361,636.9905,900.765
0.21,0.27,0.0,905.4841,897.581,698.8236,900.6667
0.24,0.27,0.0,965.84485,895.4926,760.47437,900.0983
0.27,0.27,0.0,1025.7242,893.2582,822.00757,899.4571
0.0,0.0,0.0,466.456,353.10144,264.363,348.8588
0.03,0.0,0.0,528.3586,352.11682,325.36227,348.32504
0.06,0.0,0.0,590.4095,351.21228,387.00497,347.93344
0.09,0.0,0.0,652.4338,350.3499,448.9707,347.63684
0.12,0.0,0.0,714.55676,349.4687,511.26083,347.41367
0.15,0.0,0.0,776.6913,348.62207,573.61584,347.30917
0.18,0.0,0.0,838.754,347.834,635.9715,347.12045
0.21,0.0,0.0,900.64056,347.17828,698.3288,346.97656
0.24,0.0,0.0,962.19775,346.6261,760.7233,346.84763
0.27,0.0,0.0,1023.22473,346.23126,822.96497,346.81894
0.0,0.03,0.0,468.13806,414.9832,266.08582,410.62433
0.03,0.03,0.0,529.8105,414.0766,326.93436,410.30472
0.06,0.03,0.0,591.53723,413.17386,388.339,410.02078
0.09,0.03,0.0,653.2988,412.3406,450.11395,409.85458
0.12,0.03,0.0,715.1302,411.4767,512.09766,409.6887
0.15,0.03,0.0,776.9962,410.6457,574.1557,409.5828
0.18,0.03,0.0,838.78,409.84262,636.1976,409.48044
0.21,0.03,0.0,900.4415,409.1078,698.2325,409.34045
0.24,0.03,0.0,961.7959,408.46655,760.2684,409.2025
0.27,0.03,0.0,1022.6165,407.87628,822.26556,409.08493
0.0,0.06,0.0,469.88538,476.30823,267.9917,471.93063
0.03,0.06,0.0,531.22876,475.46982,328.58615,471.7785
0.06,0.06,0.0,592.6666,474.61264,389.74445,471.64093
0.09,0.06,0.0,654.15247,473.7769,451.23782,471.48407
0.12,0.06,0.0,715.7073,472.93817,512.94836,471.36362
0.15,0.06,0.0,777.20667,472.1203,574.6698,471.26584
0.18,0.06,0.0,838.7762,471.32727,636.4007,471.13345
0.21,0.06,0.0,900.161,470.53342,698.1084,470.99994
0.24,0.06,0.0,961.28,469.76913,759.8202,470.8567
0.27,0.06,0.0,1021.8549,469.0862,821.5053,470.74878
0.0,0.09,0.0,471.61163,537.0675,269.98917,532.6392
0.03,0.09,0.0,532.697,536.2399,330.37808,532.59076
0.06,0.09,0.0,593.81573,535.4525,391.20526,532.6056
0.09,0.09,0.0,655.0081,534.63995,452.3758,532.51843
0.12,0.09,0.0,716.2272,533.7819,513.7831,532.3731
0.15,0.09,0.0,777.44525,532.98334,575.18195,532.23834
0.18,0.09,0.0,838.70953,532.21094,636.5684,532.17535
0.21,0.09,0.0,899.831,531.41364,697.9801,532.08356
0.24,0.09,0.0,960.5535,530.5221,759.35156,531.9087
0.27,0.09,0.0,1020.8803,529.7007,820.74945,531.81616
0.0,0.12,0.0,473.40222,597.2319,272.23636,592.6803
0.03,0.12,0.0,534.19354,596.3791,332.31534,592.74915
0.06,0.12,0.0,594.9461,595.70087,392.6598,592.92816
0.09,0.12,0.0,655.85315,594.876,453.51047,592.9028
0.12,0.12,0.0,716.75073,594.0069,514.5861,592.7219
0.15,0.12,0.0,777.662,593.1993,575.6847,592.6068
0.18,0.12,0.0,838.60785,592.43475,636.7444,592.5558
0.21,0.12,0.0,899.4264,591.6499,697.8426,592.5131
0.24,0.12,0.0,959.7189,590.6157,758.8772,592.28424
0.27,0.12,0.0,1019.7366,589.6852,819.94635,592.23804
0.0,0.15,0.0,475.23108,656.6625,274.66586,651.885
0.03,0.15,0.0,535.6437,655.9073,334.27985,652.16144
0.06,0.15,0.0,596.08466,655.31085,394.23816,652.53876
0.09,0.15,0.0,656.67255,654.5246,454.72882,652.5409
0.12,0.15,0.0,717.2763,653.62964,515.41583,652.43207
0.15,0.15,0.0,777.8629,652.7958,576.15186,652.3326
0.18,0.15,0.0,838.44354,652.0167,636.91095,652.30383
0.21,0.15,0.0,898.85144,651.2005,697.67883,652.31055
0.24,0.15,0.0,958.80176,650.05945,758.3936,652.0508
0.27,0.15,0.0,1018.3624,648.9504,819.0725,651.90216
0.0,0.18,0.0,477.11362,715.36444,277.25385,710.2473
0.03,0.18,0.0,537.10535,714.7884,336.3309,710.82904
0.06,0.18,0.0,597.25867,714.1484,395.997,711.196
0.09,0.18,0.0,657.50256,713.3489,456.02814,711.33575
0.12,0.18,0.0,717.7647,712.55566,516.2546,711.4205
0.15,0.18,0.0,777.978,711.69904,576.63776,711.37225
0.18,0.18,0.0,838.15533,710.8524,637.0399,711.3542
0.21,0.18,0.0,898.1718,709.886,697.4815,711.31506
0.24,0.18,0.0,957.75415,708.7147,757.8618,711.11664
0.27,0.18,0.0,1016.74207,707.36395,818.11005,710.82526
0.0,0.21,0.0,479.06012,773.2688,279.99774,767.74866
0.03,0.21,0.0,538.6214,772.8402,338.5671,768.56866
0.06,0.21,0.0,598.4585,772.1332,397.85022,768.95734
0.09,0.21,0.0,658.3109,771.3812,457.40738,769.2226
0.12,0.21,0.0,718.1965,770.7231,517.17236,769.54333
0.15,0.21,0.0,778.0341,769.77295,577.16626,769.5235
0.18,0.21,0.0,837.78595,768.7671,637.1807,769.4806
0.21,0.21,0.0,897.3197,767.77924,697.20825,769.4889
0.24,0.21,0.0,956.457,766.4144,757.2121,769.2381
0.27,0.21,0.0,1015.0388,764.8808,817.0612,768.85785
0.0,0.24,0.0,481.0895,830.24304,282.89706,824.16833
0.03,0.24,0.0,540.26794,829.9154,341.0228,825.1727
0.06,0.24,0.0,599.6298,829.1528,399.82385,825.67926
0.09,0.24,0.0,659.0805,828.51764,458.87332,826.21985
0.12,0.24,0.0,718.57306,827.9893,518.13007,826.7516
0.15,0.24,0.0,777.983,826.86664,577.7012,826.6768
0.18,0.24,0.0,837.25507,825.7649,637.3191,826.6764
0.21,0.24,0.0,896.3566,824.63873,696.9381,826.7316
0.24,0.24,0.0,954.9334,823.065,756.47473,826.36206
0.27,0.24,0.0,1012.9916,821.32635,815.8881,825.9082
0.0,0.27,0.0,483.21725,886.1248,285.98923,879.49884
0.03,0.27,0.0,541.93304,885.8055,343.661,880.6293
0.06,0.27,0.0,600.8682,885.03253,401.9076,881.2295
0.09,0.27,0.0,659.84436,884.47034,460.44476,881.938
0.12,0.27,0.0,718.91846,884.1272,519.18976,882.8222
0.15,0.27,0.0,777.79926,882.8023,578.2891,882.7509
0.18,0.27,0.0,836.5808,881.576,637.43207,882.7228
0.21,0.27,0.0,895.1982,880.46185,696.61676,882.9046
0.24,0.27,0.0,953.1886,878.4919,755.65656,882.2493
0.27,0.27,0.0,1010.79034,876.68,814.5768,881.862
0.0,0.0,0.0,341.76434,264.72403,155.06387,260.2919
0.03,0.0,0.0,397.29614,261.56845,207.80942,257.33057
0.06,0.0,0.0,453.90405,258.51297,261.94897,254.4727
0.09,0.0,0.0,511.4242,255.55048,317.43018,251.7118
0.12,0.0,0.0,569.84937,252.64964,374.15216,249.1167
0.15,0.0,0.0,629.09875,249.75053,432.00662,246.60983
0.18,0.0,0.0,689.13983,246.92816,490.9038,244.22585
0.21,0.0,0.0,749.93036,244.11986,550.62585,241.89801
0.24,0.0,0.0,811.4365,241.38617,611.233,239.60915
0.27,0.0,0.0,873.5402,238.7522,672.6646,237.36324
0.0,0.03,0.0,342.35455,322.71606,154.49959,317.86322
0.03,0.03,0.0,398.06934,320.08667,207.39201,315.49973
0.06,0.03,0.0,454.79938,317.5361,261.7369,313.24188
0.09,0.03,0.0,512.4535,315.03494,317.3819,311.09482
0.12,0.03,0.0,570.98047,312.54654,374.28998,309.0185
0.15,0.03,0.0,630.3227,310.105,432.30768,307.06924
0.18,0.03,0.0,690.4488,307.61996,491.26425,305.15457
0.21,0.03,0.0,751.34265,305.1724,551.09015,303.27133
0.24,0.03,0.0,812.92816,302.74103,611.7886,301.43158
0.27,0.03,0.0,875.21686,300.40247,673.2977,299.5865
0.0,0.06,0.0,343.1041,381.01077,154.16183,375.7635
0.03,0.06,0.0,398.93506,378.90573,207.22888,374.00735
0.06,0.06,0.0,455.79385,376.78497,261.69995,372.34357
0.09,0.06,0.0,513.52576,374.71988,317.4937,370.7358
0.12,0.06,0.0,572.14465,372.67746,374.56122,369.19626
0.15,0.06,0.0,631.5153,370.6158,432.64444,367.75293
0.18,0.06,0.0,691.6712,368.51562,491.69647,366.2857
0.21,0.06,0.0,752.63916,366.4429,551.6481,364.87674
0.24,0.06,0.0,814.36646,364.38898,612.3647,363.4812
0.27,0.06,0.0,876.737,362.3499,673.8782,362.02408
0.0,0.09,0.0,343.9618,439.48462,154.09721,433.82834
0.03,0.09,0.0,399.98816,437.82553,207.36612,432.7398
0.06,0.09,0.0,456.80548,436.17294,261.80582,431.6355
0.09,0.09,0.0,514.6328,434.53375,317.7347,430.58774
0.12,0.09,0.0,573.30286,432.9092,374.9401,429.5484
0.15,0.09,0.0,632.7281,431.23392,433.12943,428.558
0.18,0.09,0.0,692.90454,429.54498,492.2004,427.54208
0.21,0.09,0.0,753.9126,427.8594,552.14813,426.54233
0.24,0.09,0.0,815.6977,426.192,612.96924,425.55862
0.27,0.09,0.0,878.1524,424.50497,674.45056,424.5236
0.0,0.12,0.0,344.9788,498.1084,154.37596,492.0783
0.03,0.12,0.0,401.11072,496.87817,207.76912,491.58566
0.06,0.12,0.0,457.8565,495.67078,262.12274,491.0692
0.09,0.12,0.0,515.7501,494.4241,318.10547,490.52402
0.12,0.12,0.0,574.5299,493.16968,375.4432,489.9608
0.15,0.12,0.0,633.9818,491.93326,433.6689,489.40274
0.18,0.12,0.0,694.149,490.63635,492.7187,488.85284
0.21,0.12,0.0,755.1748,489.3617,552.6617,488.26175
0.24,0.12,0.0,816.99854,488.0554,613.53217,487.65158
0.27,0.12,0.0,879.5095,486.758,674.96326,486.9806
0.0,0.15,0.0,346.1948,556.72284,155.0391,550.31647
0.03,0.15,0.0,402.22745,555.9422,208.30942,550.4005
0.06,0.15,0.0,459.02084,555.17554,262.67102,550.49335
0.09,0.15,0.0,516.93506,554.34973,318.65768,550.4844
0.12,0.15,0.0,575.73364,553.4786,375.96442,550.39996
0.15,0.15,0.0,635.2138,552.6263,434.21008,550.2951
0.18,0.15,0.0,695.40936,551.7494,493.26785,550.13934
0.21,0.15,0.0,756.42676,550.90173,553.1495,549.95465
0.24,0.15,0.0,818.26935,549.96967,614.04694,549.7447
0.27,0.15,0.0,880.7935,549.04877,675.5016,549.55365
0.0,0.18,0.0,347.51788,615.2737,155.9416,608.4787
0.03,0.18,0.0,403.37482,615.02563,208.98276,609.19293
0.06,0.18,0.0,460.28094,614.68,263.48776,609.8435
0.09,0.18,0.0,518.1962,614.27985,319.4652,610.3299
0.12,0.18,0.0,576.90436,613.8007,376.57794,610.7669
0.15,0.18,0.0,636.4007,613.357,434.74667,611.1119
0.18,0.18,0.0,696.63055,612.8923,493.8109,611.43665
0.21,0.18,0.0,757.67255,612.4342,553.7161,611.694
0.24,0.18,0.0,819.5216,611.92004,614.5075,611.898
0.27,0.18,0.0,881.9966,611.3388,676.08575,612.07404
0.0,0.21,0.0,348.87872,673.75507,157.06667,666.43585
0.03,0.21,0.0,404.66797,673.96716,209.99152,667.81024
0.06,0.21,0.0,461.67017,674.06836,264.5389,668.9879
0.09,0.21,0.0,519.50006,674.08264,320.37943,670.0316
0.12,0.21,0.0,578.08453,674.1562,377.22226,671.0301
0.15,0.21,0.0,637.60114,674.0534,435.38962,671.84283
0.18,0.21,0.0,697.89905,673.9896,494.43747,672.5964
0.21,0.21,0.0,758.8785,673.93524,554.252,673.3365
0.24,0.21,0.0,820.68317,673.7734,615.0454,673.9805
0.27,0.21,0.0,883.0835,673.52216,676.5955,674.5787
0.0,0.24,0.0,350.38025,732.0172,158.44347,724.12067
0.03,0.24,0.0,406.1317,732.77814,211.28328,726.08813
0.06,0.24,0.0,463.1018,733.2973,265.86954,727.818
0.09,0.24,0.0,520.80634,733.82245,321.39545,729.46436
0.12,0.24,0.0,579.27814,734.36304,377.9911,731.0636
0.15,0.24,0.0,638.83026,734.65814,436.11554,732.3621
0.18,0.24,0.0,699.0969,734.9669,495.09024,733.60535
0.21,0.24,0.0,760.0155,735.32715,554.8049,734.87744
0.24,0.24,0.0,821.7646,735.4428,615.56696,735.8942
0.27,0.24,0.0,884.03424,735.4434,677.0754,736.926
0.0,0.27,0.0,352.0791,789.93054,160.08057,781.33435
0.03,0.27,0.0,407.7964,791.1865,212.94029,783.93353
0.06,0.27,0.0,464.6877,792.17615,267.34174,786.1831
0.09,0.27,0.0,522.24255,793.1878,322.71936,788.45825
0.12,0.27,0.0,580.5173,794.3409,378.94272,790.7516
0.15,0.27,0.0,640.0706,794.9388,436.99905,792.51636
0.18,0.27,0.0,700.25616,795.6316,495.8241,794.2534
0.21,0.27,0.0,761.09406,796.40533,555.3892,796.0574
0.24,0.27,0.0,822.70245,796.68994,616.1388,797.4147
0.27,0.27,0.0,884.78784,797.02783,677.5048,798.91437
0.0,0.0,0.0,328.0267,248.33434,132.19746,244.013
0.03,0.0,0.0,389.8029,248.8178,192.95753,244.61708
0.06,0.0,0.0,451.33087,249.49379,253.97113,245.4525
0.09,0.0,0.0,512.4449,250.31383,315.12073,246.50264
0.12,0.0,0.0,572.98596,251.26678,376.15088,247.78844
0.15,0.0,0.0,632.915,252.29604,436.92676,249.25392
0.18,0.0,0.0,692.1892,253.38055,497.23108,250.86588
0.21,0.0,0.0,750.74115,254.47934,556.999,252.5298
0.24,0.0,0.0,808.55676,255.65971,616.09705,254.23563
0.27,0.0,0.0,865.56604,256.95065,674.50256,256.00317
0.0,0.03,0.0,327.69504,309.45645,130.61139,304.59842
0.03,0.03,0.0,389.69595,309.76395,191.5628,305.17947
0.06,0.03,0.0,451.3893,310.24228,252.85019,305.95663
0.09,0.03,0.0,512.6239,310.8361,314.18597,306.89944
0.12,0.03,0.0,573.25885,311.4952,375.43546,308.01193
0.15,0.03,0.0,633.28973,312.2083,436.34546,309.2261
0.18,0.03,0.0,692.5813,312.8938,496.79883,310.58337
0.21,0.03,0.0,751.2302,313.6519,556.6528,311.96304
0.24,0.03,0.0,809.1508,314.44,615.8107,313.39554
0.27,0.03,0.0,866.26874,315.2854,674.27765,314.7859
0.0,0.06,0.0,327.61234,370.94547,129.38246,365.56247
0.03,0.06,0.0,389.73492,371.06296,190.51817,366.1233
0.06,0.06,0.0,451.56335,371.27814,251.95012,366.7767
0.09,0.06,0.0,512.8775,371.58292,313.4465,367.57953
0.12,0.06,0.0,573.5655,371.94397,374.86697,368.47974
0.15,0.06,0.0,633.59235,372.28055,435.89395,369.48093
0.18,0.06,0.0,692.97784,372.62064,496.43546,370.5058
0.21,0.06,0.0,751.68384,373.00995,556.31006,371.58307
0.24,0.06,0.0,809.64777,373.44537,615.5186,372.68448
0.27,0.06,0.0,866.8462,373.89978,673.99896,373.73688
0.0,0.09,0.0,327.64948,432.61325,128.43266,426.8018
0.03,0.09,0.0,389.9082,432.5122,189.74173,427.2995
0.06,0.09,0.0,451.80606,432.44492,251.2226,427.82535
0.09,0.09,0.0,513.181,432.42197,312.89926,428.44266
0.12,0.09,0.0,573.9144,432.4489,374.36075,429.11484
0.15,0.09,0.0,633.97003,432.466,435.48477,429.8148
0.18,0.09,0.0,693.3955,432.45404,496.0997,430.5299
0.21,0.09,0.0,752.09937,432.49265,556.04834,431.2744
0.24,0.09,0.0,810.0546,432.5568,615.21686,432.00754
0.27,0.09,0.0,867.3673,432.61588,673.74054,432.70392
0.0,0.12,0.0,327.8625,494.42694,127.90131,488.17712
0.03,0.12,0.0,390.19498,494.06653,189.25687,488.58203
0.06,0.12,0.0,452.12225,493.7033,250.75095,488.96585
0.09,0.12,0.0,513.512,493.36578,312.49396,489.42102
0.12,0.12,0.0,574.2422,493.00046,374.01282,489.82187
0.15,0.12,0.0,634.3031,492.67184,435.14413,490.20193
0.18,0.12,0.0,693.7633,492.3594,495.7743,490.57977
0.21,0.12,0.0,752.559,492.0298,555.75934,490.94193
0.24,0.12,0.0,810.44836,491.7215,614.90173,491.32526
0.27,0.12,0.0,867.8193,491.4347,673.4118,491.6493
0.0,0.15,0.0,328.2675,556.27,127.72836,549.572
0.03,0.15,0.0,390.58774,555.6558,189.02748,549.9379
0.06,0.15,0.0,452.46677,555.0186,250.50558,550.20306
0.09,0.15,0.0,513.8873,554.3297,312.19675,550.4007
0.12,0.15,0.0,574.5814,553.60205,373.70032,550.53394
0.15,0.15,0.0,634.6514,552.9385,434.83792,550.5904
0.18,0.15,0.0,694.11084,552.2861,495.43326,550.6361
0.21,0.15,0.0,752.93,551.6132,555.4313,550.66547
0.24,0.15,0.0,810.8434,550.9146,614.58887,550.62946
0.27,0.15,0.0,868.17004,550.2693,673.08655,550.6178
0.0,0.18,0.0,328.8214,618.05566,127.8699,610.84717
0.03,0.18,0.0,390.97723,617.22546,189.0476,611.1229
0.06,0.18,0.0,452.86267,616.2812,250.50981,611.2784
0.09,0.18,0.0,514.2178,615.2795,312.06937,611.29254
0.12,0.18,0.0,574.9665,614.2702,373.4825,611.1532
0.15,0.18,0.0,635.037,613.1953,434.54333,610.9458
0.18,0.18,0.0,694.4668,612.1914,495.11945,610.66724
0.21,0.18,0.0,753.26544,611.2128,555.0559,610.36615
0.24,0.18,0.0,811.2331,610.16266,614.2811,610.0024
0.27,0.18,0.0,868.4022,609.08704,672.7369,609.5898
0.0,0.21,0.0,329.4856,679.68304,128.35017,671.86725
0.03,0.21,0.0,391.56952,678.6637,189.30644,672.1216
0.06,0.21,0.0,453.3256,677.4418,250.70741,672.1369
0.09,0.21,0.0,514.6109,676.129,312.12054,671.9349
0.12,0.21,0.0,575.357,674.83295,373.3957,671.6658
0.15,0.21,0.0,635.39233,673.45685,434.3458,671.1926
0.18,0.21,0.0,694.79205,672.0842,494.8264,670.5828
0.21,0.21,0.0,753.5875,670.73566,554.72296,669.9913
0.24,0.21,0.0,811.5607,669.32684,613.92834,669.30145
0.27,0.21,0.0,868.70013,667.86725,672.401,668.56476
0.0,0.24,0.0,330.41107,741.0821,129.20067,732.55505
0.03,0.24,0.0,392.2921,739.8808,189.99104,732.7869
0.06,0.24,0.0,453.94,738.37415,251.19238,732.6245
0.09,0.24,0.0,515.1074,736.86835,312.37738,732.3718
0.12,0.24,0.0,575.82245,735.3288,373.4301,731.96173
0.15,0.24,0.0,635.7786,733.57153,434.25623,731.1874
0.18,0.24,0.0,695.13226,731.8321,494.60785,730.37115
0.21,0.24,0.0,753.8805,730.1715,554.4466,729.5113
0.24,0.24,0.0,811.7323,728.31805,613.5596,728.4439
0.27,0.24,0.0,868.8274,726.42554,672.0424,727.39545
0.0,0.27,0.0,331.54288,802.00903,130.40593,792.6796
0.03,0.27,0.0,393.23615,800.63556,191.0015,792.896
0.06,0.27,0.0,454.65836,798.9076,251.91788,792.6443
0.09,0.27,0.0,515.6842,797.179,312.8324,792.2842
0.12,0.27,0.0,576.3164,795.5523,373.65466,791.8574
0.15,0.27,0.0,636.1668,793.3743,434.2936,790.81836
0.18,0.27,0.0,695.419,791.31903,494.49207,789.77606
0.21,0.27,0.0,754.1489,789.32196,554.23596,788.7356
0.24,0.27,0.0,811.7679,786.93835,613.21124,787.2873
0.27,0.27,0.0,868.7798,784.67676,671.66064,785.9407
0.0,0.0,0.0,339.69135,264.6551,151.91064,260.13055
0.03,0.0,0.0,397.69217,263.3644,208.1246,259.04062
0.06,0.0,0.0,456.0835,262.29028,265.16464,258.17758
0.09,0.0,0.0,514.691,261.28625,322.8832,257.40485
0.12,0.0,0.0,573.4773,260.40347,381.1965,256.8684
0.15,0.0,0.0,632.35614,259.61743,439.88934,256.50543
0.18,0.0,0.0,691.26215,258.85788,498.83264,256.2338
0.21,0.0,0.0,750.0947,258.13095,557.8801,256.04935
0.24,0.0,0.0,808.9278,257.5062,616.97766,255.92494
0.27,0.0,0.0,867.5668,256.99365,676.10266,255.8818
0.0,0.03,0.0,338.24475,321.46375,148.51616,316.5375
0.03,0.03,0.0,396.71198,320.3616,205.16927,315.72223
0.06,0.03,0.0,455.50534,319.3678,262.66656,315.0479
0.09,0.03,0.0,514.53613,318.47583,320.8195,314.53595
0.12,0.03,0.0,573.71826,317.6582,379.62537,314.14764
0.15,0.03,0.0,632.9747,316.86902,438.74686,313.87598
0.18,0.03,0.0,692.22235,316.10056,498.0861,313.71533
0.21,0.03,0.0,751.4733,315.35175,557.5141,313.55933
0.24,0.03,0.0,810.656,314.66187,616.9808,313.4791
0.27,0.03,0.0,869.7606,314.04437,676.43036,313.42343
0.0,0.06,0.0,336.94,379.1266,145.32234,373.80878
0.03,0.06,0.0,395.8041,378.1733,202.36241,373.2697
0.06,0.06,0.0,455.05585,377.27664,260.29,372.78607
0.09,0.06,0.0,514.4754,376.4383,318.9191,372.46796
0.12,0.06,0.0,574.0185,375.68915,378.12006,372.24524
0.15,0.06,0.0,633.5875,374.8886,437.63977,372.06302
0.18,0.06,0.0,693.1901,374.09103,497.3897,371.91565
0.21,0.06,0.0,752.81464,373.3312,557.1563,371.83405
0.24,0.06,0.0,812.3838,372.60318,616.99084,371.7734
0.27,0.06,0.0,871.80023,371.9205,676.75256,371.67032
0.0,0.09,0.0,335.733,437.5494,142.38893,431.83853
0.03,0.09,0.0,395.04672,436.7631,199.84488,431.61673
0.06,0.09,0.0,454.60532,435.88263,258.07886,431.29984
0.09,0.09,0.0,514.4176,435.11362,317.115,431.12283
0.12,0.09,0.0,574.3143,434.3919,376.7188,431.04846
0.15,0.09,0.0,634.23334,433.60883,436.59048,430.95526
0.18,0.09,0.0,694.18243,432.78278,496.6507,430.80902
0.21,0.09,0.0,754.1374,432.01395,556.83826,430.75278
0.24,0.09,0.0,814.03046,431.30267,616.9762,430.71832
0.27,0.09,0.0,873.88824,430.5233,677.0469,430.5729
0.0,0.12,0.0,334.67267,496.75778,139.76083,490.6241
0.03,0.12,0.0,394.3752,496.06174,197.58888,490.64902
0.06,0.12,0.0,454.21683,495.19492,255.99939,490.5465
0.09,0.12,0.0,514.38715,494.45126,315.3939,490.52087
0.12,0.12,0.0,574.61774,493.7649,375.39786,490.55356
0.15,0.12,0.0,634.85315,492.98877,435.5991,490.5061
0.18,0.12,0.0,695.15063,492.1807,495.99173,490.41153
0.21,0.12,0.0,755.47723,491.36557,556.4706,490.29556
0.24,0.12,0.0,815.68494,490.66623,616.9461,490.28793
0.27,0.12,0.0,875.9051,489.87256,677.3177,490.11533
0.0,0.15,0.0,333.80338,556.601,137.46828,550.0053
0.03,0.15,0.0,393.77054,555.9631,195.47943,550.283
0.06,0.15,0.0,453.90945,555.2028,254.13641,550.4191
0.09,0.15,0.0,514.38794,554.4849,313.82184,550.5693
0.12,0.15,0.0,574.9664,553.7765,374.1256,550.70166
0.15,0.15,0.0,635.5262,553.0382,434.6029,550.6838
0.18,0.15,0.0,696.16016,552.24066,495.34363,550.62134
0.21,0.15,0.0,756.8116,551.4389,556.0996,550.4976
0.24,0.15,0.0,817.34033,550.6715,616.89764,550.4459
0.27,0.15,0.0,877.83405,549.8775,677.6049,550.3273
0.0,0.18,0.0,333.028,617.0091,135.44968,609.9096
0.03,0.18,0.0,393.148,616.4797,193.50867,610.4243
0.06,0.18,0.0,453.66464,615.8506,252.5775,610.86456
0.09,0.18,0.0,514.4247,615.1738,312.45993,611.1896
0.12,0.18,0.0,575.2839,614.44037,372.90393,611.40015
0.15,0.18,0.0,636.1859,613.71454,433.64667,611.48145
0.18,0.18,0.0,697.13947,612.96893,494.64606,611.4806
0.21,0.18,0.0,758.1064,612.17126,555.72595,611.3769
0.24,0.18,0.0,819.01025,611.36566,616.826,611.2937
0.27,0.18,0.0,879.69635,610.5262,677.8699,611.1742
0.0,0.21,0.0,332.3873,677.891,133.68748,670.1533
0.03,0.21,0.0,392.68195,677.5178,191.89752,671.0006
0.06,0.21,0.0,453.5059,677.03046,251.19589,671.71765
0.09,0.21,0.0,514.5115,676.4307,311.1947,672.2438
0.12,0.21,0.0,575.60895,675.7186,371.75076,672.57153
0.15,0.21,0.0,636.8587,675.01355,432.77936,672.779
0.18,0.21,0.0,698.1276,674.2637,494.02487,672.8412
0.21,0.21,0.0,759.4053,673.486,555.3493,672.82275
0.24,0.21,0.0,820.57196,672.61255,616.7619,672.745
0.27,0.21,0.0,881.5624,671.66736,678.1369,672.65265
0.0,0.24,0.0,331.92963,739.1919,132.26897,730.6801
0.03,0.24,0.0,392.40915,739.04175,190.60971,731.8898
0.06,0.24,0.0,453.4548,738.6631,250.07498,732.885
0.09,0.24,0.0,514.6602,738.1702,310.13586,733.6149
0.12,0.24,0.0,576.01105,737.55554,370.7477,734.1635
0.15,0.24,0.0,637.5277,736.9026,431.97226,734.51624
0.18,0.24,0.0,699.0847,736.1124,493.43234,734.6996
0.21,0.24,0.0,760.6372,735.2987,555.00903,734.81213
0.24,0.24,0.0,822.0566,734.36017,616.7112,734.74097
0.27,0.24,0.0,883.2504,733.256,678.38086,734.6157
0.0,0.27,0.0,331.69547,800.70294,131.22449,791.25946
0.03,0.27,0.0,392.35394,800.73083,189.67844,792.8477
0.06,0.27,0.0,453.56607,800.53876,249.23071,794.1418
0.09,0.27,0.0,514.9241,800.1858,309.30408,795.184
0.12,0.27,0.0,576.49054,799.78046,369.92023,796.0293
0.15,0.27,0.0,638.245,799.10693,431.33322,796.5097
0.18,0.27,0.0,700.04816,798.28296,492.96796,796.8436
0.21,0.27,0.0,761.854,797.46234,554.7141,797.0581
0.24,0.27,0.0,823.3754,796.3633,616.6559,796.9989
0.27,0.27,0.0,884.7987,795.1502,678.5612,796.8644
0.0,0.0,0.0,324.48065,252.97163,128.93948,248.71375
0.03,0.0,0.0,385.06964,251.42824,187.42157,247.33728
0.06,0.0,0.0,446.12302,250.09033,246.81898,246.14409
0.09,0.0,0.0,507.5421,248.92337,307.12012,245.12001
0.12,0.0,0.0,569.1904,247.86832,368.0989,244.36217
0.15,0.0,0.0,630.9592,246.90619,429.59866,243.7644
0.18,0.0,0.0,692.78564,246.01491,491.4245,243.33699
0.21,0.0,0.0,754.6161,245.21344,553.4015,243.05357
0.24,0.0,0.0,816.3681,244.52861,615.4801,242.8183
0.27,0.0,0.0,877.948,243.99304,677.63,242.69556
0.0,0.03,0.0,326.2784,314.36224,130.44781,309.602
0.03,0.03,0.0,386.77264,313.05637,188.79877,308.53696
0.06,0.03,0.0,447.70374,311.9017,248.18314,307.63947
0.09,0.03,0.0,508.9618,310.84634,308.37317,306.92377
0.12,0.03,0.0,570.38007,309.88876,369.2656,306.3991
0.15,0.03,0.0,631.8941,308.98096,430.61877,305.9608
0.18,0.03,0.0,693.4806,308.11392,492.21103,305.67746
0.21,0.03,0.0,755.087,307.29892,553.9704,305.46292
0.24,0.03,0.0,816.6281,306.53427,615.79456,305.30515
0.27,0.03,0.0,878.0453,305.86765,677.69354,305.208
0.0,0.06,0.0,328.28485,375.487,132.23122,370.23975
0.03,0.06,0.0,388.6147,374.3866,190.51035,369.5118
0.06,0.06,0.0,449.39188,373.36307,249.78128,368.94418
0.09,0.06,0.0,510.43332,372.41937,309.84003,368.42593
0.12,0.06,0.0,571.5741,371.52768,370.54318,368.0775
0.15,0.06,0.0,632.8375,370.61993,431.66394,367.79208
0.18,0.06,0.0,694.14325,369.7885,493.0769,367.6104
0.21,0.06,0.0,755.4677,368.97372,554.59973,367.4386
0.24,0.06,0.0,816.79016,368.17075,616.1233,367.31387
0.27,0.06,0.0,877.9979,367.47086,677.6864,367.19925
0.0,0.09,0.0,330.41867,436.22583,134.36118,430.52005
0.03,0.09,0.0,390.6218,435.2457,192.53012,430.1148
0.06,0.09,0.0,451.12305,434.31302,251.54974,429.79147
0.09,0.09,0.0,511.9331,433.4547,311.46222,429.50772
0.12,0.09,0.0,572.8358,432.57556,371.95804,429.25888
0.15,0.09,0.0,633.766,431.732,432.86926,429.07727
0.18,0.09,0.0,694.784,430.9171,493.962,428.97327
0.21,0.09,0.0,755.87354,430.1252,555.18823,428.86798
0.24,0.09,0.0,816.8869,429.31097,616.4467,428.7239
0.27,0.09,0.0,877.8771,428.57706,677.6629,428.6547
0.0,0.12,0.0,332.7127,496.4687,136.82095,490.3152
0.03,0.12,0.0,392.7343,495.54965,194.84544,490.16403
0.06,0.12,0.0,452.88998,494.79517,253.51938,490.1882
0.09,0.12,0.0,513.42444,493.9601,313.1797,490.04294
0.12,0.12,0.0,574.0655,493.0587,373.4511,489.87125
0.15,0.12,0.0,634.7051,492.24274,434.10007,489.75845
0.18,0.12,0.0,695.4407,491.48306,494.89636,489.69443
0.21,0.12,0.0,756.22504,490.74622,555.8018,489.64008
0.24,0.12,0.0,816.9266,489.8564,616.7222,489.49313
0.27,0.12,0.0,877.64465,489.1336,677.63654,489.4252
0.0,0.15,0.0,335.2252,556.0655,139.62799,549.5164
0.03,0.15,0.0,394.81757,555.3012,197.31508,549.66766
0.06,0.15,0.0,454.70438,554.6518,255.6858,549.9014
0.09,0.15,0.0,514.9553,553.8426,315.07916,549.9504
0.12,0.15,0.0,575.2949,553.0006,375.03015,549.89233
0.15,0.15,0.0,635.6191,552.2051,435.3221,549.84357
0.18,0.15,0.0,696.0652,551.458,495.80746,549.8108
0.21,0.15,0.0,756.5406,550.747,556.3674,549.83093
0.24,0.15,0.0,816.97003,549.90015,616.9943,549.623
0.27,0.15,0.0,877.36597,549.14526,677.5724,549.5437
0.0,0.18,0.0,337.76004,615.04865,142.6809,608.0483
0.03,0.18,0.0,396.97903,614.5024,199.91869,608.5365
0.06,0.18,0.0,456.57803,613.86115,258.10132,608.91223
0.09,0.18,0.0,516.49493,613.089,317.11282,609.10284
0.12,0.18,0.0,576.478,612.33606,376.63898,609.22833
0.15,0.18,0.0,636.5302,611.5553,436.5497,609.28265
0.18,0.18,0.0,696.66406,610.82117,496.68597,609.28076
0.21,0.18,0.0,756.83435,610.1453,556.9442,609.3232
0.24,0.18,0.0,816.97015,609.35004,617.2361,609.1626
0.27,0.18,0.0,876.9997,608.4935,677.51904,609.05817
0.0,0.21,0.0,340.40326,673.3429,145.96478,665.80927
0.03,0.21,0.0,399.23337,672.95575,202.80455,666.59283
0.06,0.21,0.0,458.5183,672.3544,260.71115,667.1008
0.09,0.21,0.0,518.06323,671.6658,319.27896,667.4948
0.12,0.21,0.0,577.6939,671.0877,378.29636,667.88275
0.15,0.21,0.0,637.4636,670.29443,437.86887,668.0016
0.18,0.21,0.0,697.2463,669.56335,497.6326,668.03973
0.21,0.21,0.0,757.10583,668.8951,557.5135,668.1274
0.24,0.21,0.0,816.89844,668.10144,617.49,668.06476
0.27,0.21,0.0,876.55853,667.1936,677.4408,667.9678
0.0,0.24,0.0,343.15854,730.86096,149.49461,722.696
0.03,0.24,0.0,401.59476,730.668,205.93286,723.7293
0.06,0.24,0.0,460.53745,730.0623,263.44577,724.41754
0.09,0.24,0.0,519.65234,729.57294,321.5335,725.08685
0.12,0.24,0.0,578.9174,729.17523,380.08234,725.7547
0.15,0.24,0.0,638.34314,728.34186,439.25513,725.9002
0.18,0.24,0.0,697.8345,727.6065,498.62704,726.0539
0.21,0.24,0.0,757.3268,726.9886,558.12024,726.2622
0.24,0.24,0.0,816.7431,726.0686,617.71136,726.18756
0.27,0.24,0.0,875.9975,725.12286,677.35333,726.12994
0.0,0.27,0.0,346.03354,787.5545,153.23615,778.6807
0.03,0.27,0.0,404.08493,787.3791,209.31277,779.919
0.06,0.27,0.0,462.64902,786.9157,266.44183,780.76825
0.09,0.27,0.0,521.335,786.56537,323.98575,781.6643
0.12,0.27,0.0,580.18286,786.43585,381.9736,782.715
0.15,0.27,0.0,639.23944,785.55743,440.7292,782.89886
0.18,0.27,0.0,698.3735,784.81934,499.6744,783.15497
0.21,0.27,0.0,757.52423,784.2839,558.7192,783.58673
0.24,0.27,0.0,816.467,783.1275,617.96313,783.364
0.27,0.27,0.0,875.3133,782.1654,677.2296,783.4387
0.0,0.0,0.0,470.70267,142.83672,273.45135,139.27014
0.03,0.0,0.0,532.01117,144.13934,334.83383,140.58784
0.06,0.0,0.0,592.7518,145.60263,396.0485,142.17834
0.09,0.0,0.0,652.86914,147.21478,457.0038,144.0291
0.12,0.0,0.0,712.3321,148.98027,517.5048,146.07101
0.15,0.0,0.0,771.0085,150.87447,577.45026,148.32365
0.18,0.0,0.0,828.83746,152.93,636.77374,150.66203
0.21,0.0,0.0,885.7761,155.12134,695.3675,153.12297
0.24,0.0,0.0,941.6957,157.49994,753.2007,155.64642
0.27,0.0,0.0,996.5588,160.08018,810.229,158.28659
0.0,0.03,0.0,470.59323,203.35504,271.9037,199.48515
0.03,0.03,0.0,532.05695,204.4099,333.5615,200.70209
0.06,0.03,0.0,592.99945,205.6102,395.05734,202.16727
0.09,0.03,0.0,653.2472,206.93875,456.25284,203.86238
0.12,0.03,0.0,712.8555,208.36958,516.9565,205.71205
0.15,0.03,0.0,771.65814,209.81853,577.0469,207.65163
0.18,0.03,0.0,829.6946,211.40558,636.5024,209.68605
0.21,0.03,0.0,886.82355,213.14249,695.2194,211.7833
0.24,0.03,0.0,942.95636,214.99129,753.178,213.93056
0.27,0.03,0.0,998.0249,217.02881,810.35095,216.1153
0.0,0.06,0.0,470.59286,264.4015,270.60867,260.28345
0.03,0.06,0.0,532.2213,265.257,332.5252,261.41144
0.06,0.06,0.0,593.30347,266.14786,394.25174,262.73038
0.09,0.06,0.0,653.6463,267.14502,455.6437,264.18143
0.12,0.06,0.0,713.3303,268.19684,516.48035,265.82797
0.15,0.06,0.0,772.2185,269.28632,576.6779,267.48425
0.18,0.06,0.0,830.39465,270.3801,636.2201,269.1425
0.21,0.06,0.0,887.70996,271.636,695.02264,270.82864
0.24,0.06,0.0,943.9917,273.05292,753.0678,272.59424
0.27,0.06,0.0,999.2565,274.53217,810.35986,274.3656
0.0,0.09,0.0,470.72064,325.82538,269.57013,321.4965
0.03,0.09,0.0,532.46155,326.41397,331.6937,322.5319
0.06,0.09,0.0,593.6112,326.96652,393.61563,323.60626
0.09,0.09,0.0,654.0489,327.59918,455.11017,324.84097
0.12,0.09,0.0,713.73553,328.30948,516.0797,326.19333
0.15,0.09,0.0,772.71,328.99228,576.3176,327.5094
0.18,0.09,0.0,831.0309,329.72098,635.9461,328.84338
0.21,0.09,0.0,888.4799,330.49338,694.82574,330.18274
0.24,0.09,0.0,944.81946,331.4176,752.86633,331.53748
0.27,0.09,0.0,1000.2634,332.40427,810.257,332.86676
0.0,0.12,0.0,470.93594,387.49774,268.75867,383.06894
0.03,0.12,0.0,532.7438,387.7684,331.06284,383.91562
0.06,0.12,0.0,593.9669,387.99106,393.062,384.7568
0.09,0.12,0.0,654.39746,388.26422,454.68777,385.67953
0.12,0.12,0.0,714.1229,388.59253,515.6858,386.70346
0.15,0.12,0.0,773.13354,388.90118,576.01904,387.7189
0.18,0.12,0.0,831.5581,389.22714,635.66327,388.67184
0.21,0.12,0.0,889.13226,389.56552,694.5969,389.63318
0.24,0.12,0.0,945.466,390.0571,752.59204,390.64413
0.27,0.12,0.0,1001.1008,390.56018,810.0628,391.54657
0.0,0.15,0.0,471.23035,449.2995,268.1852,444.84637
0.03,0.15,0.0,533.0864,449.22342,330.579,445.44504
0.06,0.15,0.0,594.3189,449.1038,392.63397,446.00574
0.09,0.15,0.0,654.79803,449.03732,454.3428,446.61652
0.12,0.15,0.0,714.5119,448.98093,515.38007,447.30383
0.15,0.15,0.0,773.54474,448.90768,575.7133,447.9674
0.18,0.15,0.0,831.98755,448.84674,635.34875,448.54422
0.21,0.15,0.0,889.63,448.82062,694.28265,449.1522
0.24,0.15,0.0,946.0916,448.8446,752.31714,449.7317
0.27,0.15,0.0,1001.7052,448.8775,809.77045,450.30573
0.0,0.18,0.0,471.53247,511.11148,267.8361,506.672
0.03,0.18,0.0,533.4303,510.68695,330.14108,506.98312
0.06,0.18,0.0,594.6326,510.27338,392.27222,507.31033
0.09,0.18,0.0,655.10455,509.8221,453.9664,507.6194
0.12,0.18,0.0,714.90454,509.41382,515.0481,507.90607
0.15,0.18,0.0,773.93976,508.9755,575.40674,508.15637
0.18,0.18,0.0,832.33997,508.56244,635.0243,508.4067
0.21,0.18,0.0,890.00604,508.1403,693.9055,508.64005
0.24,0.18,0.0,946.6258,507.72983,752.0347,508.87347
0.27,0.18,0.0,1002.13275,507.32068,809.4386,509.06708
0.0,0.21,0.0,471.90536,573.0369,267.62305,568.47534
0.03,0.21,0.0,533.8163,572.2094,329.93063,568.57697
0.06,0.21,0.0,594.98975,571.44684,392.0296,568.6173
0.09,0.21,0.0,655.45465,570.6058,453.64417,568.55945
0.12,0.21,0.0,715.3296,569.85596,514.7162,568.5014
0.15,0.21,0.0,774.31476,569.04144,575.0682,568.34656
0.18,0.21,0.0,832.69275,568.27185,634.6514,568.2363
0.21,0.21,0.0,890.36426,567.45715,693.5792,568.0958
0.24,0.21,0.0,946.9653,566.6627,751.74646,567.99744
0.27,0.21,0.0,1002.4622,565.77313,809.1054,567.8453
0.0,0.24,0.0,472.31143,634.9275,267.56458,630.1953
0.03,0.24,0.0,534.20013,633.8089,329.81512,630.0695
0.06,0.24,0.0,595.3394,632.57184,391.79916,629.8078
0.09,0.24,0.0,655.8132,631.422,453.3791,629.47565
0.12,0.24,0.0,715.72516,630.3345,514.4164,629.0959
0.15,0.24,0.0,774.68713,629.14026,574.68256,628.5761
0.18,0.24,0.0,833.0166,627.9616,634.3061,628.07904
0.21,0.24,0.0,890.63684,626.7702,693.2466,627.65314
0.24,0.24,0.0,947.11053,625.48663,751.3644,627.1139
0.27,0.24,0.0,1002.5722,624.1446,808.7423,626.5837
0.0,0.27,0.0,472.82593,696.7005,267.75894,691.6705
0.03,0.27,0.0,534.59863,695.2451,329.85675,691.34595
0.06,0.27,0.0,595.67957,693.6366,391.71927,690.7654
0.09,0.27,0.0,656.16003,692.15826,453.16565,690.1875
0.12,0.27,0.0,716.14886,690.74615,514.1441,689.62115
0.15,0.27,0.0,774.99817,689.12103,574.34796,688.7146
0.18,0.27,0.0,833.2338,687.5244,633.9495,687.8716
0.21,0.27,0.0,890.8817,685.98413,692.9378,687.10944
0.24,0.27,0.0,947.0817,684.1281,750.9007,686.0911
0.27,0.27,0.0,1002.5613,682.31647,808.3398,685.22736
0.0,0.0,0.0,475.3294,164.13924,286.7252,160.64685
0.03,0.0,0.0,533.6276,163.01878,344.1584,159.60994
0.06,0.0,0.0,592.0752,162.09824,402.0888,158.8455
0.09,0.0,0.0,650.59753,161.25902,460.35153,158.21805
0.12,0.0,0.0,709.1315,160.58302,518.9274,157.83217
0.15,0.0,0.0,767.618,160.068,577.62726,157.58812
0.18,0.0,0.0,825.9149,159.71141,636.3893,157.45293
0.21,0.0,0.0,883.96484,159.5297,695.1284,157.42259
0.24,0.0,0.0,941.62427,159.56831,753.7591,157.52484
0.27,0.0,0.0,998.78516,159.84238,812.3001,157.81476
0.0,0.03,0.0,474.73233,219.94652,283.9973,216.22609
0.03,0.03,0.0,533.51776,218.93225,341.95233,215.38045
0.06,0.03,0.0,592.3938,218.03505,400.37878,214.7668
0.09,0.03,0.0,651.34595,217.24426,459.16733,214.33582
0.12,0.03,0.0,710.31165,216.57481,518.18243,214.03311
0.15,0.03,0.0,769.24194,215.98105,577.3238,213.83609
0.18,0.03,0.0,827.9995,215.49971,636.5159,213.70999
0.21,0.03,0.0,886.5496,215.15169,695.648,213.68149
0.24,0.03,0.0,944.69336,215.01648,754.7366,213.75417
0.27,0.03,0.0,1002.3881,215.03983,813.6899,213.8626
0.0,0.06,0.0,474.26932,276.75665,281.46573,272.788
0.03,0.06,0.0,533.45496,275.8532,339.89047,272.17062
0.06,0.06,0.0,592.7353,275.00735,398.78815,271.70297
0.09,0.06,0.0,652.0776,274.25128,458.0309,271.39313
0.12,0.06,0.0,711.45624,273.54886,517.509,271.20413
0.15,0.06,0.0,770.73975,272.88358,577.03326,271.07745
0.18,0.06,0.0,829.97595,272.26706,636.58405,270.97495
0.21,0.06,0.0,888.97974,271.7864,696.14703,270.93542
0.24,0.06,0.0,947.62994,271.5048,755.6248,270.90268
0.27,0.06,0.0,1005.7922,271.3266,815.0029,270.93652
0.0,0.09,0.0,473.82184,334.41614,279.05005,330.26306
0.03,0.09,0.0,533.4552,333.66855,337.99725,329.92938
0.06,0.09,0.0,593.12,332.79373,397.3066,329.5313
0.09,0.09,0.0,652.8478,332.026,456.99643,329.32434
0.12,0.09,0.0,712.54755,331.36542,516.87866,329.26984
0.15,0.09,0.0,772.2251,330.65985,576.78,329.17847
0.18,0.09,0.0,831.8733,329.9295,636.6855,329.0257
0.21,0.09,0.0,891.3481,329.31912,696.5971,328.93848
0.24,0.09,0.0,950.3603,328.94772,756.4496,328.93063
0.27,0.09,0.0,1009.0335,328.49817,816.21606,328.8536
0.0,0.12,0.0,473.49808,392.9359,276.86667,388.66806
0.03,0.12,0.0,533.52155,392.22806,336.2646,388.51572
0.06,0.12,0.0,593.5269,391.34134,395.90582,388.17563
0.09,0.12,0.0,653.5963,390.60217,456.006,388.0465
0.12,0.12,0.0,713.6599,389.93146,516.28687,388.0529
0.15,0.12,0.0,773.6694,389.2201,576.54675,388.00916
0.18,0.12,0.0,833.71924,388.4333,636.81305,387.86084
0.21,0.12,0.0,893.6116,387.68674,697.05444,387.7128
0.24,0.12,0.0,953.0167,387.24594,757.20776,387.74396
0.27,0.12,0.0,1012.1232,386.6356,817.3549,387.57358
0.0,0.15,0.0,473.21927,452.2171,274.84726,447.87448
0.03,0.15,0.0,533.5966,451.51013,334.5837,447.7769
0.06,0.15,0.0,593.95026,450.6142,394.60437,447.57834
0.09,0.15,0.0,654.36633,449.86526,455.08716,447.51898
0.12,0.15,0.0,714.7513,449.19464,515.73834,447.53302
0.15,0.15,0.0,775.13324,448.4604,576.3153,447.4995
0.18,0.15,0.0,835.51404,447.67865,636.90967,447.35776
0.21,0.15,0.0,895.78265,446.87042,697.44434,447.18378
0.24,0.15,0.0,955.5676,446.25275,757.9351,447.147
0.27,0.15,0.0,1014.9813,445.59122,818.4416,447.01196
0.0,0.18,0.0,472.98752,512.1502,273.003,507.72556
0.03,0.18,0.0,533.6698,511.3818,332.92264,507.72125
0.06,0.18,0.0,594.3763,510.6014,393.3867,507.70172
0.09,0.18,0.0,655.11505,509.88007,454.20462,507.66885
0.12,0.18,0.0,715.8276,509.14767,515.11914,507.61856
0.15,0.18,0.0,776.57556,508.39252,576.06,507.57312
0.18,0.18,0.0,837.27606,507.58978,636.96497,507.47318
0.21,0.18,0.0,897.85034,506.74518,697.8585,507.33014
0.24,0.18,0.0,958.0663,506.01776,758.6572,507.20184
0.27,0.18,0.0,1017.6927,505.22482,819.46014,507.07904
0.0,0.21,0.0,472.7787,572.7069,271.2262,568.1569
0.03,0.21,0.0,533.7711,571.9606,331.43524,568.3275
0.06,0.21,0.0,594.842,571.2488,392.23785,568.3989
0.09,0.21,0.0,655.8971,570.4947,453.34402,568.4433
0.12,0.21,0.0,716.97375,569.69965,514.5236,568.36316
0.15,0.21,0.0,778.01697,568.9366,575.79376,568.3086
0.18,0.21,0.0,839.02246,568.1562,637.01666,568.1997
0.21,0.21,0.0,899.9017,567.2941,698.21747,568.0444
0.24,0.21,0.0,960.39215,566.4073,759.339,567.9604
0.27,0.21,0.0,1020.36584,565.4972,820.50256,567.8009
0.0,0.24,0.0,472.59772,633.93036,269.60992,629.15735
0.03,0.24,0.0,533.91205,633.223,330.09384,629.47614
0.06,0.24,0.0,595.3018,632.5246,391.16855,629.7013
0.09,0.24,0.0,656.68097,631.7418,452.4743,629.7848
0.12,0.24,0.0,718.10516,630.951,513.9023,629.76575
0.15,0.24,0.0,779.42676,630.1862,575.50934,629.70514
0.18,0.24,0.0,840.72186,629.3416,637.05817,629.60944
0.21,0.24,0.0,901.9141,628.42175,698.6049,629.461
0.24,0.24,0.0,962.58026,627.40424,760.1034,629.34216
0.27,0.24,0.0,1022.76495,626.27234,821.4779,629.1396
0.0,0.27,0.0,472.478,695.65826,268.2161,690.5348
0.03,0.27,0.0,534.0884,695.0513,328.904,691.0884
0.06,0.27,0.0,595.7864,694.3631,390.22543,691.4367
0.09,0.27,0.0,657.4593,693.6247,451.66083,691.6114
0.12,0.27,0.0,719.205,692.82336,513.2867,691.7146
0.15,0.27,0.0,780.85315,692.002,575.22955,691.6848
0.18,0.27,0.0,842.355,691.07007,637.115,691.5869
0.21,0.27,0.0,903.81903,690.03033,698.9469,691.4502
0.24,0.27,0.0,964.56976,688.841,760.70056,691.26465
0.27,0.27,0.0,1024.9578,687.488,822.3973,690.97015
0.0,0.0,0.0,466.6211,147.8037,269.86722,144.39252
0.03,0.0,0.0,527.62213,146.43878,329.77936,143.037
0.06,0.0,0.0,588.82825,145.25114,390.323,141.93298
0.09,0.0,0.0,650.1475,144.26134,451.33887,141.12048
0.12,0.0,0.0,711.5395,143.4243,512.6991,140.49138
0.15,0.0,0.0,772.84845,142.80269,574.24945,140.07959
0.18,0.0,0.0,834.00146,142.34567,635.92365,139.82253
0.21,0.0,0.0,894.8575,142.12648,697.55304,139.73825
0.24,0.0,0.0,955.27374,142.21394,759.1435,139.7984
0.27,0.0,0.0,1015.1366,142.6058,820.5721,140.06642
0.0,0.03,0.0,467.90494,209.15459,270.68192,205.41374
0.03,0.03,0.0,528.7791,207.93263,330.58542,204.32571
0.06,0.03,0.0,589.86847,206.84998,391.08893,203.48196
0.09,0.03,0.0,651.0123,205.90326,452.00946,202.8683
0.12,0.03,0.0,712.2333,205.08282,513.2622,202.41045
0.15,0.03,0.0,773.40173,204.34076,574.67285,202.10796
0.18,0.03,0.0,834.4846,203.73476,636.1221,201.85039
0.21,0.03,0.0,895.2549,203.39655,697.61444,201.77731
0.24,0.03,0.0,955.66626,203.24966,758.96655,201.76968
0.27,0.03,0.0,1015.53204,203.34972,820.3517,201.91225
0.0,0.06,0.0,469.3055,270.42526,271.78326,266.3925
0.03,0.06,0.0,530.04565,269.35333,331.58,265.61148
0.06,0.06,0.0,590.9001,268.35672,392.04266,264.98294
0.09,0.06,0.0,651.87164,267.44522,452.81088,264.52612
0.12,0.06,0.0,712.87897,266.5966,513.90314,264.1855
0.15,0.06,0.0,773.84753,265.83743,575.1052,263.96228
0.18,0.06,0.0,834.7638,265.14047,636.3555,263.78036
0.21,0.06,0.0,895.48413,264.621,697.6093,263.65927
0.24,0.06,0.0,955.75854,264.2903,758.80475,263.62088
0.27,0.06,0.0,1015.5588,264.1317,819.91455,263.64285
0.0,0.09,0.0,470.8191,331.44238,273.07593,327.2097
0.03,0.09,0.0,531.3652,330.4491,332.87387,326.6401
0.06,0.09,0.0,592.05115,329.50677,393.08026,326.2062
0.09,0.09,0.0,652.7234,328.58475,453.7144,325.88864
0.12,0.09,0.0,713.4685,327.7768,514.6504,325.6794
0.15,0.09,0.0,774.19806,326.97455,575.5851,325.44376
0.18,0.09,0.0,834.9488,326.25208,636.57855,325.2946
0.21,0.09,0.0,895.50476,325.6306,697.55963,325.23413
0.24,0.09,0.0,955.6289,325.1172,758.47766,325.13092
0.27,0.09,0.0,1015.3798,324.78482,819.4003,325.07162
0.0,0.12,0.0,472.4275,392.04047,274.664,387.7518
0.03,0.12,0.0,532.7702,391.11234,334.34128,387.32236
0.06,0.12,0.0,593.12915,390.2609,394.29764,387.0669
0.09,0.12,0.0,653.5648,389.4004,454.75195,386.84796
0.12,0.12,0.0,714.0181,388.5287,515.42255,386.64734
0.15,0.12,0.0,774.5116,387.7132,576.09106,386.50375
0.18,0.12,0.0,835.0161,386.99826,636.76,386.41034
0.21,0.12,0.0,895.4007,386.30508,697.5106,386.31586
0.24,0.12,0.0,955.3218,385.6341,758.0953,386.15762
0.27,0.12,0.0,1014.89386,385.14236,818.77185,386.05722
0.0,0.15,0.0,474.12057,452.13245,276.41867,447.76697
0.03,0.15,0.0,534.1399,451.26825,335.85852,447.5305
0.06,0.15,0.0,594.1921,450.481,395.62482,447.42862
0.09,0.15,0.0,654.37964,449.63678,455.82623,447.24518
0.12,0.15,0.0,714.5666,448.75452,516.2161,447.07584
0.15,0.15,0.0,774.7784,447.9481,576.58954,446.9516
0.18,0.15,0.0,835.01904,447.20483,636.9605,446.8572
0.21,0.15,0.0,895.17725,446.49844,697.3362,446.79553
0.24,0.15,0.0,954.8627,445.71857,757.6849,446.6212
0.27,0.15,0.0,1014.21356,445.09644,818.0626,446.50082
0.0,0.18,0.0,475.7643,511.68558,278.38547,507.26102
0.03,0.18,0.0,535.49884,510.88046,337.44467,507.23285
0.06,0.18,0.0,595.34186,510.11444,397.01907,507.16434
0.09,0.18,0.0,655.2032,509.26385,456.94275,507.0417
0.12,0.18,0.0,715.1134,508.44843,516.9983,506.9196
0.15,0.18,0.0,775.0162,507.64465,577.0806,506.80984
0.18,0.18,0.0,834.96704,506.9096,637.1234,506.71082
0.21,0.18,0.0,894.7995,506.1641,697.2087,506.6211
0.24,0.18,0.0,954.3303,505.36353,757.23346,506.48163
0.27,0.18,0.0,1013.3369,504.55682,817.30194,506.348
0.0,0.21,0.0,477.47253,570.7012,280.4442,566.194
0.03,0.21,0.0,536.8869,569.9411,339.1531,566.30365
0.06,0.21,0.0,596.46674,569.091,398.48395,566.25226
0.09,0.21,0.0,656.0183,568.2683,458.05048,566.182
0.12,0.21,0.0,715.6383,567.5693,517.7377,566.1563
0.15,0.21,0.0,775.2553,566.726,577.5292,565.98926
0.18,0.21,0.0,834.84393,565.9627,637.2848,565.8642
0.21,0.21,0.0,894.3938,565.2231,697.0406,565.83093
0.24,0.21,0.0,953.6184,564.36926,756.81525,565.73035
0.27,0.21,0.0,1012.3622,563.44147,816.5433,565.6035
0.0,0.24,0.0,479.15332,629.1149,282.60925,624.4904
0.03,0.24,0.0,538.29395,628.4034,340.98993,624.707
0.06,0.24,0.0,597.5754,627.4837,400.01343,624.69183
0.09,0.24,0.0,656.81775,626.7704,459.17615,624.71674
0.12,0.24,0.0,716.13763,626.12585,518.46375,624.833
0.15,0.24,0.0,775.4615,625.2543,577.9704,624.6353
0.18,0.24,0.0,834.7324,624.4317,637.4134,624.4871
0.21,0.24,0.0,893.9518,623.70667,696.9061,624.5327
0.24,0.24,0.0,952.7799,622.707,756.32904,624.37054
0.27,0.24,0.0,1011.1371,621.69116,815.74097,624.20764
0.0,0.27,0.0,480.86575,686.9138,284.85806,682.00024
0.03,0.27,0.0,539.7066,686.1905,342.9505,682.32275
0.06,0.27,0.0,598.66003,685.2732,401.58704,682.3519
0.09,0.27,0.0,657.6125,684.56995,460.36832,682.5088
0.12,0.27,0.0,716.65674,684.11084,519.2417,682.8424
0.15,0.27,0.0,775.5968,683.11053,578.41266,682.5779
0.18,0.27,0.0,834.54517,682.2415,637.5528,682.4893
0.21,0.27,0.0,893.4402,681.53253,696.7168,682.5891
0.24,0.27,0.0,951.7616,680.2969,755.8087,682.23444
0.27,0.27,0.0,1009.8068,679.1861,814.8813,682.154
0.0,0.0,0.0,614.186,259.1699,422.19113,255.94565
0.03,0.0,0.0,672.33264,256.46542,479.1873,253.70213
0.06,0.0,0.0,731.12286,253.80235,537.02057,251.52191
0.09,0.0,0.0,790.6034,251.20854,595.66254,249.38818
0.12,0.0,0.0,850.7363,248.67032,655.07153,247.27614
0.15,0.0,0.0,911.3005,246.30078,715.19055,245.24591
0.18,0.0,0.0,972.1779,244.07834,776.0025,243.23216
0.21,0.0,0.0,1033.194,242.11223,837.36115,241.30826
0.24,0.0,0.0,1094.1072,240.37538,899.2348,239.47989
0.27,0.0,0.0,1154.7372,238.96599,961.4513,237.8695
0.0,0.03,0.0,615.3162,317.6596,422.44498,314.5163
0.03,0.03,0.0,673.5225,315.33524,479.5595,312.7285
0.06,0.03,0.0,732.43427,313.00085,537.4976,310.98605
0.09,0.03,0.0,792.0311,310.67603,596.2086,309.25775
0.12,0.03,0.0,852.2732,308.44818,655.6696,307.55273
0.15,0.03,0.0,913.02185,306.30518,715.85974,305.86728
0.18,0.03,0.0,974.12244,304.2956,776.736,304.12546
0.21,0.03,0.0,1035.3348,302.42657,838.23236,302.48993
0.24,0.03,0.0,1096.511,300.77283,900.3001,300.91083
0.27,0.03,0.0,1157.3646,299.35864,962.71436,299.48065
0.0,0.06,0.0,616.47186,376.3331,422.79068,373.34305
0.03,0.06,0.0,674.70355,374.36966,479.98077,371.98355
0.06,0.06,0.0,733.67444,372.37375,537.97534,370.64325
0.09,0.06,0.0,793.379,370.4261,596.7582,369.34576
0.12,0.06,0.0,853.71185,368.5001,656.288,367.9966
0.15,0.06,0.0,914.5522,366.60797,716.46387,366.64374
0.18,0.06,0.0,975.83984,364.823,777.4198,365.28003
0.21,0.06,0.0,1037.2562,363.13455,839.0056,363.93942
0.24,0.06,0.0,1098.5465,361.55878,901.201,362.65076
0.27,0.06,0.0,1159.5841,360.1913,963.7329,361.45468
0.0,0.09,0.0,617.60834,435.0689,423.13507,432.2412
0.03,0.09,0.0,675.94244,433.50696,480.52637,431.311
0.06,0.09,0.0,734.9132,431.87115,538.487,430.36087
0.09,0.09,0.0,794.66583,430.2621,597.2956,429.42996
0.12,0.09,0.0,855.0582,428.67725,656.8437,428.50702
0.15,0.09,0.0,915.99677,427.11282,717.0446,427.5228
0.18,0.09,0.0,977.3776,425.56137,778.0002,426.5086
0.21,0.09,0.0,1038.93,424.08655,839.68195,425.49222
0.24,0.09,0.0,1100.3232,422.69272,901.94037,424.51666
0.27,0.09,0.0,1161.5009,421.3644,964.57367,423.56592
0.0,0.12,0.0,618.79785,493.88858,423.66565,491.23233
0.03,0.12,0.0,677.1558,492.69226,481.08463,490.67685
0.06,0.12,0.0,736.10864,491.4494,538.9805,490.12564
0.09,0.12,0.0,795.88586,490.17072,597.83057,489.56622
0.12,0.12,0.0,856.32996,488.9522,657.4239,488.95358
0.15,0.12,0.0,917.3454,487.7088,717.6007,488.36975
0.18,0.12,0.0,978.7692,486.45642,778.5769,487.74875
0.21,0.12,0.0,1040.3832,485.17725,840.2798,487.1279
0.24,0.12,0.0,1101.8074,483.95123,902.6021,486.4649
0.27,0.12,0.0,1163.0453,482.67978,965.25903,485.83514
0.0,0.15,0.0,620.00476,552.736,424.22113,550.20074
0.03,0.15,0.0,678.33234,551.88385,481.5785,550.0346
0.06,0.15,0.0,737.34283,551.06744,539.51605,549.88275
0.09,0.15,0.0,797.15015,550.18835,598.373,549.6721
0.12,0.15,0.0,857.584,549.2699,657.92535,549.4479
0.15,0.15,0.0,918.58655,548.34735,718.15936,549.22687
0.18,0.15,0.0,980.003,547.3521,779.14636,548.99603
0.21,0.15,0.0,1041.6068,546.35126,840.8123,548.7817
0.24,0.15,0.0,1103.0262,545.2416,903.1036,548.44867
0.27,0.15,0.0,1164.1896,544.04224,965.76276,548.12195
0.0,0.18,0.0,621.18445,611.5725,424.8425,609.149
0.03,0.18,0.0,679.492,611.137,482.03592,609.4243
0.06,0.18,0.0,738.56525,610.6464,540.06555,609.6279
0.09,0.18,0.0,798.3496,610.1276,598.9317,609.7709
0.12,0.18,0.0,858.77856,609.5705,658.4418,609.9353
0.15,0.18,0.0,919.7194,608.9292,718.6964,610.1019
0.18,0.18,0.0,981.0567,608.23,779.66614,610.27875
0.21,0.18,0.0,1042.574,607.43134,841.3048,610.4074
0.24,0.18,0.0,1103.9475,606.4589,903.5221,610.40125
0.27,0.18,0.0,1164.9692,605.30884,966.1182,610.31165
0.0,0.21,0.0,622.3557,670.43207,425.46292,668.0205
0.03,0.21,0.0,680.6682,670.3511,482.60342,668.6947
0.06,0.21,0.0,739.7473,670.2018,540.6607,669.3042
0.09,0.21,0.0,799.52545,670.0285,599.50635,669.8206
0.12,0.21,0.0,859.8579,669.7724,658.9292,670.4544
0.15,0.21,0.0,920.73676,669.4103,719.2155,670.92847
0.18,0.21,0.0,981.93,668.90607,780.14154,671.4203
0.21,0.21,0.0,1043.3054,668.31085,841.7067,671.8783
0.24,0.21,0.0,1104.5377,667.461,903.81415,672.17444
0.27,0.21,0.0,1165.45,666.3741,966.30396,672.315
0.0,0.24,0.0,623.53217,729.1936,426.14993,726.6789
0.03,0.24,0.0,681.85254,729.4783,483.22113,727.8323
0.06,0.24,0.0,740.94305,729.57745,541.3225,728.7886
0.09,0.24,0.0,800.59656,729.7244,600.0213,729.7802
0.12,0.24,0.0,860.841,729.87976,659.3873,730.80505
0.15,0.24,0.0,921.56647,729.66595,719.6347,731.6119
0.18,0.24,0.0,982.6045,729.36926,780.5203,732.4306
0.21,0.24,0.0,1043.7748,728.918,841.9535,733.16974
0.24,0.24,0.0,1104.7675,728.1226,903.9242,733.7193
0.27,0.24,0.0,1165.461,727.1131,966.2392,734.0337
0.0,0.27,0.0,624.7113,787.73096,426.93982,785.0459
0.03,0.27,0.0,683.01215,788.30774,483.989,786.5931
0.06,0.27,0.0,742.04474,788.6592,542.02313,787.9317
0.09,0.27,0.0,801.5862,789.123,600.5997,789.35956
0.12,0.27,0.0,861.64844,789.6217,659.8059,790.90594
0.15,0.27,0.0,922.19763,789.54584,720.0123,791.9212
0.18,0.27,0.0,982.9994,789.35187,780.7739,793.01013
0.21,0.27,0.0,1043.9514,789.10895,842.06866,794.1354
0.24,0.27,0.0,1104.5773,788.23535,903.8631,794.71497
0.27,0.27,0.0,1165.102,787.2827,965.9438,795.29535
0.0,0.0,0.0,614.4188,242.27507,412.89365,238.96815
0.03,0.0,0.0,675.5766,243.44002,475.15414,240.5961
0.06,0.0,0.0,735.99036,244.64084,536.8041,242.31172
0.09,0.0,0.0,795.63727,245.92244,597.8315,244.11055
0.12,0.0,0.0,854.4204,247.30406,658.14404,245.9795
0.15,0.0,0.0,912.2218,248.82443,717.67346,247.87442
0.18,0.0,0.0,968.9631,250.49867,776.4147,249.81314
0.21,0.0,0.0,1024.5541,252.2793,834.3248,251.79808
0.24,0.0,0.0,1078.7834,254.2653,891.2619,253.89171
0.27,0.0,0.0,1131.6947,256.41016,947.27466,256.04626
0.0,0.03,0.0,614.7584,304.01776,412.23975,300.79068
0.03,0.03,0.0,676.03107,304.77805,474.64633,302.12558
0.06,0.03,0.0,736.51294,305.57358,536.4386,303.53738
0.09,0.03,0.0,796.23145,306.46066,597.5376,305.04282
0.12,0.03,0.0,855.1134,307.40005,657.8884,306.5465
0.15,0.03,0.0,913.0692,308.4097,717.493,308.04544
0.18,0.03,0.0,969.9735,309.54825,776.29755,309.55518
0.21,0.03,0.0,1025.7284,310.81253,834.3062,311.0878
0.24,0.03,0.0,1080.1929,312.202,891.4071,312.69083
0.27,0.03,0.0,1133.2167,313.70703,947.5171,314.3681
0.0,0.06,0.0,615.1365,365.92776,411.7337,362.84393
0.03,0.06,0.0,676.36444,366.37045,474.2269,363.88477
0.06,0.06,0.0,736.97455,366.78897,536.09436,365.0108
0.09,0.06,0.0,796.75464,367.24048,597.24915,366.15076
0.12,0.06,0.0,855.7196,367.73312,657.62494,367.2844
0.15,0.06,0.0,913.75946,368.30087,717.2375,368.40244
0.18,0.06,0.0,970.84686,368.91754,776.11786,369.46786
0.21,0.06,0.0,1026.7164,369.65833,834.1925,370.5809
0.24,0.06,0.0,1081.3201,370.47073,891.3802,371.7466
0.27,0.06,0.0,1134.443,371.42752,947.608,372.9123
0.0,0.09,0.0,615.52954,427.97223,411.3007,425.0405
0.03,0.09,0.0,676.7539,428.02127,473.86734,425.77835
0.06,0.09,0.0,737.4432,428.05942,535.76184,426.52838
0.09,0.09,0.0,797.24384,428.12302,597.00665,427.273
0.12,0.09,0.0,856.1952,428.21094,657.32623,428.07672
0.15,0.09,0.0,914.3251,428.3534,716.92084,428.79318
0.18,0.09,0.0,971.53937,428.5049,775.8845,429.45868
0.21,0.09,0.0,1027.5593,428.72238,834.03534,430.17184
0.24,0.09,0.0,1082.1117,429.01117,891.19116,430.91364
0.27,0.09,0.0,1135.4086,429.32925,947.5579,431.63672
0.0,0.12,0.0,615.9092,490.08133,410.9325,487.3198
0.03,0.12,0.0,677.1613,489.7563,473.55286,487.72464
0.06,0.12,0.0,737.8779,489.40747,535.53595,488.09833
0.09,0.12,0.0,797.72577,489.09854,596.70514,488.48663
0.12,0.12,0.0,856.62964,488.77527,657.017,488.83392
0.15,0.12,0.0,914.77844,488.49463,716.5983,489.17816
0.18,0.12,0.0,972.0688,488.19592,775.6088,489.502
0.21,0.12,0.0,1028.1665,487.9237,833.8352,489.80908
0.24,0.12,0.0,1082.6324,487.67126,890.9432,490.1274
0.27,0.12,0.0,1136.0466,487.39658,947.36664,490.4311
0.0,0.15,0.0,616.3125,552.2328,410.65396,549.6226
0.03,0.15,0.0,677.56335,551.53503,473.2195,549.64923
0.06,0.15,0.0,738.3114,550.8306,535.1987,549.694
0.09,0.15,0.0,798.11584,550.14185,596.39386,549.6418
0.12,0.15,0.0,857.0598,549.3927,656.70337,549.5857
0.15,0.15,0.0,915.16376,548.65466,716.3085,549.543
0.18,0.15,0.0,972.4327,547.94745,775.2807,549.5287
0.21,0.15,0.0,1028.5485,547.1834,833.54974,549.49286
0.24,0.15,0.0,1083.0386,546.35486,890.66534,549.3679
0.27,0.15,0.0,1136.3245,545.52594,946.97577,549.26245
0.0,0.18,0.0,616.6415,614.34033,410.39777,611.84894
0.03,0.18,0.0,677.99567,613.2781,472.94186,611.57983
0.06,0.18,0.0,738.6341,612.2044,534.87537,611.2232
0.09,0.18,0.0,798.4208,611.1025,596.0281,610.7726
0.12,0.18,0.0,857.41296,610.0056,656.3828,610.3907
0.15,0.18,0.0,915.45526,608.8181,715.99677,609.948
0.18,0.18,0.0,972.61993,607.6076,774.91864,609.5577
0.21,0.18,0.0,1028.6582,606.3754,833.1293,609.1201
0.24,0.18,0.0,1083.1986,604.9974,890.316,608.60486
0.27,0.18,0.0,1136.2905,603.57544,946.4947,607.9976
0.0,0.21,0.0,617.0769,676.46857,410.26636,673.96674
0.03,0.21,0.0,678.44885,675.0515,472.72,673.3917
0.06,0.21,0.0,738.93567,673.53,534.54083,672.6618
0.09,0.21,0.0,798.69257,672.0134,595.66846,671.8886
0.12,0.21,0.0,857.72296,670.5182,656.09265,671.12286
0.15,0.21,0.0,915.65985,668.872,715.6721,670.3015
0.18,0.21,0.0,972.6158,667.1321,774.5321,669.46967
0.21,0.21,0.0,1028.5791,665.36316,832.6787,668.6187
0.24,0.21,0.0,1082.9977,663.4468,889.7866,667.69495
0.27,0.21,0.0,1136.0421,661.39825,945.914,666.59344
0.0,0.24,0.0,617.5281,738.4691,410.2705,735.8421
0.03,0.24,0.0,678.8025,736.6596,472.58286,734.9818
0.06,0.24,0.0,739.21326,734.69086,534.2675,733.9224
0.09,0.24,0.0,798.92456,732.7627,595.3523,732.84235
0.12,0.24,0.0,857.9509,730.8879,655.76575,731.79193
0.15,0.24,0.0,915.6919,728.6522,715.2755,730.5045
0.18,0.24,0.0,972.47156,726.43634,774.05457,729.242
0.21,0.24,0.0,1028.3207,724.13403,832.1415,727.999
0.24,0.24,0.0,1082.5264,721.58594,889.12085,726.5249
0.27,0.24,0.0,1135.4425,718.964,945.1298,724.94183
0.0,0.27,0.0,618.0056,800.21594,410.4067,797.3639
0.03,0.27,0.0,679.1419,797.95447,472.537,796.21735
0.06,0.27,0.0,739.369,795.4547,534.0724,794.7806
0.09,0.27,0.0,798.9729,793.1185,595.0261,793.39325
0.12,0.27,0.0,858.0336,790.87445,655.46155,792.13904
0.15,0.27,0.0,915.4981,788.10016,714.81433,790.3631
0.18,0.27,0.0,972.097,785.3187,773.47687,788.6827
0.21,0.27,0.0,1027.8418,782.5337,831.5111,787.0423
0.24,0.27,0.0,1081.6414,779.30695,888.2066,784.94604
0.27,0.27,0.0,1134.5153,776.1139,944.1722,782.97705
0.0,0.0,0.0,612.1658,259.14075,419.84082,255.98904
0.03,0.0,0.0,671.0961,258.35294,478.6993,255.66959
0.06,0.0,0.0,729.9728,257.68356,537.71185,255.4542
0.09,0.0,0.0,788.8154,257.01428,596.8103,255.33112
0.12,0.0,0.0,847.5298,256.5031,655.95264,255.24141
0.15,0.0,0.0,905.956,256.1682,715.0237,255.22284
0.18,0.0,0.0,964.0327,255.93202,774.0537,255.28282
0.21,0.0,0.0,1021.4921,255.90413,832.8722,255.38924
0.24,0.0,0.0,1078.2734,256.08932,891.4831,255.6031
0.27,0.0,0.0,1134.2087,256.4654,949.6983,255.9579
0.0,0.03,0.0,612.6716,316.40265,418.522,313.30396
0.03,0.03,0.0,671.9579,315.61682,477.80612,313.09036
0.06,0.03,0.0,731.2318,314.9128,537.24,312.9308
0.09,0.03,0.0,790.45715,314.21213,596.7088,312.8744
0.12,0.03,0.0,849.58545,313.64044,656.19196,312.79922
0.15,0.03,0.0,908.4588,313.1159,715.61755,312.75165
0.18,0.03,0.0,966.93933,312.76724,775.01324,312.72617
0.21,0.03,0.0,1024.9108,312.50018,834.2479,312.7354
0.24,0.03,0.0,1082.1519,312.43884,893.26685,312.8364
0.27,0.03,0.0,1138.4874,312.52347,951.94415,313.03503
0.0,0.06,0.0,613.2167,374.44226,417.27133,371.47043
0.03,0.06,0.0,672.8266,373.6768,476.9567,371.30615
0.06,0.06,0.0,732.4679,372.9179,536.7748,371.21344
0.09,0.06,0.0,792.0601,372.21252,596.5926,371.16083
0.12,0.06,0.0,851.56683,371.54477,656.4107,371.0894
0.15,0.06,0.0,910.8245,370.91394,716.1738,371.01663
0.18,0.06,0.0,969.7886,370.40778,775.89764,370.91446
0.21,0.06,0.0,1028.1614,369.98685,835.5395,370.85132
0.24,0.06,0.0,1085.7932,369.68753,894.96716,370.84656
0.27,0.06,0.0,1142.5251,369.5116,954.0194,370.92157
0.0,0.09,0.0,613.7193,433.13333,416.08038,430.27286
0.03,0.09,0.0,673.7124,432.4253,476.17297,430.24854
0.06,0.09,0.0,733.6747,431.6158,536.29706,430.11093
0.09,0.09,0.0,793.63696,430.87308,596.4715,430.07602
0.12,0.09,0.0,853.47003,430.20316,656.5955,430.03622
0.15,0.09,0.0,913.1072,429.53183,716.6752,429.9521
0.18,0.09,0.0,972.4878,428.82495,776.78125,429.78467
0.21,0.09,0.0,1031.2886,428.23615,836.77234,429.66483
0.24,0.09,0.0,1089.2124,427.75278,896.5297,429.64194
0.27,0.09,0.0,1146.3186,427.25284,955.9954,429.55008
0.0,0.12,0.0,614.2854,492.55588,414.9364,489.84027
0.03,0.12,0.0,674.57745,491.84796,475.4063,489.837
0.06,0.12,0.0,734.92786,490.98526,535.83673,489.69653
0.09,0.12,0.0,795.21405,490.2641,596.3687,489.61212
0.12,0.12,0.0,855.35034,489.55594,656.80945,489.60626
0.15,0.12,0.0,915.34576,488.81583,717.16425,489.48383
0.18,0.12,0.0,975.03784,488.008,777.6001,489.33972
0.21,0.12,0.0,1034.2335,487.23254,837.97516,489.14453
0.24,0.12,0.0,1092.3848,486.57605,898.033,489.10236
0.27,0.12,0.0,1149.841,485.77875,957.86743,488.89423
0.0,0.15,0.0,614.8442,552.6409,413.86554,550.0328
0.03,0.15,0.0,675.4747,551.9095,474.61978,550.03156
0.06,0.15,0.0,736.143,551.0762,535.3778,549.87836
0.09,0.15,0.0,796.7614,550.31195,596.2069,549.84235
0.12,0.15,0.0,857.20416,549.57007,656.95764,549.76733
0.15,0.15,0.0,917.5191,548.73,717.694,549.6789
0.18,0.15,0.0,977.515,547.84265,778.41644,549.5013
0.21,0.15,0.0,1036.9812,546.9126,839.0977,549.3263
0.24,0.15,0.0,1095.3937,545.9765,899.493,549.1726
0.27,0.15,0.0,1153.0431,544.9485,959.56573,548.91235
0.0,0.18,0.0,615.428,613.368,412.8579,610.8216
0.03,0.18,0.0,676.3655,612.59814,473.79025,610.8404
0.06,0.18,0.0,737.32837,611.8164,534.9149,610.7979
0.09,0.18,0.0,798.24963,611.0429,596.0401,610.6997
0.12,0.18,0.0,859.02765,610.191,657.12585,610.5955
0.15,0.18,0.0,919.6126,609.28595,718.1856,610.49927
0.18,0.18,0.0,979.8006,608.2669,779.20825,610.3487
0.21,0.18,0.0,1039.4595,607.1599,840.17377,610.13495
0.24,0.18,0.0,1098.1799,605.9485,900.8899,609.8447
0.27,0.18,0.0,1155.886,604.6378,961.1284,609.46924
0.0,0.21,0.0,616.0026,674.6931,411.8748,672.12823
0.03,0.21,0.0,677.27045,673.9442,473.09402,672.21765
0.06,0.21,0.0,738.5526,673.1383,534.43866,672.22626
0.09,0.21,0.0,799.7263,672.30316,595.87524,672.1705
0.12,0.21,0.0,860.8165,671.3562,657.2849,672.0673
0.15,0.21,0.0,921.57135,670.36755,718.65076,671.9101
0.18,0.21,0.0,981.9337,669.1881,779.9471,671.71436
0.21,0.21,0.0,1041.7706,667.8523,841.1767,671.4225
0.24,0.21,0.0,1100.6464,666.3846,902.09064,671.0178
0.27,0.21,0.0,1158.4957,664.7035,962.5664,670.50146
0.0,0.24,0.0,616.59515,736.57605,411.0049,733.8397
0.03,0.24,0.0,678.18634,735.83685,472.45056,734.1079
0.06,0.24,0.0,739.70703,735.0028,534.05634,734.1924
0.09,0.24,0.0,801.1379,734.04535,595.7434,734.1296
0.12,0.24,0.0,862.5105,733.0159,657.4424,734.0798
0.15,0.24,0.0,923.3907,731.8096,719.0601,733.8599
0.18,0.24,0.0,983.873,730.45435,780.62726,733.59216
0.21,0.24,0.0,1043.8442,728.8816,842.0784,733.1967
0.24,0.24,0.0,1102.7433,727.0668,903.12866,732.6391
0.27,0.24,0.0,1160.7512,725.0885,963.7776,731.8848
0.0,0.27,0.0,617.22876,798.85,410.26846,795.8417
0.03,0.27,0.0,679.0578,798.0752,471.88916,796.1816
0.06,0.27,0.0,740.8174,797.1124,533.7523,796.3813
0.09,0.27,0.0,802.45105,796.0899,595.6072,796.37225
0.12,0.27,0.0,864.04486,794.9944,657.52203,796.386
0.15,0.27,0.0,925.0074,793.5437,719.42084,796.06305
0.18,0.27,0.0,985.5496,791.88904,781.1812,795.69415
0.21,0.27,0.0,1045.6387,790.06866,842.8334,795.2203
0.24,0.27,0.0,1104.4694,787.8956,903.9782,794.41785
0.27,0.27,0.0,1162.585,785.49506,964.75696,793.49677
0.0,0.0,0.0,609.8526,246.97305,408.7492,243.72064
0.03,0.0,0.0,671.6452,246.05664,470.43777,243.234
0.06,0.0,0.0,733.4358,245.22398,532.32556,242.87141
0.09,0.0,0.0,795.1771,244.4834,594.3131,242.62007
0.12,0.0,0.0,856.74994,243.89264,656.40125,242.47997
0.15,0.0,0.0,918.0601,243.4628,718.4444,242.3697
0.18,0.0,0.0,978.8719,243.27205,780.37384,242.3654
0.21,0.0,0.0,1039.0485,243.27214,842.1887,242.47388
0.24,0.0,0.0,1098.429,243.53325,903.67804,242.73473
0.27,0.0,0.0,1156.8566,244.05823,964.77936,243.15321
0.0,0.03,0.0,610.9028,309.0024,409.79214,305.79437
0.03,0.03,0.0,672.4291,308.10175,471.27783,305.45694
0.06,0.03,0.0,733.9921,307.24637,533.0094,305.23074
0.09,0.03,0.0,795.5077,306.45557,594.7584,305.03598
0.12,0.03,0.0,856.9157,305.7713,656.53534,304.8898
0.15,0.03,0.0,918.04895,305.18353,718.321,304.75717
0.18,0.03,0.0,978.79834,304.7702,780.0511,304.67697
0.21,0.03,0.0,1038.9395,304.56815,841.6332,304.68024
0.24,0.03,0.0,1098.2505,304.55692,902.9638,304.80347
0.27,0.03,0.0,1156.5773,304.72308,963.9141,305.03894
0.0,0.06,0.0,611.95123,370.60794,410.9509,367.557
0.03,0.06,0.0,673.2195,369.71512,472.26532,367.32184
0.06,0.06,0.0,734.5122,368.87985,533.6932,367.11978
0.09,0.06,0.0,795.7604,368.07883,595.1829,366.98682
0.12,0.06,0.0,856.93604,367.35593,656.66876,366.84238
0.15,0.06,0.0,917.9106,366.61526,718.15326,366.70193
0.18,0.06,0.0,978.503,366.07828,779.60645,366.5911
0.21,0.06,0.0,1038.5154,365.6317,840.9628,366.4773
0.24,0.06,0.0,1097.694,365.3387,902.09534,366.4874
0.27,0.06,0.0,1155.9131,365.20767,962.8771,366.56796
0.0,0.09,0.0,612.9883,431.68164,412.16245,428.79977
0.03,0.09,0.0,673.95557,430.79947,473.2521,428.59973
0.06,0.09,0.0,734.9646,429.9985,534.3923,428.47983
0.09,0.09,0.0,795.98846,429.16348,595.60425,428.33868
0.12,0.09,0.0,856.85767,428.35028,656.7784,428.18182
0.15,0.09,0.0,917.60834,427.58475,717.92847,428.06552
0.18,0.09,0.0,978.01746,426.94586,779.10895,427.88824
0.21,0.09,0.0,1037.8835,426.34796,840.2222,427.7928
0.24,0.09,0.0,1096.8605,425.78717,901.082,427.6764
0.27,0.09,0.0,1154.9612,425.3561,961.64514,427.66302
0.0,0.12,0.0,614.0386,492.20493,413.4645,489.49625
0.03,0.12,0.0,674.7071,491.32535,474.28104,489.27966
0.06,0.12,0.0,735.4506,490.56085,535.10114,489.2412
0.09,0.12,0.0,796.16785,489.70532,596.0113,489.0956
0.12,0.12,0.0,856.7401,488.86273,656.8658,488.88058
0.15,0.12,0.0,917.2012,488.06052,717.71454,488.7237
0.18,0.12,0.0,977.4239,487.32605,778.56506,488.6245
0.21,0.12,0.0,1037.0485,486.5939,839.43604,488.52936
0.24,0.12,0.0,1095.6852,485.79013,899.939,488.3042
0.27,0.12,0.0,1153.6421,485.13156,960.2841,488.23428
0.0,0.15,0.0,615.06824,552.1213,414.81314,549.5314
0.03,0.15,0.0,675.4548,551.2601,475.30136,549.38727
0.06,0.15,0.0,735.88885,550.5548,535.7994,549.3506
0.09,0.15,0.0,796.3107,549.69666,596.41797,549.1945
0.12,0.15,0.0,856.5948,548.8039,656.9533,548.98505
0.15,0.15,0.0,916.72656,547.9426,717.4593,548.82935
0.18,0.15,0.0,976.60364,547.11847,778.01886,548.72406
0.21,0.15,0.0,1035.9827,546.28296,838.5737,548.66583
0.24,0.15,0.0,1094.3568,545.26605,898.812,548.3931
0.27,0.15,0.0,1151.9348,544.27954,958.76074,548.1769
0.0,0.18,0.0,616.1146,611.43585,416.21823,608.87885
0.03,0.18,0.0,676.17773,610.65704,476.28387,608.8685
0.06,0.18,0.0,736.2953,609.8811,536.49786,608.80804
0.09,0.18,0.0,796.3955,609.02795,596.78436,608.61414
0.12,0.18,0.0,856.38293,608.1524,656.99976,608.4563
0.15,0.18,0.0,916.1633,607.2188,717.22003,608.3171
0.18,0.18,0.0,975.67285,606.2996,777.42834,608.19324
0.21,0.18,0.0,1034.6317,605.31244,837.63403,608.0872
0.24,0.18,0.0,1092.7814,604.1164,897.5478,607.7993
0.27,0.18,0.0,1149.9825,602.8137,957.09515,607.4503
0.0,0.21,0.0,617.1424,670.1451,417.66385,667.56805
0.03,0.21,0.0,676.91376,669.38306,477.33817,667.6467
0.06,0.21,0.0,736.68384,668.5443,537.2194,667.53845
0.09,0.21,0.0,796.42554,667.6529,597.137,667.39343
0.12,0.21,0.0,856.1143,666.83984,657.06537,667.36426
0.15,0.21,0.0,915.4954,665.783,716.96454,667.1319
0.18,0.21,0.0,974.54706,664.6849,776.8396,666.96655
0.21,0.21,0.0,1033.1498,663.5266,836.64453,666.8117
0.24,0.21,0.0,1090.905,662.1631,896.18256,666.4584
0.27,0.21,0.0,1147.7191,660.6048,955.3373,665.96326
0.0,0.24,0.0,618.15454,728.20624,419.16916,725.5024
0.03,0.24,0.0,677.60297,727.47144,478.44843,725.65796
0.06,0.24,0.0,737.0241,726.47034,537.9731,725.5333
0.09,0.24,0.0,796.4093,725.606,597.496,725.4682
0.12,0.24,0.0,855.7614,724.83734,657.10803,725.5598
0.15,0.24,0.0,914.6941,723.5791,716.6618,725.26324
0.18,0.24,0.0,973.2949,722.3224,776.13824,724.9836
0.21,0.24,0.0,1031.4817,721.0393,835.58057,724.8145
0.24,0.24,0.0,1088.7561,719.3167,894.66235,724.29706
0.27,0.24,0.0,1145.1583,717.54675,953.40314,723.68195
0.0,0.27,0.0,619.18945,785.4916,420.7545,782.5624
0.03,0.27,0.0,678.293,784.67145,479.66153,782.77856
0.06,0.27,0.0,737.3241,783.55164,538.78503,782.603
0.09,0.27,0.0,796.31537,782.6571,597.9077,782.67206
0.12,0.27,0.0,855.2795,781.9707,657.1025,782.9601
0.15,0.27,0.0,913.69543,780.45184,716.27295,782.47095
0.18,0.27,0.0,971.85925,778.99927,775.36707,782.13654
0.21,0.27,0.0,1029.6342,777.6156,834.4054,781.99854
0.24,0.27,0.0,1086.2856,775.5031,892.99774,781.13794
0.27,0.27,0.0,1142.3689,773.5482,951.33466,780.45624
0.0,0.0,0.0,477.01282,360.06134,284.19675,355.86346
0.03,0.0,0.0,534.41797,357.9006,339.84305,354.14224
0.06,0.0,0.0,592.6114,355.7733,396.60806,352.53247
0.09,0.0,0.0,651.56555,353.62796,454.37003,350.9481
0.12,0.0,0.0,711.3115,351.47385,513.05237,349.43677
0.15,0.0,0.0,771.78796,349.34778,572.54175,347.947
0.18,0.0,0.0,832.98474,347.23868,632.8261,346.44186
0.21,0.0,0.0,894.7778,345.18362,693.8783,344.90454
0.24,0.0,0.0,956.9741,343.23236,755.63257,343.3851
0.27,0.0,0.0,1019.48126,341.3968,818.1819,341.85052
0.0,0.03,0.0,478.0801,418.87918,284.37195,414.63333
0.03,0.03,0.0,535.569,417.1624,340.12457,413.44122
0.06,0.03,0.0,593.7739,415.41345,397.00415,412.2987
0.09,0.03,0.0,652.79047,413.65427,454.82047,411.1631
0.12,0.03,0.0,712.5882,411.90747,513.6062,410.07672
0.15,0.03,0.0,773.10864,410.13907,573.14,409.00162
0.18,0.03,0.0,834.37445,408.36172,633.4288,407.88428
0.21,0.03,0.0,896.2309,406.6405,694.47845,406.75162
0.24,0.03,0.0,958.5732,404.9637,756.2972,405.61057
0.27,0.03,0.0,1021.16223,403.34106,818.8644,404.43915
0.0,0.06,0.0,479.17,477.82,284.73962,473.52094
0.03,0.06,0.0,536.6794,476.4755,340.50903,472.85278
0.06,0.06,0.0,594.9595,475.14853,397.45856,472.14752
0.09,0.06,0.0,653.98755,473.7629,455.32327,471.46005
0.12,0.06,0.0,713.8447,472.38348,514.14026,470.77844
0.15,0.06,0.0,774.41034,471.004,573.65076,470.1086
0.18,0.06,0.0,835.6974,469.62137,633.99493,469.34506
0.21,0.06,0.0,897.62494,468.19693,695.05115,468.61407
0.24,0.06,0.0,960.03406,466.83344,756.8675,467.85794
0.27,0.06,0.0,1022.6903,465.4669,819.4708,467.08182
0.0,0.09,0.0,480.29416,536.7922,285.16028,532.4774
0.03,0.09,0.0,537.89355,535.8322,341.0883,532.2762
0.06,0.09,0.0,596.13275,534.88086,397.90872,532.03174
0.09,0.09,0.0,655.1942,533.9225,455.83078,531.75964
0.12,0.09,0.0,715.07935,532.90576,514.6885,531.4771
0.15,0.09,0.0,775.6319,531.91235,574.25653,531.16296
0.18,0.09,0.0,836.96106,530.8868,634.5098,530.8457
0.21,0.09,0.0,898.9432,529.8848,695.61163,530.4899
0.24,0.09,0.0,961.3513,528.8279,757.4203,530.14404
0.27,0.09,0.0,1024.0111,527.68195,820.0564,529.8106
0.0,0.12,0.0,481.4852,595.80475,285.82593,591.3634
0.03,0.12,0.0,539.13654,595.20337,341.7694,591.64484
0.06,0.12,0.0,597.28674,594.66876,398.42108,591.93005
0.09,0.12,0.0,656.41254,594.0805,456.35486,592.05634
0.12,0.12,0.0,716.3189,593.45355,515.267,592.15765
0.15,0.12,0.0,776.9222,592.84106,574.81525,592.2163
0.18,0.12,0.0,838.19934,592.2007,635.0514,592.3048
0.21,0.12,0.0,900.1629,591.5487,696.153,592.4074
0.24,0.12,0.0,962.5035,590.708,758.0076,592.4218
0.27,0.12,0.0,1025.1208,589.8419,820.60315,592.4711
0.0,0.15,0.0,482.7456,654.7025,286.73166,650.1134
0.03,0.15,0.0,540.318,654.5446,342.48492,650.9065
0.06,0.15,0.0,598.49695,654.46014,399.08197,651.7068
0.09,0.15,0.0,657.6298,654.233,456.97104,652.3123
0.12,0.15,0.0,717.5178,653.9477,515.8122,652.7902
0.15,0.15,0.0,778.1354,653.70526,575.3448,653.2692
0.18,0.15,0.0,839.39124,653.44653,635.6029,653.7766
0.21,0.15,0.0,901.2319,653.085,696.62805,654.26404
0.24,0.15,0.0,963.4995,652.52014,758.5157,654.64844
0.27,0.15,0.0,1025.9916,651.8626,821.05347,655.045
0.0,0.18,0.0,484.07254,713.52875,287.8055,708.6265
0.03,0.18,0.0,541.5215,713.84705,343.3041,710.0123
0.06,0.18,0.0,599.77057,714.1033,399.94986,711.2533
0.09,0.18,0.0,658.8872,714.27026,457.71704,712.34344
0.12,0.18,0.0,718.7026,714.437,516.39526,713.32416
0.15,0.18,0.0,779.26544,714.51495,575.87103,714.24365
0.18,0.18,0.0,840.4615,714.5256,636.137,715.1392
0.21,0.18,0.0,902.1923,714.44385,697.13007,716.0342
0.24,0.18,0.0,964.31537,714.12036,758.9406,716.8085
0.27,0.18,0.0,1026.5984,713.6201,821.4039,717.4509
0.0,0.21,0.0,485.48984,772.1123,289.00677,766.80096
0.03,0.21,0.0,542.80414,772.90717,344.34622,768.7527
0.06,0.21,0.0,601.10864,773.49176,400.98596,770.44147
0.09,0.21,0.0,660.1502,774.0793,458.59412,772.00903
0.12,0.21,0.0,719.86676,774.6644,516.9972,773.56946
0.15,0.21,0.0,780.29596,775.0056,576.4559,774.91516
0.18,0.21,0.0,841.38965,775.2782,636.6682,776.20496
0.21,0.21,0.0,902.9728,775.4453,697.5867,777.4871
0.24,0.21,0.0,964.8888,775.3315,759.2842,778.6037
0.27,0.21,0.0,1026.9413,774.9339,821.6353,779.53015
0.0,0.24,0.0,486.92862,830.3145,290.4464,824.4878
0.03,0.24,0.0,544.1982,831.5506,345.61102,826.9948
0.06,0.24,0.0,602.43994,832.51514,402.15637,829.1792
0.09,0.24,0.0,661.33966,833.50244,459.519,831.30096
0.12,0.24,0.0,720.8854,834.49396,517.6828,833.4274
0.15,0.24,0.0,781.2746,835.0739,577.06934,835.1411
0.18,0.24,0.0,842.1763,835.6001,637.18146,836.8099
0.21,0.24,0.0,903.51556,836.01166,697.949,838.5162
0.24,0.24,0.0,965.16,835.97473,759.527,839.8727
0.27,0.24,0.0,1026.9077,835.68884,821.6618,841.1189
0.0,0.27,0.0,488.56696,887.9776,292.10992,881.5737
0.03,0.27,0.0,545.74066,889.56213,347.1675,884.58264
0.06,0.27,0.0,603.8642,890.86395,403.51785,887.21655
0.09,0.27,0.0,662.5533,892.2557,460.64377,889.8783
0.12,0.27,0.0,721.9035,893.72626,518.52124,892.6571
0.15,0.27,0.0,782.06934,894.4754,577.77094,894.71686
0.18,0.27,0.0,842.71204,895.1944,637.68494,896.7781
0.21,0.27,0.0,903.79175,895.87177,698.2211,898.9298
0.24,0.27,0.0,965.1204,895.8049,759.63513,900.4141
0.27,0.27,0.0,1026.571,895.68036,821.52075,901.9807
