0.0,0.0,0.0,479.3876,162.08301,290.9812,159.586
0.03,0.0,0.0,536.43054,158.60716,345.85602,156.2319
0.06,0.0,0.0,594.2387,155.23361,401.80148,153.03844
0.09,0.0,0.0,652.8031,151.92049,458.80005,149.98218
0.12,0.0,0.0,712.08344,148.76045,516.7864,147.06342
0.15,0.0,0.0,771.9732,145.70699,575.608,144.32246
0.18,0.0,0.0,832.433,142.82874,635.29834,141.65514
0.21,0.0,0.0,893.2311,140.10722,695.6791,139.11742
0.24,0.0,0.0,954.3579,137.66978,756.7065,136.65506
0.27,0.0,0.0,1015.60815,135.52821,818.38904,134.42728
0.0,0.03,0.0,480.16687,219.92468,290.34033,216.89224
0.03,0.03,0.0,537.3652,216.8479,345.39618,214.10315
0.06,0.03,0.0,595.35944,213.85818,401.56604,211.40552
0.09,0.03,0.0,654.035,210.9419,458.77725,208.88217
0.12,0.03,0.0,713.4433,208.11868,516.9427,206.45102
0.15,0.03,0.0,773.53143,205.31161,575.9053,204.0964
0.18,0.03,0.0,834.1167,202.6043,635.70044,201.8444
0.21,0.03,0.0,895.1993,200.08861,696.2144,199.62318
0.24,0.03,0.0,956.62415,197.76671,757.4457,197.47464
0.27,0.03,0.0,1018.1456,195.68303,819.316,195.46956
0.0,0.06,0.0,481.08133,278.21988,289.88724,274.69266
0.03,0.06,0.0,538.377,275.5762,345.1462,272.4332
0.06,0.06,0.0,596.45416,272.97238,401.4903,270.2781
0.09,0.06,0.0,655.2439,270.41476,458.84894,268.24347
0.12,0.06,0.0,714.7297,267.88513,517.1685,266.26962
0.15,0.06,0.0,774.91,265.3986,576.235,264.3731
0.18,0.06,0.0,835.7259,262.91586,636.1048,262.4718
0.21,0.06,0.0,896.9672,260.59473,696.7085,260.6276
0.24,0.06,0.0,958.6241,258.45044,758.064,258.81857
0.27,0.06,0.0,1020.40125,256.4705,820.0543,257.0437
0.0,0.09,0.0,482.00882,336.72046,289.61768,332.84717
0.03,0.09,0.0,539.49365,334.5421,345.1339,331.1315
0.06,0.09,0.0,597.56366,332.31055,401.54944,329.43423
0.09,0.09,0.0,656.42523,330.13174,459.038,327.89456
0.12,0.09,0.0,716.0229,327.95197,517.4871,326.3932
0.15,0.09,0.0,776.27966,325.78503,576.61176,324.91095
0.18,0.09,0.0,837.1471,323.565,636.47186,323.3943
0.21,0.09,0.0,898.6143,321.47913,697.15173,321.8925
0.24,0.09,0.0,960.3838,319.56296,758.60297,320.47064
0.27,0.09,0.0,1022.376,317.70215,820.67694,318.96887
0.0,0.12,0.0,483.0899,395.43726,289.5959,391.27304
0.03,0.12,0.0,540.6703,393.6676,345.2964,390.07205
0.06,0.12,0.0,598.6998,391.80612,401.68192,388.86298
0.09,0.12,0.0,657.59686,389.9749,459.30643,387.7033
0.12,0.12,0.0,717.29724,388.16687,517.865,386.65356
0.15,0.12,0.0,777.54913,386.3234,577.01227,385.5845
0.18,0.12,0.0,838.5219,384.46054,636.9273,384.4596
0.21,0.12,0.0,900.0703,382.61588,697.5743,383.32513
0.24,0.12,0.0,961.9827,380.9485,759.0661,382.23663
0.27,0.12,0.0,1024.143,379.27386,821.20667,381.09222
0.0,0.15,0.0,484.22925,454.2485,289.82797,449.83957
0.03,0.15,0.0,541.7835,452.83148,345.48724,449.1434
0.06,0.15,0.0,599.86676,451.3748,401.96814,448.36624
0.09,0.15,0.0,658.7944,449.90598,459.65182,447.66376
0.12,0.15,0.0,718.46484,448.4263,518.2575,446.9791
0.15,0.15,0.0,778.7904,446.9397,577.4584,446.2811
0.18,0.15,0.0,839.8026,445.44278,637.3359,445.55576
0.21,0.15,0.0,901.39703,443.93213,697.97064,444.80975
0.24,0.15,0.0,963.42175,442.52106,759.50977,444.09277
0.27,0.15,0.0,1025.654,441.08176,821.68634,443.32465
0.0,0.18,0.0,485.37354,513.11707,290.176,508.49567
0.03,0.18,0.0,542.8444,512.02454,345.7105,508.21683
0.06,0.18,0.0,601.0503,510.9559,402.3899,507.9311
0.09,0.18,0.0,660.02026,509.83643,460.11008,507.61594
0.12,0.18,0.0,719.6202,508.71823,518.607,507.30722
0.15,0.18,0.0,779.97784,507.60962,577.8282,506.9837
0.18,0.18,0.0,841.027,506.48035,637.7433,506.6372
0.21,0.18,0.0,902.6659,505.31467,698.4235,506.3234
0.24,0.18,0.0,964.7018,504.11127,759.86194,505.93658
0.27,0.18,0.0,1026.9371,502.99417,822.11237,505.56464
0.0,0.21,0.0,486.48666,571.98285,290.63318,567.11414
0.03,0.21,0.0,543.95044,571.2886,346.09958,567.322
0.06,0.21,0.0,602.26,570.50665,402.89758,567.4765
0.09,0.21,0.0,661.22003,569.7534,460.568,567.5737
0.12,0.21,0.0,720.782,569.0336,518.9183,567.67053
0.15,0.21,0.0,781.16986,568.3013,578.2098,567.68933
0.18,0.21,0.0,842.2136,567.50165,638.1562,567.7222
0.21,0.21,0.0,903.85657,566.67584,698.8166,567.8086
0.24,0.21,0.0,965.8486,565.84094,760.26324,567.83167
0.27,0.21,0.0,1028.0715,564.873,822.5079,567.86646
0.0,0.24,0.0,487.57748,630.873,291.17102,625.668
0.03,0.24,0.0,545.0779,630.52997,346.64392,626.3841
0.06,0.24,0.0,603.46,630.1052,403.4825,626.922
0.09,0.24,0.0,662.3917,629.7258,461.0284,627.4667
0.12,0.24,0.0,721.9334,629.42,519.2551,628.0243
0.15,0.24,0.0,782.344,628.98553,578.57336,628.4095
0.18,0.24,0.0,843.3456,628.5435,638.55914,628.8392
0.21,0.24,0.0,904.8991,628.0932,699.17474,629.3378
0.24,0.24,0.0,966.81305,627.4378,760.68365,629.70953
0.27,0.24,0.0,1028.9547,626.68805,822.8455,630.0899
0.0,0.27,0.0,488.71204,689.65326,291.89243,684.0511
0.03,0.27,0.0,546.2359,689.70044,347.40115,685.2475
0.06,0.27,0.0,604.6653,689.6078,404.14697,686.2177
0.09,0.27,0.0,663.56177,689.6491,461.59274,687.2111
0.12,0.27,0.0,723.0416,689.7758,519.64874,688.3057
0.15,0.27,0.0,783.4344,689.59033,578.9906,689.034
0.18,0.27,0.0,844.3773,689.43695,638.9395,689.85583
0.21,0.27,0.0,905.8257,689.3372,699.50635,690.77844
0.24,0.27,0.0,967.6142,688.8044,761.00586,691.441
0.27,0.27,0.0,1029.5962,688.294,823.0796,692.205
0.0,0.0,0.0,472.65823,347.34195,269.15732,343.18613
0.03,0.0,0.0,535.2307,347.8551,331.75604,344.2285
0.06,0.0,0.0,597.0296,348.4142,394.14325,345.39334
0.09,0.0,0.0,658.1084,348.998,456.1212,346.6626
0.12,0.0,0.0,718.4178,349.5544,517.56635,347.9925
0.15,0.0,0.0,777.9766,350.17535,578.3324,349.36047
0.18,0.0,0.0,836.7013,350.78958,638.2348,350.73206
0.21,0.0,0.0,894.57697,351.4874,697.4806,352.07776
0.24,0.0,0.0,951.43756,352.25027,755.97437,353.4001
0.27,0.0,0.0,1007.2093,353.12234,813.7233,354.7593
0.0,0.03,0.0,472.94708,409.76556,268.33072,405.278
0.03,0.03,0.0,535.5613,409.89697,331.06403,406.09787
0.06,0.03,0.0,597.41705,410.105,393.5877,407.00537
0.09,0.03,0.0,658.47565,410.3012,455.6256,407.9713
0.12,0.03,0.0,718.8123,410.48148,517.07855,408.94635
0.15,0.03,0.0,778.3739,410.69238,577.8123,409.95767
0.18,0.03,0.0,837.17126,410.87616,637.8188,410.95328
0.21,0.03,0.0,895.07526,411.18027,697.069,411.91867
0.24,0.03,0.0,952.0578,411.48132,755.57513,412.90607
0.27,0.03,0.0,1007.91016,411.84088,813.3623,413.84454
0.0,0.06,0.0,473.25342,472.25168,267.68195,467.4893
0.03,0.06,0.0,535.9055,472.037,330.4758,468.09573
0.06,0.06,0.0,597.7915,471.8392,393.04916,468.69412
0.09,0.06,0.0,658.8432,471.65134,455.1423,469.33014
0.12,0.06,0.0,719.1931,471.46927,516.63934,469.96906
0.15,0.06,0.0,778.7604,471.26315,577.40247,470.5798
0.18,0.06,0.0,837.5854,471.08615,637.39526,471.1976
0.21,0.06,0.0,895.5801,470.93304,696.64734,471.7859
0.24,0.06,0.0,952.5881,470.81827,755.1592,472.39435
0.27,0.06,0.0,1008.4321,470.67178,812.979,472.96216
0.0,0.09,0.0,473.59042,534.81696,267.24384,529.75226
0.03,0.09,0.0,536.2166,534.1797,330.02417,530.14233
0.06,0.09,0.0,598.1382,533.58203,392.57095,530.4834
0.09,0.09,0.0,659.22986,533.01447,454.69464,530.6958
0.12,0.09,0.0,719.5238,532.4336,516.1808,530.95746
0.15,0.09,0.0,779.08405,531.85645,576.9368,531.2031
0.18,0.09,0.0,837.97266,531.309,636.9829,531.43976
0.21,0.09,0.0,895.99664,530.7643,696.2576,531.6516
0.24,0.09,0.0,952.88684,530.1775,754.68427,531.88837
0.27,0.09,0.0,1008.8279,529.586,812.55255,532.0937
0.0,0.12,0.0,473.967,597.3278,266.9724,591.9695
0.03,0.12,0.0,536.5633,596.3615,329.76956,592.10864
0.06,0.12,0.0,598.4953,595.3848,392.2089,592.1412
0.09,0.12,0.0,659.5851,594.39355,454.2817,592.08075
0.12,0.12,0.0,719.8256,593.383,515.72,591.93024
0.15,0.12,0.0,779.3871,592.46295,576.4504,591.7891
0.18,0.12,0.0,838.31274,591.53046,636.5176,591.6648
0.21,0.12,0.0,896.3496,590.594,695.832,591.5543
0.24,0.12,0.0,953.0923,589.50977,754.25104,591.3407
0.27,0.12,0.0,1009.0388,588.4494,812.10583,591.2021
0.0,0.15,0.0,474.3549,659.7599,266.9792,653.9827
0.03,0.15,0.0,536.9215,658.4282,329.5867,653.91376
0.06,0.15,0.0,598.8387,657.1494,391.92987,653.7654
0.09,0.15,0.0,659.92804,655.7718,453.92783,653.3521
0.12,0.15,0.0,720.15955,654.4036,515.30646,652.8747
0.15,0.15,0.0,779.71545,653.03503,576.0085,652.37976
0.18,0.15,0.0,838.5432,651.68646,636.0744,651.86487
0.21,0.15,0.0,896.53796,650.3315,695.3834,651.4218
0.24,0.15,0.0,953.2078,648.76074,753.78534,650.80597
0.27,0.15,0.0,1008.9884,647.2068,811.5789,650.25635
0.0,0.18,0.0,474.84787,722.0454,267.23672,715.6943
0.03,0.18,0.0,537.3282,720.4789,329.59958,715.50446
0.06,0.18,0.0,599.1505,718.8163,391.79587,715.09894
0.09,0.18,0.0,660.1971,717.0546,453.64133,714.4209
0.12,0.18,0.0,720.44574,715.30597,514.96344,713.6861
0.15,0.18,0.0,779.93713,713.52167,575.5705,712.83997
0.18,0.18,0.0,838.64746,711.7448,635.5761,712.0066
0.21,0.18,0.0,896.52155,709.8854,694.86456,711.1408
0.24,0.18,0.0,953.2078,707.84283,753.3109,710.18085
0.27,0.18,0.0,1008.70905,705.70074,810.93964,709.169
0.0,0.21,0.0,475.48154,784.04346,267.71542,777.0553
0.03,0.21,0.0,537.83484,782.21826,329.8336,776.7255
0.06,0.21,0.0,599.4942,780.17316,391.86765,776.03784
0.09,0.21,0.0,660.43994,778.0376,453.4878,775.1549
0.12,0.21,0.0,720.7145,775.97626,514.67285,774.2592
0.15,0.21,0.0,780.0912,773.718,575.21326,773.0662
0.18,0.21,0.0,838.638,771.43,635.1151,771.8445
0.21,0.21,0.0,896.38574,769.12195,694.32764,770.6511
0.24,0.21,0.0,952.9496,766.6006,752.71844,769.2915
0.27,0.21,0.0,1008.2943,763.9455,810.25305,767.81494
0.0,0.24,0.0,476.24127,845.5918,268.47952,837.8028
0.03,0.24,0.0,538.39026,843.47437,330.33817,837.37146
0.06,0.24,0.0,599.87274,841.0413,392.09177,836.42993
0.09,0.24,0.0,660.7146,838.62683,453.5137,835.4401
0.12,0.24,0.0,720.9429,836.2876,514.5186,834.3648
0.15,0.24,0.0,780.12805,833.5124,574.8808,832.83984
0.18,0.24,0.0,838.48,830.72974,634.6226,831.2804
0.21,0.24,0.0,896.1103,827.9865,693.78754,829.7899
0.24,0.24,0.0,952.409,824.88007,752.00073,827.93195
0.27,0.24,0.0,1007.62164,821.6508,809.42615,826.0213
0.0,0.27,0.0,477.1511,906.4903,269.54855,897.8065
0.03,0.27,0.0,539.0724,904.0586,331.11044,897.20917
0.06,0.27,0.0,600.30304,901.25653,392.5524,896.10034
0.09,0.27,0.0,660.9741,898.5467,453.69772,894.9456
0.12,0.27,0.0,721.0871,895.97205,514.4834,893.8553
0.15,0.27,0.0,780.02673,892.665,574.61646,891.9933
0.18,0.27,0.0,838.19025,889.4257,634.1973,890.09283
0.21,0.27,0.0,895.68085,886.2484,693.2229,888.32544
0.24,0.27,0.0,951.5758,882.44916,751.12085,885.9088
0.27,0.27,0.0,1006.6713,878.8164,808.467,883.67065
0.0,0.0,0.0,477.50238,358.98837,283.101,354.90405
0.03,0.0,0.0,536.9189,358.2545,341.61368,354.69293
0.06,0.0,0.0,596.3476,357.5261,400.4976,354.58878
0.09,0.0,0.0,655.7465,356.82367,459.71176,354.545
0.12,0.0,0.0,715.0864,356.14383,519.07935,354.60056
0.15,0.0,0.0,774.41364,355.4848,578.4719,354.70435
0.18,0.0,0.0,833.5826,354.8569,637.8529,354.80426
0.21,0.0,0.0,892.5744,354.288,697.20416,354.85477
0.24,0.0,0.0,951.25476,353.80005,756.51324,354.9397
0.27,0.0,0.0,1009.4271,353.43866,815.74475,355.0372
0.0,0.03,0.0,477.25485,417.39594,280.90564,413.04333
0.03,0.03,0.0,537.035,416.63953,339.78644,412.94147
0.06,0.03,0.0,596.7814,415.91992,399.1074,412.92572
0.09,0.03,0.0,656.48724,415.24823,458.6728,412.9593
0.12,0.03,0.0,716.17224,414.5537,518.41785,413.04095
0.15,0.03,0.0,775.80164,413.83517,578.1338,413.13687
0.18,0.03,0.0,835.3625,413.1365,637.8357,413.2175
0.21,0.03,0.0,894.73,412.48688,697.47107,413.28467
0.24,0.03,0.0,953.7704,411.90167,757.0988,413.36752
0.27,0.03,0.0,1012.2953,411.3616,816.7071,413.3705
0.0,0.06,0.0,477.0066,476.47476,278.85272,471.84027
0.03,0.06,0.0,537.1157,475.74194,338.0721,471.9165
0.06,0.06,0.0,597.202,475.01755,397.7365,471.9607
0.09,0.06,0.0,657.2334,474.28052,457.65125,472.02225
0.12,0.06,0.0,717.23444,473.5775,517.72546,472.0999
0.15,0.06,0.0,777.1816,472.8403,577.75885,472.18396
0.18,0.06,0.0,837.07526,472.101,637.7826,472.23944
0.21,0.06,0.0,896.82,471.38266,697.7388,472.3048
0.24,0.06,0.0,956.189,470.68756,757.68463,472.34195
0.27,0.06,0.0,1015.0617,470.0066,817.5925,472.35175
0.0,0.09,0.0,476.72723,536.19586,276.9075,531.29724
0.03,0.09,0.0,537.22205,535.4732,336.48334,531.51764
0.06,0.09,0.0,597.6091,534.67474,396.38794,531.5901
0.09,0.09,0.0,657.98334,533.92993,456.6315,531.6912
0.12,0.09,0.0,718.29816,533.2539,517.02814,531.79846
0.15,0.09,0.0,778.55914,532.49603,577.3995,531.8655
0.18,0.09,0.0,838.808,531.6886,637.72485,531.8687
0.21,0.09,0.0,898.8753,530.91583,698.02747,531.8976
0.24,0.09,0.0,958.47345,530.1427,758.2542,531.9711
0.27,0.09,0.0,1017.67957,529.2951,818.4852,531.93945
0.0,0.12,0.0,476.53476,596.56244,275.15274,591.35156
0.03,0.12,0.0,537.3349,595.86505,335.0032,591.68317
0.06,0.12,0.0,597.9995,595.0393,395.0959,591.8505
0.09,0.12,0.0,658.71124,594.2791,455.62906,592.0144
0.12,0.12,0.0,719.35657,593.5424,516.345,592.1164
0.15,0.12,0.0,779.94214,592.77655,576.99915,592.1812
0.18,0.12,0.0,840.5004,591.9657,637.66034,592.18
0.21,0.12,0.0,900.8553,591.09894,698.29663,592.1708
0.24,0.12,0.0,960.6932,590.197,758.81396,592.2374
0.27,0.12,0.0,1020.1471,589.20557,819.36743,592.1797
0.0,0.15,0.0,476.37982,657.5098,273.63095,651.85266
0.03,0.15,0.0,537.4323,656.83057,333.57373,652.3388
0.06,0.15,0.0,598.41583,656.0521,393.93176,652.6784
0.09,0.15,0.0,659.4457,655.2872,454.70724,652.87994
0.12,0.15,0.0,720.4447,654.49347,515.68896,653.034
0.15,0.15,0.0,781.3125,653.68317,576.6149,653.0823
0.18,0.15,0.0,842.1193,652.806,637.5851,653.1023
0.21,0.15,0.0,902.74176,651.81714,698.5458,653.0777
0.24,0.15,0.0,962.7738,650.7574,759.3817,653.0745
0.27,0.15,0.0,1022.3712,649.566,820.16656,652.98175
0.0,0.18,0.0,476.28033,718.9903,272.3239,712.71643
0.03,0.18,0.0,537.5417,718.3704,332.3367,713.4287
0.06,0.18,0.0,598.84656,717.63855,392.8964,713.91754
0.09,0.18,0.0,660.19226,716.87775,453.84686,714.2516
0.12,0.18,0.0,721.4557,716.0473,514.9905,714.4398
0.15,0.18,0.0,782.5931,715.1237,576.2616,714.56134
0.18,0.18,0.0,843.5951,714.13934,637.51263,714.63116
0.21,0.18,0.0,904.4307,713.02814,698.71674,714.55206
0.24,0.18,0.0,964.69073,711.7632,759.8745,714.46954
0.27,0.18,0.0,1024.356,710.30945,820.8608,714.27844
0.0,0.21,0.0,476.3192,780.79944,271.23508,773.8391
0.03,0.21,0.0,537.7812,780.2912,331.30615,774.7438
0.06,0.21,0.0,599.3445,779.62146,392.05972,775.4117
0.09,0.21,0.0,660.8953,778.7935,453.1639,775.89215
0.12,0.21,0.0,722.4069,777.937,514.412,776.2539
0.15,0.21,0.0,783.8056,776.94824,575.93866,776.35095
0.18,0.21,0.0,845.0218,775.8074,637.4437,776.42865
0.21,0.21,0.0,905.9527,774.5388,698.9167,776.38684
0.24,0.21,0.0,966.3637,773.0266,760.29565,776.2142
0.27,0.21,0.0,1026.1528,771.3477,821.4831,775.91266
0.0,0.24,0.0,476.4619,842.8122,270.4031,834.9859
0.03,0.24,0.0,538.07526,842.41125,330.57816,836.1999
0.06,0.24,0.0,599.86707,841.7159,391.4375,837.035
0.09,0.24,0.0,661.62946,840.9329,452.6017,837.68335
0.12,0.24,0.0,723.35596,840.05566,513.98944,838.21783
0.15,0.24,0.0,784.88666,838.9166,575.65405,838.3909
0.18,0.24,0.0,846.22974,837.62463,637.33466,838.4532
0.21,0.24,0.0,907.34,836.22534,699.03265,838.40576
0.24,0.24,0.0,967.7717,834.4789,760.5682,838.12683
0.27,0.24,0.0,1027.5879,832.4476,821.9315,837.6738
0.0,0.27,0.0,476.76547,904.82837,269.90103,896.02765
0.03,0.27,0.0,538.5532,904.4711,330.11484,897.5038
0.06,0.27,0.0,600.4432,903.80756,391.05518,898.5093
0.09,0.27,0.0,662.30347,903.062,452.23718,899.4092
0.12,0.27,0.0,724.1904,902.24896,513.67694,900.16754
0.15,0.27,0.0,785.845,900.91364,575.4355,900.3574
0.18,0.27,0.0,847.2735,899.3999,637.2715,900.44714
0.21,0.27,0.0,908.4617,897.82025,699.08826,900.4355
0.24,0.27,0.0,968.80743,895.7196,760.7141,899.92896
0.27,0.27,0.0,1028.7382,893.4753,822.17285,899.3691
0.0,0.0,0.0,468.55658,351.68555,265.54276,347.59732
0.03,0.0,0.0,530.77563,350.78464,326.64993,347.2137
0.06,0.0,0.0,593.109,349.93723,388.29172,346.95615
0.09,0.0,0.0,655.36176,349.14072,450.34186,346.81058
0.12,0.0,0.0,717.6852,348.34808,512.6719,346.74768
0.15,0.0,0.0,779.9706,347.5252,575.04034,346.80804
0.18,0.0,0.0,842.0891,346.82147,637.4082,346.81665
0.21,0.0,0.0,904.0504,346.21167,699.77167,346.80945
0.24,0.0,0.0,965.60925,345.70923,762.1717,346.85617
0.27,0.0,0.0,1026.623,345.3715,824.40576,346.97028
0.0,0.03,0.0,470.25424,413.83243,267.13916,409.4493
0.03,0.03,0.0,532.23224,412.9809,328.0526,409.24222
0.06,0.03,0.0,594.24786,412.17065,389.52954,409.12512
0.09,0.03,0.0,656.2255,411.36328,451.34595,409.07883
0.12,0.03,0.0,718.2482,410.5487,513.3499,409.08002
0.15,0.03,0.0,780.20685,409.7537,575.41724,409.10846
0.18,0.03,0.0,842.1205,408.9747,637.47766,409.13202
0.21,0.03,0.0,903.85693,408.2791,699.5306,409.14767
0.24,0.03,0.0,965.1847,407.65253,761.56287,409.20703
0.27,0.03,0.0,1025.9999,407.13678,823.57104,409.24106
0.0,0.06,0.0,471.9988,475.45276,268.89905,470.80573
0.03,0.06,0.0,533.6731,474.60822,329.58603,470.75632
0.06,0.06,0.0,595.3871,473.80005,390.79904,470.73306
0.09,0.06,0.0,657.0605,472.99548,452.32852,470.7482
0.12,0.06,0.0,718.7675,472.1836,514.04877,470.7613
0.15,0.06,0.0,780.41614,471.3537,575.79584,470.77567
0.18,0.06,0.0,842.07477,470.57916,637.5512,470.80942
0.21,0.06,0.0,903.53674,469.842,699.2434,470.83804
0.24,0.06,0.0,964.62695,469.09363,760.9817,470.88013
0.27,0.06,0.0,1025.2094,468.4211,822.65753,470.90295
0.0,0.09,0.0,473.67215,536.4778,270.80173,531.553
0.03,0.09,0.0,535.11444,535.58344,331.26212,531.6149
0.06,0.09,0.0,596.5052,534.83435,392.11493,531.7635
0.09,0.09,0.0,657.89764,534.01154,453.31662,531.7963
0.12,0.09,0.0,719.26465,533.1646,514.7589,531.7884
0.15,0.09,0.0,780.62115,532.3809,576.17175,531.77783
0.18,0.09,0.0,841.9715,531.6118,637.5777,531.8541
0.21,0.09,0.0,903.18787,530.8634,698.9956,531.8927
0.24,0.09,0.0,963.88715,529.9643,760.3587,531.881
0.27,0.09,0.0,1024.2288,529.17883,821.74994,531.9476
0.0,0.12,0.0,475.43033,596.8724,272.93948,591.65344
0.03,0.12,0.0,536.5546,595.97174,333.0722,591.8153
0.06,0.12,0.0,597.58606,595.30035,393.4767,592.1286
0.09,0.12,0.0,658.6889,594.4495,454.373,592.2076
0.12,0.12,0.0,719.7729,593.55206,515.4512,592.12396
0.15,0.12,0.0,780.78973,592.7405,576.5199,592.16095
0.18,0.12,0.0,841.83594,592.01794,637.6093,592.2575
0.21,0.12,0.0,902.71985,591.22906,698.71936,592.34796
0.24,0.12,0.0,963.04144,590.1724,759.756,592.25433
0.27,0.12,0.0,1023.01886,589.2835,820.80176,592.33264
0.0,0.15,0.0,477.24243,656.5388,275.26498,650.88885
0.03,0.15,0.0,537.9374,655.7659,334.9049,651.29865
0.06,0.15,0.0,598.6742,655.1354,394.94516,651.74005
0.09,0.15,0.0,659.48364,654.2853,455.4364,651.85126
0.12,0.15,0.0,720.22736,653.3617,516.164,651.8655
0.15,0.15,0.0,780.9316,652.52747,576.90485,651.89374
0.18,0.15,0.0,841.60834,651.746,637.6712,651.9954
0.21,0.15,0.0,902.12476,650.9136,698.4309,652.1301
0.24,0.15,0.0,962.05426,649.73926,759.1451,651.9883
0.27,0.15,0.0,1021.6328,648.6197,819.8072,651.99335
0.0,0.18,0.0,479.06516,715.52625,277.7558,709.33716
0.03,0.18,0.0,539.3796,714.9041,336.8626,710.0087
0.06,0.18,0.0,599.7469,714.20496,396.53323,710.4655
0.09,0.18,0.0,660.244,713.32684,456.63223,710.71545
0.12,0.18,0.0,720.65063,712.49347,516.9073,710.8548
0.15,0.18,0.0,781.0164,711.6296,577.2798,710.9051
0.18,0.18,0.0,841.3044,710.7116,637.6752,711.02
0.21,0.18,0.0,901.3605,709.77985,698.0953,711.135
0.24,0.18,0.0,960.9707,708.534,758.4867,711.0571
0.27,0.18,0.0,1019.99225,707.1597,818.72125,710.8758
0.0,0.21,0.0,480.9315,773.6808,280.37442,766.85266
0.03,0.21,0.0,540.83606,773.21454,338.97937,767.7739
0.06,0.21,0.0,600.8874,772.4372,398.28406,768.2766
0.09,0.21,0.0,660.9716,771.5714,457.863,768.6439
0.12,0.21,0.0,721.0341,770.878,517.70184,769.0508
0.15,0.21,0.0,781.0024,769.87396,577.6708,769.09784
0.18,0.21,0.0,840.8442,768.82385,637.71,769.19604
0.21,0.21,0.0,900.455,767.78033,697.7392,769.3098
0.24,0.21,0.0,959.6197,766.42126,757.75006,769.18384
0.27,0.21,0.0,1018.2021,764.8142,817.5739,768.9366
0.0,0.24,0.0,482.9187,830.92676,283.19626,823.3988
0.03,0.24,0.0,542.36523,830.51587,341.31976,824.4817
0.06,0.24,0.0,602.0194,829.6665,400.1532,825.02905
0.09,0.24,0.0,661.70056,828.9461,459.27197,825.6387
0.12,0.24,0.0,721.37067,828.32324,518.54614,826.2894
0.15,0.24,0.0,780.90704,827.1359,578.105,826.3222
0.18,0.24,0.0,840.2793,825.99255,637.7368,826.39307
0.21,0.24,0.0,899.4589,824.89557,697.3387,826.5836
0.24,0.24,0.0,958.0811,823.20874,756.90405,826.29846
0.27,0.24,0.0,1016.19025,821.4487,816.3005,825.9499
0.0,0.27,0.0,484.95276,887.09247,286.2031,878.77527
0.03,0.27,0.0,543.98364,886.6937,343.8869,879.9575
0.06,0.27,0.0,603.20044,885.7937,402.22684,880.6106
0.09,0.27,0.0,662.3881,885.1238,460.7539,881.4003
0.12,0.27,0.0,721.58215,884.67914,519.5084,882.4027
0.15,0.27,0.0,780.6628,883.28723,578.61273,882.3897
0.18,0.27,0.0,839.5483,881.9897,637.761,882.4399
0.21,0.27,0.0,898.26227,880.86523,696.92926,882.75574
0.24,0.27,0.0,956.2873,878.80914,755.9558,882.2054
0.27,0.27,0.0,1013.9471,876.99194,814.88477,881.9042
0.0,0.0,0.0,342.6742,262.53003,155.64822,258.6265
0.03,0.0,0.0,398.68207,259.5025,208.54646,255.78876
0.06,0.0,0.0,455.67255,256.57272,262.8347,253.08981
0.09,0.0,0.0,513.5589,253.67766,318.4465,250.49702
0.12,0.0,0.0,572.35394,250.85619,375.28708,248.05853
0.15,0.0,0.0,631.9087,248.07506,433.23883,245.72415
0.18,0.0,0.0,692.2091,245.35863,492.17484,243.50763
0.21,0.0,0.0,753.18195,242.62962,551.95636,241.35258
0.24,0.0,0.0,814.8012,239.99309,612.59814,239.29117
0.27,0.0,0.0,876.99994,237.49347,674.0638,237.20758
0.0,0.03,0.0,343.293,320.9167,154.94368,316.31104
0.03,0.03,0.0,399.45126,318.36218,208.00156,314.0505
0.06,0.03,0.0,456.6217,315.85242,262.47165,311.92642
0.09,0.03,0.0,514.66315,313.43826,318.2713,309.9302
0.12,0.03,0.0,573.5219,311.08762,375.25952,308.03162
0.15,0.03,0.0,633.13983,308.68295,433.34653,306.19492
0.18,0.03,0.0,693.48083,306.30692,492.40375,304.46152
0.21,0.03,0.0,754.56055,303.91312,552.30695,302.76117
0.24,0.03,0.0,816.2967,301.59186,613.01404,301.113
0.27,0.03,0.0,878.6662,299.29596,674.53534,299.4634
0.0,0.06,0.0,344.0832,379.56738,154.52374,374.26254
0.03,0.06,0.0,400.38577,377.4797,207.70244,372.6587
0.06,0.06,0.0,457.6406,375.4399,262.31815,371.09842
0.09,0.06,0.0,515.76404,373.43143,318.22678,369.6386
0.12,0.06,0.0,574.67834,371.47574,375.4165,368.2707
0.15,0.06,0.0,634.3442,369.4815,433.58762,366.9152
0.18,0.06,0.0,694.72815,367.4494,492.68866,365.62994
0.21,0.06,0.0,755.8618,365.4339,552.67804,364.36682
0.24,0.06,0.0,817.66565,363.4086,613.42596,363.112
0.27,0.06,0.0,880.1437,361.45053,674.9332,361.87024
0.0,0.09,0.0,344.95187,438.3662,154.35472,432.45175
0.03,0.09,0.0,401.43475,436.7153,207.75461,431.45483
0.06,0.09,0.0,458.67838,435.11243,262.3174,430.46057
0.09,0.09,0.0,516.8941,433.49496,318.3499,429.5235
0.12,0.09,0.0,575.8878,431.9006,375.651,428.6148
0.15,0.09,0.0,635.5777,430.313,433.9336,427.75894
0.18,0.09,0.0,695.93115,428.64655,493.03253,426.8985
0.21,0.09,0.0,757.107,427.0116,553.0348,426.053
0.24,0.09,0.0,819.00806,425.3671,613.86,425.2224
0.27,0.09,0.0,881.5218,423.72226,675.33014,424.33456
0.0,0.12,0.0,346.0153,497.2497,154.53549,490.7925
0.03,0.12,0.0,402.575,496.0949,208.03893,490.33646
0.06,0.12,0.0,459.7381,494.8615,262.49847,489.94736
0.09,0.12,0.0,518.0259,493.62473,318.59067,489.52795
0.12,0.12,0.0,577.1229,492.40286,376.05957,489.07022
0.15,0.12,0.0,636.8066,491.1846,434.34036,488.63055
0.18,0.12,0.0,697.167,489.9308,493.4333,488.1859
0.21,0.12,0.0,758.3007,488.6644,553.41846,487.72855
0.24,0.12,0.0,820.2774,487.3777,614.3202,487.28427
0.27,0.12,0.0,882.82135,486.1234,675.74146,486.78598
0.0,0.15,0.0,347.22644,556.1651,155.07474,549.06506
0.03,0.15,0.0,403.7057,555.402,208.47133,549.2998
0.06,0.15,0.0,460.8852,554.6356,262.9156,549.47015
0.09,0.15,0.0,519.1864,553.7909,319.06058,549.5287
0.12,0.15,0.0,578.2846,552.9122,376.47632,549.5487
0.15,0.15,0.0,637.986,552.03894,434.73624,549.54474
0.18,0.15,0.0,698.3853,551.1919,493.86456,549.5169
0.21,0.15,0.0,759.5027,550.3573,553.79,549.45197
0.24,0.15,0.0,821.47107,549.45245,614.6863,549.3695
0.27,0.15,0.0,884.05963,548.5319,676.16754,549.3298
0.0,0.18,0.0,348.5067,615.0328,155.8889,607.34796
0.03,0.18,0.0,404.80685,614.7575,209.04372,608.1428
0.06,0.18,0.0,462.14722,614.4119,263.66763,608.8426
0.09,0.18,0.0,520.4137,613.9445,319.7343,609.4391
0.12,0.18,0.0,579.42926,613.4703,376.9429,609.9526
0.15,0.18,0.0,639.1428,612.9907,435.1901,610.40063
0.18,0.18,0.0,699.5731,612.4966,494.28693,610.8042
0.21,0.18,0.0,760.70844,612.06287,554.2231,611.19476
0.24,0.18,0.0,822.6655,611.535,615.03906,611.5079
0.27,0.18,0.0,885.2129,610.9267,676.6064,611.8049
0.0,0.21,0.0,349.8932,673.7643,156.8954,665.3619
0.03,0.21,0.0,406.07382,674.0097,209.9135,666.8167
0.06,0.21,0.0,463.45132,674.0497,264.6004,668.0322
0.09,0.21,0.0,521.6917,674.00946,320.53952,669.17035
0.12,0.21,0.0,580.5329,674.0256,377.46835,670.2492
0.15,0.21,0.0,640.3099,673.8876,435.67606,671.1394
0.18,0.21,0.0,700.74414,673.7625,494.7782,671.9962
0.21,0.21,0.0,761.90735,673.71295,554.6139,672.8496
0.24,0.21,0.0,823.793,673.5337,615.4417,673.5607
0.27,0.21,0.0,886.24884,673.232,676.98926,674.29614
0.0,0.24,0.0,351.38297,732.3467,158.17313,723.1374
0.03,0.24,0.0,407.49823,733.0538,211.13672,725.1684
0.06,0.24,0.0,464.89633,733.50946,265.79962,726.92444
0.09,0.24,0.0,522.9237,733.9787,321.51096,728.6513
0.12,0.24,0.0,581.67065,734.4702,378.131,730.3676
0.15,0.24,0.0,641.4587,734.68115,436.3128,731.698
0.18,0.24,0.0,701.89966,734.94446,495.3302,733.0192
0.21,0.24,0.0,762.9859,735.26935,555.07355,734.3586
0.24,0.24,0.0,824.7816,735.31323,615.8556,735.4821
0.27,0.24,0.0,887.11145,735.28424,677.3594,736.598
0.0,0.27,0.0,353.01364,790.5597,159.74606,780.5044
0.03,0.27,0.0,409.1266,791.7227,212.66316,783.0714
0.06,0.27,0.0,466.41217,792.6124,267.23325,785.4147
0.09,0.27,0.0,524.3117,793.55176,322.669,787.70294
0.12,0.27,0.0,582.8618,794.63354,378.98965,790.08356
0.15,0.27,0.0,642.616,795.14307,437.1102,791.8728
0.18,0.27,0.0,703.0006,795.7715,495.9777,793.6844
0.21,0.27,0.0,763.9462,796.5102,555.52466,795.5851
0.24,0.27,0.0,825.6386,796.6633,616.31946,797.0037
0.27,0.27,0.0,887.808,796.97003,677.6807,798.59753
0.0,0.0,0.0,328.94955,246.19638,133.3994,242.38156
0.03,0.0,0.0,391.2156,246.80756,194.24408,243.07779
0.06,0.0,0.0,453.17023,247.56606,255.37027,244.07803
0.09,0.0,0.0,514.65686,248.49382,316.57858,245.29881
0.12,0.0,0.0,575.5323,249.54031,377.70148,246.7393
0.15,0.0,0.0,635.72815,250.65587,438.51505,248.35764
0.18,0.0,0.0,695.2346,251.81223,498.87445,250.11534
0.21,0.0,0.0,753.9899,253.01955,558.65173,251.9517
0.24,0.0,0.0,811.97217,254.29442,617.73895,253.82649
0.27,0.0,0.0,869.0973,255.66356,676.18396,255.74551
0.0,0.03,0.0,328.6588,307.68466,131.68275,303.04352
0.03,0.03,0.0,391.13715,308.09955,192.741,303.75354
0.06,0.03,0.0,453.2611,308.64,254.09737,304.65952
0.09,0.03,0.0,514.858,309.32092,315.52322,305.73575
0.12,0.03,0.0,575.8268,310.05496,376.80194,307.03152
0.15,0.03,0.0,636.1137,310.81177,437.80707,308.40433
0.18,0.03,0.0,695.654,311.61423,498.2895,309.85736
0.21,0.03,0.0,754.4555,312.41785,558.1428,311.4173
0.24,0.03,0.0,812.5033,313.28516,617.3072,312.9831
0.27,0.03,0.0,869.7732,314.20062,675.8029,314.57034
0.0,0.06,0.0,328.60358,369.52487,130.298,364.073
0.03,0.06,0.0,391.22113,369.6908,191.55017,364.7373
0.06,0.06,0.0,453.45148,369.96603,253.0783,365.55887
0.09,0.06,0.0,515.13495,370.33374,314.6552,366.4937
0.12,0.06,0.0,576.1774,370.72797,376.09323,367.53082
0.15,0.06,0.0,636.43256,371.17603,437.18445,368.64297
0.18,0.06,0.0,696.04614,371.563,497.74103,369.82693
0.21,0.06,0.0,754.89874,372.02505,557.66815,371.05127
0.24,0.06,0.0,812.99915,372.45374,616.88403,372.29575
0.27,0.06,0.0,870.29425,372.93637,675.36584,373.4997
0.0,0.09,0.0,328.65662,431.50247,129.28949,425.3951
0.03,0.09,0.0,391.39847,431.4425,190.68654,426.0239
0.06,0.09,0.0,453.72,431.40674,252.24979,426.63852
0.09,0.09,0.0,515.49365,431.4522,313.9549,427.3782
0.12,0.09,0.0,576.5083,431.49713,375.506,428.17676
0.15,0.09,0.0,636.789,431.57788,436.64914,429.0236
0.18,0.09,0.0,696.4263,431.6129,497.27484,429.8648
0.21,0.09,0.0,755.30786,431.65613,557.2471,430.7396
0.24,0.09,0.0,813.3603,431.7518,616.43964,431.61426
0.27,0.09,0.0,870.76337,431.8407,674.96533,432.45004
0.0,0.12,0.0,328.88782,493.6445,128.59323,486.84106
0.03,0.12,0.0,391.72266,493.2572,190.06923,487.3808
0.06,0.12,0.0,454.02982,492.93362,251.63576,487.8561
0.09,0.12,0.0,515.8174,492.61163,313.41116,488.4078
0.12,0.12,0.0,576.83734,492.29077,375.0032,488.89227
0.15,0.12,0.0,637.1342,491.97092,436.15454,489.44052
0.18,0.12,0.0,696.7646,491.6635,496.81635,489.93207
0.21,0.12,0.0,755.70514,491.37234,556.8221,490.4357
0.24,0.12,0.0,813.739,491.08438,615.9891,490.93536
0.27,0.12,0.0,871.178,490.79166,674.5019,491.43152
0.0,0.15,0.0,329.3034,555.78687,128.304,548.2987
0.03,0.15,0.0,392.06915,555.16565,189.69841,548.73553
0.06,0.15,0.0,454.38022,554.5075,251.23022,549.1387
0.09,0.15,0.0,516.1139,553.83435,313.00906,549.4089
0.12,0.15,0.0,577.16034,553.0906,374.5661,549.6555
0.15,0.15,0.0,637.4634,552.3776,435.713,549.8475
0.18,0.15,0.0,697.0952,551.7096,496.3757,550.0221
0.21,0.15,0.0,756.0523,551.0834,556.35406,550.1741
0.24,0.15,0.0,814.0951,550.4176,615.5437,550.2697
0.27,0.15,0.0,871.4991,549.76135,674.05145,550.39435
0.0,0.18,0.0,329.82892,617.8391,128.37303,609.62115
0.03,0.18,0.0,392.43033,616.9829,189.59042,610.0246
0.06,0.18,0.0,454.7441,616.0255,251.10895,610.27625
0.09,0.18,0.0,516.4236,614.9465,312.75394,610.364
0.12,0.18,0.0,577.4746,613.9296,374.2205,610.32196
0.15,0.18,0.0,637.7492,612.8504,435.3178,610.24695
0.18,0.18,0.0,697.4157,611.817,495.90598,610.0727
0.21,0.18,0.0,756.33594,610.82886,555.88306,609.87573
0.24,0.18,0.0,814.4414,609.79083,615.11725,609.63586
0.27,0.18,0.0,871.7406,608.7157,673.5693,609.40576
0.0,0.21,0.0,330.48856,679.7759,128.73569,670.70416
0.03,0.21,0.0,392.9909,678.70044,189.7885,671.0652
0.06,0.21,0.0,455.14914,677.4171,251.2101,671.14417
0.09,0.21,0.0,516.8043,676.0492,312.68405,671.0939
0.12,0.21,0.0,577.80835,674.73004,373.99866,670.89136
0.15,0.21,0.0,638.0987,673.2896,435.0113,670.5041
0.18,0.21,0.0,697.67017,671.8935,495.50125,670.0018
0.21,0.21,0.0,756.60956,670.5473,555.436,669.53864
0.24,0.21,0.0,814.68835,669.09937,614.646,668.9399
0.27,0.21,0.0,871.9283,667.59845,673.1395,668.32324
0.0,0.24,0.0,331.32605,741.46204,129.47403,731.4751
0.03,0.24,0.0,393.69327,740.1809,190.33228,731.7984
0.06,0.24,0.0,455.70493,738.5901,251.568,731.7059
0.09,0.24,0.0,517.2258,737.0379,312.81903,731.5428
0.12,0.24,0.0,578.19135,735.43774,373.92203,731.2371
0.15,0.24,0.0,638.4023,733.61993,434.78525,730.5542
0.18,0.24,0.0,697.92035,731.8243,495.1752,729.79224
0.21,0.24,0.0,756.86664,730.12695,555.0254,729.0742
0.24,0.24,0.0,814.8206,728.2479,614.17725,728.10406
0.27,0.24,0.0,871.965,726.3132,672.63513,727.1629
0.0,0.27,0.0,332.41083,802.718,130.54874,791.7532
0.03,0.27,0.0,394.56677,801.2263,191.22884,791.9256
0.06,0.27,0.0,456.39227,799.39075,252.25552,791.7722
0.09,0.27,0.0,517.7356,797.5801,313.21094,791.49725
0.12,0.27,0.0,578.67633,795.8682,374.06046,791.1826
0.15,0.27,0.0,638.6894,793.6194,434.7012,790.2385
0.18,0.27,0.0,698.1496,791.5016,494.94888,789.249
0.21,0.27,0.0,757.05896,789.46387,554.70984,788.32074
0.24,0.27,0.0,814.7964,787.006,613.7046,786.92633
0.27,0.27,0.0,871.86896,784.6822,672.1464,785.7184
0.0,0.0,0.0,340.7808,262.63098,153.25945,258.6635
0.03,0.0,0.0,399.2389,261.44202,209.54022,257.6627
0.06,0.0,0.0,457.99234,260.46707,266.64548,256.8996
0.09,0.0,0.0,516.97534,259.54788,324.42328,256.27438
0.12,0.0,0.0,576.09406,258.76697,382.78607,255.89847
0.15,0.0,0.0,635.2182,258.045,441.52127,255.6662
0.18,0.0,0.0,694.3487,257.3692,500.48035,255.55264
0.21,0.0,0.0,753.3673,256.75888,559.5476,255.52293
0.24,0.0,0.0,812.31006,256.1989,618.6565,255.53757
0.27,0.0,0.0,871.088,255.77904,677.80023,255.62323
0.0,0.03,0.0,339.34943,319.7706,149.6984,315.0781
0.03,0.03,0.0,398.27475,318.7265,206.4531,314.35977
0.06,0.03,0.0,457.48364,317.81223,263.99738,313.81207
0.09,0.03,0.0,516.87665,317.00656,322.26108,313.4273
0.12,0.03,0.0,576.378,316.2589,381.04507,313.16745
0.15,0.03,0.0,635.83527,315.53418,440.19543,313.05804
0.18,0.03,0.0,695.3331,314.85983,499.5871,313.03412
0.21,0.03,0.0,754.7347,314.18344,559.01807,313.04752
0.24,0.03,0.0,814.0682,313.55066,618.5225,313.0746
0.27,0.03,0.0,873.21594,312.9845,677.99304,313.1801
0.0,0.06,0.0,338.0948,377.74786,146.40646,372.40222
0.03,0.06,0.0,397.40045,376.82492,203.5207,371.95346
0.06,0.06,0.0,457.03043,376.00574,261.49228,371.6424
0.09,0.06,0.0,516.80194,375.22726,320.1663,371.40756
0.12,0.06,0.0,576.6732,374.54797,379.40292,371.29758
0.15,0.06,0.0,636.48987,373.81732,438.96585,371.27176
0.18,0.06,0.0,696.29663,373.09476,498.71344,371.2656
0.21,0.06,0.0,756.0583,372.35324,558.5305,371.3211
0.24,0.06,0.0,815.73346,371.6884,618.3593,371.3933
0.27,0.06,0.0,875.2812,371.01868,678.1485,371.4482
0.0,0.09,0.0,336.886,436.46695,143.3453,430.5118
0.03,0.09,0.0,396.63535,435.74454,200.87918,430.37485
0.06,0.09,0.0,456.58887,434.8742,259.1594,430.2002
0.09,0.09,0.0,516.76807,434.13513,318.2139,430.10703
0.12,0.09,0.0,576.95996,433.48895,377.872,430.16797
0.15,0.09,0.0,637.11523,432.7673,437.78345,430.1925
0.18,0.09,0.0,697.2325,431.9645,497.86774,430.19604
0.21,0.09,0.0,757.3723,431.2096,558.05505,430.23914
0.24,0.09,0.0,817.3751,430.5231,618.20874,430.36523
0.27,0.09,0.0,877.29956,429.78015,678.2965,430.36652
0.0,0.12,0.0,335.83496,495.94678,140.58344,489.29956
0.03,0.12,0.0,395.9732,495.29837,198.45312,489.4431
0.06,0.12,0.0,456.2106,494.4708,256.94623,489.47293
0.09,0.12,0.0,516.7417,493.69507,316.38007,489.5531
0.12,0.12,0.0,577.3001,493.0619,376.42273,489.67862
0.15,0.12,0.0,637.7314,492.322,436.65784,489.75793
0.18,0.12,0.0,698.208,491.52643,497.0803,489.7706
0.21,0.12,0.0,758.648,490.7046,557.5426,489.78943
0.24,0.12,0.0,818.9686,490.05905,618.05176,489.9146
0.27,0.12,0.0,879.26953,489.25217,678.4454,489.90128
0.0,0.15,0.0,334.92938,556.0908,138.16435,548.7772
0.03,0.15,0.0,395.2886,555.46295,196.2063,549.1357
0.06,0.15,0.0,455.84656,554.6974,254.93698,549.3885
0.09,0.15,0.0,516.7026,553.9672,314.67578,549.6123
0.12,0.15,0.0,577.56464,553.2698,374.98785,549.8364
0.15,0.15,0.0,638.38324,552.5009,435.51477,549.9774
0.18,0.15,0.0,699.14526,551.6944,496.26257,550.0322
0.21,0.15,0.0,759.91034,550.91376,557.032,550.02185
0.24,0.15,0.0,820.5919,550.2082,617.8346,550.1157
0.27,0.15,0.0,881.15515,549.40326,678.5921,550.1284
0.0,0.18,0.0,334.10925,616.78564,135.9936,608.6771
0.03,0.18,0.0,394.6504,616.24567,194.1228,609.3264
0.06,0.18,0.0,455.5576,615.5984,253.20312,609.8511
0.09,0.18,0.0,516.7032,614.9214,313.17685,610.2612
0.12,0.18,0.0,577.84485,614.1939,373.6224,610.5846
0.15,0.18,0.0,638.9683,613.393,434.44034,610.779
0.18,0.18,0.0,700.0873,612.6082,495.4534,610.88947
0.21,0.18,0.0,761.1863,611.8098,556.54144,610.9479
0.24,0.18,0.0,822.18195,611.00653,617.64685,610.97485
0.27,0.18,0.0,882.9931,610.1532,678.7219,610.9755
0.0,0.21,0.0,333.42465,677.9925,134.15613,669.00183
0.03,0.21,0.0,394.1631,677.5876,192.36246,669.96735
0.06,0.21,0.0,455.36575,677.05066,251.7151,670.7444
0.09,0.21,0.0,516.72296,676.39905,311.77966,671.3697
0.12,0.21,0.0,578.11896,675.6341,372.35965,671.7761
0.15,0.21,0.0,639.5857,674.88464,433.39737,672.10547
0.18,0.21,0.0,701.0298,674.1217,494.6599,672.3041
0.21,0.21,0.0,762.42633,673.2736,556.04047,672.39185
0.24,0.21,0.0,823.7068,672.43,617.4583,672.4141
0.27,0.21,0.0,884.7725,671.4723,678.8406,672.44885
0.0,0.24,0.0,332.89847,739.5701,132.57932,729.58264
0.03,0.24,0.0,393.8231,739.3525,190.93796,730.9056
0.06,0.24,0.0,455.2716,738.9432,250.47343,731.9376
0.09,0.24,0.0,516.80505,738.38,310.5923,732.79126
0.12,0.24,0.0,578.4303,737.73834,371.21555,733.47675
0.15,0.24,0.0,640.207,736.9785,432.45688,733.89557
0.18,0.24,0.0,701.9166,736.1608,493.9697,734.1914
0.21,0.24,0.0,763.629,735.2977,555.5609,734.3895
0.24,0.24,0.0,825.1332,734.3192,617.2615,734.4358
0.27,0.24,0.0,886.3939,733.2054,678.9405,734.45306
0.0,0.27,0.0,332.5464,801.40485,131.37866,790.2688
0.03,0.27,0.0,393.69247,801.3666,189.91336,791.92035
0.06,0.27,0.0,455.29852,801.0677,249.54404,793.25226
0.09,0.27,0.0,517.00555,800.63214,309.63226,794.3979
0.12,0.27,0.0,578.81726,800.1413,370.2859,795.3463
0.15,0.27,0.0,640.8276,799.38434,431.71042,795.9393
0.18,0.27,0.0,702.8131,798.55096,493.36664,796.35394
0.21,0.27,0.0,764.7474,797.6492,555.1302,796.7163
0.24,0.27,0.0,826.3601,796.4591,617.0921,796.7528
0.27,0.27,0.0,887.86255,795.1842,679.0126,796.7567
0.0,0.0,0.0,325.45013,250.84984,130.1401,247.08511
0.03,0.0,0.0,386.51477,249.40405,188.7123,245.7965
0.06,0.0,0.0,448.05167,248.1748,248.21431,244.74261
0.09,0.0,0.0,509.80923,247.07628,308.57248,243.87653
0.12,0.0,0.0,571.7802,246.13077,369.653,243.27066
0.15,0.0,0.0,633.8022,245.25644,431.192,242.84698
0.18,0.0,0.0,695.8513,244.47688,493.04257,242.60587
0.21,0.0,0.0,757.84625,243.77965,555.07477,242.4784
0.24,0.0,0.0,819.669,243.18456,617.18646,242.43341
0.27,0.0,0.0,881.37134,242.75536,679.35486,242.48018
0.0,0.03,0.0,327.30875,312.5839,131.49118,308.02246
0.03,0.03,0.0,388.26877,311.35278,189.96696,307.08878
0.06,0.03,0.0,449.6424,310.27856,249.41975,306.33093
0.09,0.03,0.0,511.26367,309.32562,309.724,305.7781
0.12,0.03,0.0,572.9815,308.45273,370.63907,305.37616
0.15,0.03,0.0,634.74774,307.60654,432.03833,305.10437
0.18,0.03,0.0,696.5579,306.82242,493.69733,304.9816
0.21,0.03,0.0,758.3044,306.07104,555.4655,304.90674
0.24,0.03,0.0,819.9716,305.39594,617.33307,304.96472
0.27,0.03,0.0,881.4931,304.82065,679.23663,304.9982
0.0,0.06,0.0,329.348,374.068,133.1886,368.74985
0.03,0.06,0.0,390.17047,372.99454,191.53659,368.16275
0.06,0.06,0.0,451.35394,372.0296,250.8767,367.68954
0.09,0.06,0.0,512.7364,371.16287,311.03546,367.33017
0.12,0.06,0.0,574.21814,370.32538,371.7968,367.1261
0.15,0.06,0.0,635.72186,369.5052,432.97635,366.97928
0.18,0.06,0.0,697.215,368.7208,494.412,366.9143
0.21,0.06,0.0,758.6895,367.9626,555.9461,366.9513
0.24,0.06,0.0,820.11835,367.22937,617.5054,366.988
0.27,0.06,0.0,881.40625,366.52472,679.0334,366.99747
0.0,0.09,0.0,331.52228,435.1014,135.16061,429.09265
0.03,0.09,0.0,392.19925,434.15567,193.48305,428.7985
0.06,0.09,0.0,453.1018,433.29715,252.51115,428.61652
0.09,0.09,0.0,514.23926,432.46033,312.49915,428.45413
0.12,0.09,0.0,575.4763,431.61954,373.07614,428.31937
0.15,0.09,0.0,636.6459,430.8233,434.03323,428.29605
0.18,0.09,0.0,697.83954,430.0451,495.16843,428.32684
0.21,0.09,0.0,759.07776,429.30338,556.4112,428.38742
0.24,0.09,0.0,820.17584,428.50128,617.6633,428.3924
0.27,0.09,0.0,881.23315,427.80353,678.8831,428.45074
0.0,0.12,0.0,333.86075,495.6344,137.52837,489.00314
0.03,0.12,0.0,394.2841,494.74338,195.65414,488.9496
0.06,0.12,0.0,454.85263,494.03613,254.36891,489.03366
0.09,0.12,0.0,515.7692,493.19476,314.10324,489.02264
0.12,0.12,0.0,576.68945,492.32953,374.48212,488.989
0.15,0.12,0.0,637.5609,491.52213,435.13358,489.01712
0.18,0.12,0.0,698.4521,490.79654,495.96106,489.07825
0.21,0.12,0.0,759.3751,490.068,556.86615,489.16934
0.24,0.12,0.0,820.2102,489.222,617.82117,489.11755
0.27,0.12,0.0,880.99384,488.53162,678.68915,489.22272
0.0,0.15,0.0,336.32205,555.5399,140.25108,548.2482
0.03,0.15,0.0,396.36346,554.80707,197.98837,548.5104
0.06,0.15,0.0,456.61685,554.16785,256.41965,548.8291
0.09,0.15,0.0,517.2853,553.33026,315.87857,549.00397
0.12,0.15,0.0,577.8702,552.4653,375.89536,549.02814
0.15,0.15,0.0,638.47095,551.6458,436.25488,549.1163
0.18,0.15,0.0,699.04834,550.9304,496.72763,549.2096
0.21,0.15,0.0,759.6589,550.2564,557.3143,549.3219
0.24,0.15,0.0,820.1746,549.3882,617.93,549.274
0.27,0.15,0.0,880.6601,548.6607,678.522,549.33234
0.0,0.18,0.0,338.8388,614.82117,143.21576,606.8202
0.03,0.18,0.0,398.4937,614.27124,200.5133,607.41205
0.06,0.18,0.0,458.5111,613.6239,258.72983,607.90045
0.09,0.18,0.0,518.7423,612.79926,317.80038,608.1669
0.12,0.18,0.0,579.02875,612.0133,377.391,608.38837
0.15,0.18,0.0,639.3291,611.21234,437.37485,608.5613
0.18,0.18,0.0,699.62427,610.5039,497.5282,608.71014
0.21,0.18,0.0,759.931,609.79266,557.7781,608.8318
0.24,0.18,0.0,820.1529,608.98126,618.05225,608.8287
0.27,0.18,0.0,880.2647,608.1596,678.3495,608.84766
0.0,0.21,0.0,341.46313,673.4326,146.36758,664.66797
0.03,0.21,0.0,400.70584,673.0575,203.24547,665.55023
0.06,0.21,0.0,460.40024,672.3562,261.22272,666.16455
0.09,0.21,0.0,520.2913,671.6301,319.86,666.6238
0.12,0.21,0.0,580.197,670.99835,378.95645,667.0977
0.15,0.21,0.0,640.1878,670.1784,438.54282,667.28864
0.18,0.21,0.0,700.17236,669.40137,498.33374,667.4479
0.21,0.21,0.0,760.17786,668.7598,558.22186,667.6729
0.24,0.21,0.0,820.04785,667.9053,618.20844,667.7301
0.27,0.21,0.0,879.76587,666.98456,678.17596,667.7463
0.0,0.24,0.0,344.1514,731.25854,149.77043,721.6533
0.03,0.24,0.0,403.01624,731.0098,206.27928,722.78815
0.06,0.24,0.0,462.38223,730.3596,263.89822,723.5251
0.09,0.24,0.0,521.8169,729.80133,322.0027,724.24774
0.12,0.24,0.0,581.33966,729.32263,380.60104,725.00055
0.15,0.24,0.0,641.023,728.4509,439.81274,725.25226
0.18,0.24,0.0,700.6685,727.69385,499.21677,725.48566
0.21,0.24,0.0,760.3382,727.0289,558.6989,725.83075
0.24,0.24,0.0,819.8477,726.0653,618.2975,725.8584
0.27,0.24,0.0,879.18304,725.0648,677.9549,725.90674
0.0,0.27,0.0,346.99716,788.25653,153.41446,777.7308
0.03,0.27,0.0,405.48398,788.0382,209.59901,778.99994
0.06,0.27,0.0,464.39688,787.45685,266.781,779.9193
0.09,0.27,0.0,523.4048,787.0435,324.36746,780.88544
0.12,0.27,0.0,582.5399,786.84326,382.39627,782.0118
0.15,0.27,0.0,641.8431,785.8769,441.17798,782.2888
0.18,0.27,0.0,701.14716,785.08856,500.15594,782.6387
0.21,0.27,0.0,760.432,784.5276,559.2085,783.18445
0.24,0.27,0.0,819.4817,783.2829,618.46765,783.04236
0.27,0.27,0.0,878.3971,782.29333,677.6891,783.21405
0.0,0.0,0.0,472.62415,140.27992,275.1656,137.76775
0.03,0.0,0.0,534.30994,141.71085,336.60532,139.27592
0.06,0.0,0.0,595.3427,143.31065,397.86932,141.03505
0.09,0.0,0.0,655.7743,145.06311,458.8376,143.05003
0.12,0.0,0.0,715.4357,146.94928,519.4021,145.29318
0.15,0.0,0.0,774.27185,148.99503,579.40186,147.68611
0.18,0.0,0.0,832.2657,151.14401,638.69977,150.22308
0.21,0.0,0.0,889.317,153.45535,697.35345,152.82391
0.24,0.0,0.0,945.3042,155.90987,755.1426,155.51718
0.27,0.0,0.0,1000.2026,158.56842,812.19763,158.36339
0.0,0.03,0.0,472.50568,201.12161,273.46307,198.02106
0.03,0.03,0.0,534.3898,202.31413,335.1858,199.429
0.06,0.03,0.0,595.65607,203.64359,396.75342,201.09215
0.09,0.03,0.0,656.16895,205.05428,457.9376,202.93657
0.12,0.03,0.0,715.9722,206.57979,518.6753,204.95818
0.15,0.03,0.0,774.9386,208.16174,578.81274,207.05267
0.18,0.03,0.0,833.1161,209.85909,638.28143,209.25293
0.21,0.03,0.0,890.32007,211.6887,697.0238,211.48682
0.24,0.03,0.0,946.52167,213.62543,754.979,213.80728
0.27,0.03,0.0,1001.63513,215.75356,812.1842,216.18529
0.0,0.06,0.0,472.55695,262.52466,272.01898,258.92432
0.03,0.06,0.0,534.5809,263.44095,333.98898,260.1938
0.06,0.06,0.0,595.9614,264.47736,395.79504,261.65692
0.09,0.06,0.0,656.56165,265.53214,457.19653,263.30188
0.12,0.06,0.0,716.44745,266.64566,518.04926,265.07156
0.15,0.06,0.0,775.5283,267.81866,578.31036,266.86954
0.18,0.06,0.0,833.82043,269.04068,637.8589,268.72632
0.21,0.06,0.0,891.1807,270.37042,696.6648,270.60083
0.24,0.06,0.0,947.57166,271.82928,754.7032,272.49725
0.27,0.06,0.0,1002.8284,273.37698,811.9889,274.4463
0.0,0.09,0.0,472.7509,324.23145,270.8229,320.20404
0.03,0.09,0.0,534.854,324.90637,333.03253,321.36493
0.06,0.09,0.0,596.3038,325.55975,394.97522,322.58862
0.09,0.09,0.0,656.95294,326.25934,456.54434,323.9655
0.12,0.09,0.0,716.86346,327.0233,517.5186,325.4675
0.15,0.09,0.0,775.98663,327.77496,577.7747,326.95862
0.18,0.09,0.0,834.4227,328.54028,637.4343,328.45322
0.21,0.09,0.0,891.95135,329.37958,696.2933,329.93915
0.24,0.09,0.0,948.3212,330.37546,754.32275,331.45764
0.27,0.09,0.0,1003.8068,331.39532,811.76306,332.94388
0.0,0.12,0.0,472.9763,386.20578,269.8964,381.8392
0.03,0.12,0.0,535.1516,386.56186,332.26453,382.79095
0.06,0.12,0.0,596.6699,386.8283,394.30988,383.76624
0.09,0.12,0.0,657.3563,387.17252,455.9869,384.8537
0.12,0.12,0.0,717.22046,387.5504,517.0145,386.01917
0.15,0.12,0.0,776.36475,387.90668,577.3502,387.1886
0.18,0.12,0.0,834.90326,388.24887,637.00323,388.30222
0.21,0.12,0.0,892.5759,388.63916,695.94745,389.39737
0.24,0.12,0.0,948.9619,389.1478,753.9423,390.54263
0.27,0.12,0.0,1004.5843,389.67026,811.416,391.60532
0.0,0.15,0.0,473.28644,448.2638,269.2027,443.6339
0.03,0.15,0.0,535.4999,448.22415,331.5987,444.3444
0.06,0.15,0.0,597.0294,448.18698,393.7517,445.06345
0.09,0.15,0.0,657.6997,448.14423,455.4612,445.8232
0.12,0.15,0.0,717.5756,448.10254,516.5527,446.61276
0.15,0.15,0.0,776.7609,448.08636,576.89014,447.4244
0.18,0.15,0.0,835.2853,448.04672,636.5271,448.1554
0.21,0.15,0.0,893.043,448.02753,695.4971,448.87473
0.24,0.15,0.0,949.5093,448.08752,753.52264,449.61774
0.27,0.15,0.0,1005.12573,448.14053,810.9691,450.36105
0.0,0.18,0.0,473.58566,510.3539,268.6882,505.5109
0.03,0.18,0.0,535.8514,509.92587,331.0923,505.9454
0.06,0.18,0.0,597.3578,509.5103,393.26767,506.361
0.09,0.18,0.0,657.9969,509.09506,454.98657,506.82233
0.12,0.18,0.0,717.92267,508.70224,516.0775,507.2522
0.15,0.18,0.0,777.1303,508.2992,576.43134,507.61578
0.18,0.18,0.0,835.65265,507.8674,636.0774,508.00342
0.21,0.18,0.0,893.3486,507.48694,695.0023,508.40137
0.24,0.18,0.0,950.0006,507.106,753.13556,508.76538
0.27,0.18,0.0,1005.4877,506.69495,810.48236,509.12567
0.0,0.21,0.0,473.9321,572.53,268.34366,567.3723
0.03,0.21,0.0,536.1817,571.6985,330.72073,567.5699
0.06,0.21,0.0,597.62366,570.85724,392.86813,567.70074
0.09,0.21,0.0,658.30664,570.0562,454.5454,567.81464
0.12,0.21,0.0,718.3021,569.2776,515.6333,567.8444
0.15,0.21,0.0,777.47614,568.4729,575.96075,567.83936
0.18,0.21,0.0,835.8914,567.69696,635.5971,567.84174
0.21,0.21,0.0,893.68976,566.9168,694.53595,567.8709
0.24,0.21,0.0,950.27264,566.11414,752.6639,567.8606
0.27,0.21,0.0,1005.77484,565.22266,810.0428,567.8444
0.0,0.24,0.0,474.30087,634.6567,268.20383,629.14703
0.03,0.24,0.0,536.49725,633.5125,330.46988,629.15796
0.06,0.24,0.0,597.91864,632.23535,392.5326,628.94196
0.09,0.24,0.0,658.6124,631.0626,454.1261,628.71954
0.12,0.24,0.0,718.6749,629.93427,515.22107,628.4803
0.15,0.24,0.0,777.7899,628.7179,575.4964,628.0694
0.18,0.24,0.0,836.177,627.5462,635.125,627.70233
0.21,0.24,0.0,893.9116,626.3664,694.0981,627.3913
0.24,0.24,0.0,950.3597,625.0303,752.15985,626.9604
0.27,0.24,0.0,1005.8209,623.6995,809.5541,626.5753
0.0,0.27,0.0,474.77374,696.69543,268.26654,690.67267
0.03,0.27,0.0,536.8783,695.17065,330.40012,690.4545
0.06,0.27,0.0,598.2032,693.5152,392.30737,689.9844
0.09,0.27,0.0,658.8975,691.96106,453.8132,689.459
0.12,0.27,0.0,719.0352,690.5713,514.81604,689.01355
0.15,0.27,0.0,778.0331,688.86115,575.0482,688.22705
0.18,0.27,0.0,836.36646,687.26886,634.6499,687.4787
0.21,0.27,0.0,894.06793,685.68976,693.66364,686.869
0.24,0.27,0.0,950.26855,683.79016,751.61346,685.96936
0.27,0.27,0.0,1005.7521,681.96405,809.0105,685.20496
0.0,0.0,0.0,477.26086,161.59888,288.4174,159.2171
0.03,0.0,0.0,535.90704,160.63681,345.89944,158.35332
0.06,0.0,0.0,594.679,159.829,403.87668,157.7087
0.09,0.0,0.0,653.48114,159.13606,462.21628,157.215
0.12,0.0,0.0,712.23584,158.58047,520.793,157.00555
0.15,0.0,0.0,770.8874,158.21547,579.5461,156.92049
0.18,0.0,0.0,829.3232,157.9547,638.3126,156.95181
0.21,0.0,0.0,887.47174,157.85574,697.1002,157.09808
0.24,0.0,0.0,945.20044,158.0181,755.7614,157.35338
0.27,0.0,0.0,1002.36914,158.39275,814.33997,157.78333
0.0,0.03,0.0,476.69617,217.7352,285.5596,214.83163
0.03,0.03,0.0,535.81354,216.85168,343.54797,214.14955
0.06,0.03,0.0,595.0365,216.06293,402.0331,213.6613
0.09,0.03,0.0,654.24976,215.4071,460.855,213.38823
0.12,0.03,0.0,713.4031,214.8541,519.9348,213.25468
0.15,0.03,0.0,772.4832,214.34372,579.0969,213.21358
0.18,0.03,0.0,831.38324,213.96481,638.3018,213.26088
0.21,0.03,0.0,890.02997,213.70981,697.44836,213.41235
0.24,0.03,0.0,948.2413,213.66373,756.57404,213.6022
0.27,0.03,0.0,1005.9694,213.8061,815.57794,213.91821
0.0,0.06,0.0,476.24374,274.85178,282.84583,271.44336
0.03,0.06,0.0,535.78625,274.0596,341.35382,270.97845
0.06,0.06,0.0,595.40796,273.31766,400.32684,270.6602
0.09,0.06,0.0,655.0003,272.65027,459.59872,270.52747
0.12,0.06,0.0,714.58594,272.04187,519.1043,270.46677
0.15,0.06,0.0,774.04926,271.45877,578.64484,270.4882
0.18,0.06,0.0,833.38525,270.9302,638.2584,270.52777
0.21,0.06,0.0,892.4499,270.56592,697.7876,270.64035
0.24,0.06,0.0,951.1193,270.33646,757.33044,270.78326
0.27,0.06,0.0,1009.3008,270.2337,816.6835,270.96246
0.0,0.09,0.0,475.8652,332.84012,280.3368,328.9972
0.03,0.09,0.0,535.8335,332.16125,339.3382,328.77032
0.06,0.09,0.0,595.8,331.35358,398.69415,328.49643
0.09,0.09,0.0,655.75525,330.67413,458.42307,328.4679
0.12,0.09,0.0,715.6796,330.0754,518.3094,328.54935
0.15,0.09,0.0,775.4881,329.4592,578.26776,328.62552
0.18,0.09,0.0,835.24554,328.77942,638.1902,328.61432
0.21,0.09,0.0,894.77936,328.26007,698.10724,328.66287
0.24,0.09,0.0,953.85614,327.91495,757.9638,328.83398
0.27,0.09,0.0,1012.5146,327.58682,817.7494,328.91177
0.0,0.12,0.0,475.5467,391.63968,278.00146,387.41794
0.03,0.12,0.0,535.93945,391.0199,337.4584,387.4061
0.06,0.12,0.0,596.22955,390.16724,397.1819,387.19067
0.09,0.12,0.0,656.53455,389.48376,457.31107,387.19543
0.12,0.12,0.0,716.7617,388.8855,517.61,387.3702
0.15,0.12,0.0,776.925,388.211,577.8794,387.43884
0.18,0.12,0.0,837.07556,387.45398,638.1606,387.45828
0.21,0.12,0.0,897.01935,386.7548,698.39923,387.4547
0.24,0.12,0.0,956.4456,386.33496,758.5477,387.61816
0.27,0.12,0.0,1015.54126,385.81387,818.7176,387.60916
0.0,0.15,0.0,475.3183,451.1562,275.87698,446.6484
0.03,0.15,0.0,536.00964,450.4735,335.63535,446.69943
0.06,0.15,0.0,596.6607,449.67087,395.70538,446.6078
0.09,0.15,0.0,657.2766,448.99173,456.2328,446.70267
0.12,0.15,0.0,717.8409,448.3393,516.89484,446.85107
0.15,0.15,0.0,778.3605,447.62134,577.514,446.9446
0.18,0.15,0.0,838.82715,446.84543,638.08466,446.92706
0.21,0.15,0.0,899.1658,446.06592,698.63995,446.91095
0.24,0.15,0.0,958.9762,445.51147,759.1595,447.06503
0.27,0.15,0.0,1018.3654,444.8709,819.6498,447.05127
0.0,0.18,0.0,475.0699,511.38657,273.86993,506.5698
0.03,0.18,0.0,536.0694,510.61395,333.8678,506.6541
0.06,0.18,0.0,597.0794,509.85406,394.37894,506.77423
0.09,0.18,0.0,658.02655,509.14798,455.2126,506.90604
0.12,0.18,0.0,718.90546,508.41028,516.15094,506.9785
0.15,0.18,0.0,779.73895,507.67883,577.124,507.03232
0.18,0.18,0.0,840.54004,506.91214,638.0156,507.04623
0.21,0.18,0.0,901.22,506.1166,698.88477,507.05124
0.24,0.18,0.0,961.4242,505.35065,759.71716,507.08804
0.27,0.18,0.0,1021.05005,504.6095,820.5397,507.13797
0.0,0.21,0.0,474.78925,572.1925,271.99634,567.0623
0.03,0.21,0.0,536.1462,571.43024,332.2412,567.28674
0.06,0.21,0.0,597.5106,570.6752,393.0985,567.49384
0.09,0.21,0.0,658.7679,569.9283,454.2492,567.65424
0.12,0.21,0.0,719.9897,569.12885,515.4064,567.6953
0.15,0.21,0.0,781.16595,568.4102,576.69385,567.77594
0.18,0.21,0.0,842.2548,567.6077,637.92224,567.81354
0.21,0.21,0.0,903.2128,566.74536,699.1663,567.7878
0.24,0.21,0.0,963.70135,565.85504,760.3123,567.847
0.27,0.21,0.0,1023.60223,564.9263,821.4405,567.8392
0.0,0.24,0.0,474.597,633.6527,270.27457,628.0976
0.03,0.24,0.0,536.2369,632.933,330.73856,628.5064
0.06,0.24,0.0,597.8998,632.1716,391.91052,628.85187
0.09,0.24,0.0,659.5006,631.3985,453.21777,629.0209
0.12,0.24,0.0,721.0826,630.56854,514.67004,629.0988
0.15,0.24,0.0,782.5628,629.78564,576.2873,629.1933
0.18,0.24,0.0,843.9103,628.9328,637.8432,629.2015
0.21,0.24,0.0,905.1787,628.0032,699.39325,629.2048
0.24,0.24,0.0,965.81323,626.973,760.8912,629.2195
0.27,0.24,0.0,1025.971,625.832,822.26996,629.15485
0.0,0.27,0.0,474.39487,695.66473,268.71512,689.53156
0.03,0.27,0.0,536.3372,695.0047,329.43967,690.1619
0.06,0.27,0.0,598.342,694.2555,390.80667,690.61194
0.09,0.27,0.0,660.24786,693.4428,452.26877,690.92194
0.12,0.27,0.0,722.14935,692.61865,513.94165,691.0882
0.15,0.27,0.0,783.8807,691.75024,575.88617,691.1619
0.18,0.27,0.0,845.50964,690.79803,637.76294,691.22034
0.21,0.27,0.0,906.9895,689.73254,699.6346,691.18506
0.24,0.27,0.0,967.7686,688.52277,761.369,691.12854
0.27,0.27,0.0,1028.1378,687.1359,823.0762,691.0073
0.0,0.0,0.0,468.3979,145.16747,271.46307,142.81029
0.03,0.0,0.0,529.82526,143.91983,331.4702,141.62682
0.06,0.0,0.0,591.3845,142.89209,392.07166,140.71951
0.09,0.0,0.0,653.00336,141.99706,453.1218,140.03004
0.12,0.0,0.0,714.67914,141.28687,514.5643,139.59685
0.15,0.0,0.0,776.21454,140.78345,576.17346,139.35236
0.18,0.0,0.0,837.5299,140.44435,637.85895,139.27925
0.21,0.0,0.0,898.54724,140.31033,699.5795,139.36298
0.24,0.0,0.0,959.07855,140.52774,761.16614,139.60327
0.27,0.0,0.0,1019.021,140.98074,822.6737,140.0698
0.0,0.03,0.0,469.76285,206.89972,272.13943,203.95195
0.03,0.03,0.0,531.056,205.8071,332.11252,203.02725
0.06,0.03,0.0,592.4651,204.79207,392.68164,202.32735
0.09,0.03,0.0,653.9372,203.976,453.6764,201.88287
0.12,0.03,0.0,715.3775,203.24568,514.9686,201.59827
0.15,0.03,0.0,776.75616,202.62448,576.4299,201.44095
0.18,0.03,0.0,837.9539,202.15076,637.9514,201.39323
0.21,0.03,0.0,898.89435,201.85153,699.42725,201.46648
0.24,0.03,0.0,959.37897,201.81032,760.8743,201.65709
0.27,0.03,0.0,1019.3115,201.98036,822.2506,201.97054
0.0,0.06,0.0,471.23502,268.50885,273.0791,264.9889
0.03,0.06,0.0,532.371,267.55106,333.0226,264.35654
0.06,0.06,0.0,593.5739,266.6256,393.48828,263.9063
0.09,0.06,0.0,654.79047,265.82233,454.36053,263.6067
0.12,0.06,0.0,716.0216,265.05685,515.4965,263.4187
0.15,0.06,0.0,777.19385,264.35544,576.6885,263.35144
0.18,0.06,0.0,838.2509,263.78094,637.9966,263.34866
0.21,0.06,0.0,899.02783,263.3277,699.2707,263.38333
0.24,0.06,0.0,959.4351,263.0329,760.4846,263.53442
0.27,0.06,0.0,1019.26276,262.99344,821.6606,263.72906
0.0,0.09,0.0,472.81427,329.85995,274.2686,325.9321
0.03,0.09,0.0,533.76105,328.94446,334.16788,325.4772
0.06,0.09,0.0,594.7256,328.10355,394.43924,325.17078
0.09,0.09,0.0,655.6406,327.24927,455.1152,325.0231
0.12,0.09,0.0,716.6232,326.47736,516.0662,324.9622
0.15,0.09,0.0,777.5596,325.7577,577.0236,324.8805
0.18,0.09,0.0,838.3811,325.07523,638.0393,324.9022
0.21,0.09,0.0,899.0159,324.5145,699.05554,324.9863
0.24,0.09,0.0,959.20526,324.06003,760.025,325.04196
0.27,0.09,0.0,1018.97437,323.75516,820.9365,325.14563
0.0,0.12,0.0,474.47714,390.76944,275.7416,386.4577
0.03,0.12,0.0,535.1686,389.8868,335.49963,386.2107
0.06,0.12,0.0,595.82306,389.1326,395.52664,386.07697
0.09,0.12,0.0,656.5049,388.30212,456.03406,386.00577
0.12,0.12,0.0,717.1666,387.46863,516.70703,385.9138
0.15,0.12,0.0,777.7848,386.67984,577.4171,385.9549
0.18,0.12,0.0,838.40436,386.01297,638.10364,386.03168
0.21,0.12,0.0,898.87787,385.3431,698.82965,386.072
0.24,0.12,0.0,958.82275,384.71634,759.45416,386.07605
0.27,0.12,0.0,1018.4285,384.28357,820.1366,386.13885
0.0,0.15,0.0,476.2189,451.1045,277.43332,446.56033
0.03,0.15,0.0,536.5901,450.2776,336.92526,446.46786
0.06,0.15,0.0,596.9477,449.5379,396.7341,446.46143
0.09,0.15,0.0,657.3229,448.69754,456.97766,446.4086
0.12,0.15,0.0,717.6501,447.8488,517.3861,446.40466
0.15,0.15,0.0,778.01044,447.1027,577.77386,446.4093
0.18,0.15,0.0,838.34125,446.35205,638.1704,446.45764
0.21,0.15,0.0,898.5547,445.6756,698.5544,446.53226
0.24,0.15,0.0,958.28345,444.95624,758.88477,446.48236
0.27,0.15,0.0,1017.6262,444.33243,819.233,446.551
0.0,0.18,0.0,477.88513,510.87683,279.28287,506.12677
0.03,0.18,0.0,537.9554,510.09726,338.39258,506.19153
0.06,0.18,0.0,598.04333,509.32193,398.01398,506.24475
0.09,0.18,0.0,658.1216,508.4898,457.9778,506.22104
0.12,0.18,0.0,718.1715,507.68915,518.04333,506.2327
0.15,0.18,0.0,778.19,506.88687,578.1308,506.25342
0.18,0.18,0.0,838.2183,506.16513,638.2003,506.28677
0.21,0.18,0.0,898.13916,505.43707,698.2676,506.38574
0.24,0.18,0.0,957.68365,504.66174,758.3006,506.37234
0.27,0.18,0.0,1016.6754,503.88132,818.3392,506.38446
0.0,0.21,0.0,479.58118,570.0859,281.21872,565.0883
0.03,0.21,0.0,539.3252,569.34314,339.99512,565.30396
0.06,0.21,0.0,599.1502,568.4599,399.36145,565.35016
0.09,0.21,0.0,658.8934,567.6396,458.97018,565.3787
0.12,0.21,0.0,718.6368,566.91144,518.6777,565.4654
0.15,0.21,0.0,778.37854,566.1063,578.4548,565.4357
0.18,0.21,0.0,838.0648,565.3176,638.2217,565.4565
0.21,0.21,0.0,897.6922,564.6041,697.9928,565.56525
0.24,0.21,0.0,956.8874,563.7248,757.7143,565.57837
0.27,0.21,0.0,1015.57166,562.81995,817.4365,565.58844
0.0,0.24,0.0,481.28632,628.71045,283.2621,623.3737
0.03,0.24,0.0,540.7115,627.97437,341.70914,623.7288
0.06,0.24,0.0,600.2137,627.04083,400.7813,623.75684
0.09,0.24,0.0,659.66736,626.2415,459.98444,623.91205
0.12,0.24,0.0,719.14264,625.63495,519.29,624.143
0.15,0.24,0.0,778.5173,624.71277,578.79974,624.06067
0.18,0.24,0.0,837.8925,623.9057,638.2375,624.0666
0.21,0.24,0.0,897.1567,623.15344,697.68756,624.2335
0.24,0.24,0.0,955.9482,622.16034,757.13104,624.1666
0.27,0.24,0.0,1014.29816,621.1224,816.5234,624.14484
0.0,0.27,0.0,482.97354,686.672,285.4679,680.91144
0.03,0.27,0.0,542.0953,685.9109,343.5847,681.34906
0.06,0.27,0.0,601.2518,684.9516,402.26718,681.46375
0.09,0.27,0.0,660.38776,684.1951,461.0596,681.7256
0.12,0.27,0.0,719.57446,683.69653,519.9534,682.1169
0.15,0.27,0.0,778.6051,682.6656,579.13904,682.01764
0.18,0.27,0.0,837.62555,681.7601,638.2599,682.01056
0.21,0.27,0.0,896.5547,681.0544,697.402,682.2692
0.24,0.27,0.0,954.8092,679.7676,756.4523,682.0284
0.27,0.27,0.0,1012.8697,678.6838,815.5495,682.04736
0.0,0.0,0.0,616.9024,257.60205,423.20538,255.14375
0.03,0.0,0.0,675.2552,254.98006,480.2235,253.0408
0.06,0.0,0.0,734.28455,252.39967,538.07043,251.0092
0.09,0.0,0.0,793.898,249.8405,596.7065,248.98645
0.12,0.0,0.0,854.13116,247.41779,656.11194,247.06142
0.15,0.0,0.0,914.77997,245.10542,716.25793,245.13033
0.18,0.0,0.0,975.72754,242.98515,777.0586,243.28845
0.21,0.0,0.0,1036.7169,241.06337,838.4749,241.47522
0.24,0.0,0.0,1097.661,239.37129,900.3864,239.87804
0.27,0.0,0.0,1158.3259,237.95343,962.59766,238.38777
0.0,0.03,0.0,618.0774,316.37363,423.33755,313.75348
0.03,0.03,0.0,676.48334,314.10205,480.4621,312.07877
0.06,0.03,0.0,735.55554,311.81757,538.39844,310.47318
0.09,0.03,0.0,795.3305,309.55283,597.1079,308.88794
0.12,0.03,0.0,855.6589,307.3816,656.58655,307.33206
0.15,0.03,0.0,916.4929,305.2738,716.7744,305.74066
0.18,0.03,0.0,977.60846,303.32257,777.66486,304.2155
0.21,0.03,0.0,1038.8281,301.53836,839.184,302.7101
0.24,0.03,0.0,1100.003,299.9217,901.2678,301.28772
0.27,0.03,0.0,1160.8813,298.5484,963.6986,300.0364
0.0,0.06,0.0,619.23474,375.2824,423.5591,372.57645
0.03,0.06,0.0,677.6992,373.3644,480.7596,371.35406
0.06,0.06,0.0,736.8118,371.4233,538.78766,370.15897
0.09,0.06,0.0,796.6177,369.4968,597.5416,368.9764
0.12,0.06,0.0,857.0612,367.5899,657.0612,367.79382
0.15,0.06,0.0,917.99713,365.77325,717.2283,366.5843
0.18,0.06,0.0,979.2866,364.01675,778.1781,365.3376
0.21,0.06,0.0,1040.6842,362.35226,839.79913,364.1551
0.24,0.06,0.0,1102.0348,360.8216,901.9861,363.01596
0.27,0.06,0.0,1163.061,359.51904,964.5261,361.9836
0.0,0.09,0.0,620.3823,434.2327,423.8086,431.50287
0.03,0.09,0.0,678.8759,432.6917,481.1713,430.70123
0.06,0.09,0.0,738.0027,431.09192,539.1534,429.8883
0.09,0.09,0.0,797.8722,429.50806,597.9425,429.07257
0.12,0.09,0.0,858.3715,427.93515,657.47064,428.26553
0.15,0.09,0.0,919.3878,426.4104,717.6669,427.42554
0.18,0.09,0.0,980.79877,424.88977,778.63806,426.57086
0.21,0.09,0.0,1042.3217,423.43597,840.2988,425.70227
0.24,0.09,0.0,1103.6931,422.08234,902.5579,424.8944
0.27,0.09,0.0,1164.9253,420.75662,965.23114,424.09433
0.0,0.12,0.0,621.5462,493.25598,424.16873,490.5194
0.03,0.12,0.0,680.08624,492.04575,481.5912,490.0931
0.06,0.12,0.0,739.20044,490.80383,539.4945,489.65543
0.09,0.12,0.0,799.07874,489.56183,598.3628,489.2031
0.12,0.12,0.0,859.6161,488.3577,657.90094,488.74524
0.15,0.12,0.0,920.68207,487.12476,718.1034,488.28897
0.18,0.12,0.0,982.1543,485.88626,779.06946,487.79886
0.21,0.12,0.0,1043.7327,484.63885,840.7752,487.34314
0.24,0.12,0.0,1105.1257,483.40878,903.0687,486.83325
0.27,0.12,0.0,1166.3646,482.17508,965.75,486.34064
0.0,0.15,0.0,622.72626,552.24274,424.63907,549.52313
0.03,0.15,0.0,681.2496,551.3766,481.98615,549.4742
0.06,0.15,0.0,740.3617,550.5611,539.91425,549.4381
0.09,0.15,0.0,800.3113,549.69385,598.77264,549.35614
0.12,0.15,0.0,860.8335,548.7825,658.33466,549.2449
0.15,0.15,0.0,921.89465,547.87775,718.5461,549.15594
0.18,0.15,0.0,983.3225,546.915,779.49615,549.0624
0.21,0.15,0.0,1044.8969,545.8823,841.1708,548.9825
0.24,0.15,0.0,1106.3025,544.804,903.4534,548.7858
0.27,0.15,0.0,1167.4678,543.64435,966.10626,548.6313
0.0,0.18,0.0,623.8941,611.30505,425.14392,608.4793
0.03,0.18,0.0,682.3629,610.8254,482.32413,608.8662
0.06,0.18,0.0,741.5531,610.32666,540.3435,609.1956
0.09,0.18,0.0,801.4631,609.7896,599.2187,609.4632
0.12,0.18,0.0,861.9851,609.2483,658.72534,609.7338
0.15,0.18,0.0,922.95996,608.60474,718.93353,610.009
0.18,0.18,0.0,984.3146,607.8646,779.893,610.298
0.21,0.18,0.0,1045.8083,607.08704,841.52625,610.5923
0.24,0.18,0.0,1107.1677,606.1098,903.75525,610.73254
0.27,0.18,0.0,1168.1946,605.0146,966.3292,610.7917
0.0,0.21,0.0,625.02167,670.33167,425.6478,667.35986
0.03,0.21,0.0,683.4758,670.25256,482.7571,668.1684
0.06,0.21,0.0,742.73206,670.0352,540.8571,668.83997
0.09,0.21,0.0,802.5756,669.82404,599.6661,669.5109
0.12,0.21,0.0,863.02454,669.594,659.06146,670.2392
0.15,0.21,0.0,923.9036,669.18463,719.33167,670.84424
0.18,0.21,0.0,985.1215,668.66266,780.2651,671.4579
0.21,0.21,0.0,1046.5016,668.0581,841.82855,672.0566
0.24,0.21,0.0,1107.7197,667.19855,903.929,672.49915
0.27,0.21,0.0,1168.6082,666.18695,966.3884,672.7927
0.0,0.24,0.0,626.107,729.2987,426.25455,726.063
0.03,0.24,0.0,684.6115,729.54224,483.292,727.3244
0.06,0.24,0.0,743.8544,729.6023,541.3924,728.35645
0.09,0.24,0.0,803.6242,729.7036,600.1095,729.4527
0.12,0.24,0.0,863.92786,729.82104,659.42444,730.59906
0.15,0.24,0.0,924.6621,729.55994,719.65515,731.4874
0.18,0.24,0.0,985.70575,729.23346,780.5242,732.44946
0.21,0.24,0.0,1046.895,728.7911,841.9636,733.3623
0.24,0.24,0.0,1107.9353,727.98206,903.9376,734.01263
0.27,0.24,0.0,1168.6243,726.9753,966.1845,734.51025
0.0,0.27,0.0,627.21466,788.0301,426.95663,784.45624
0.03,0.27,0.0,685.7077,788.54926,483.99957,786.1112
0.06,0.27,0.0,744.87805,788.8703,542.0163,787.5475
0.09,0.27,0.0,804.5306,789.22473,600.57074,789.0534
0.12,0.27,0.0,864.665,789.6894,659.7508,790.71674
0.15,0.27,0.0,925.2471,789.542,719.9374,791.86304
0.18,0.27,0.0,986.0588,789.37115,780.6997,793.03687
0.21,0.27,0.0,1047.0613,789.09436,841.9749,794.3451
0.24,0.27,0.0,1107.7478,788.2142,903.7386,795.01965
0.27,0.27,0.0,1168.207,787.2827,965.7748,795.721
0.0,0.0,0.0,617.2674,240.54462,414.40405,238.03276
0.03,0.0,0.0,678.69025,241.80824,476.71375,239.83414
0.06,0.0,0.0,739.2846,243.15749,538.401,241.7334
0.09,0.0,0.0,799.0611,244.54744,599.46124,243.70676
0.12,0.0,0.0,857.9312,246.06882,659.7792,245.73067
0.15,0.0,0.0,915.7493,247.68369,719.30927,247.8021
0.18,0.0,0.0,972.4792,249.44296,778.066,249.93642
0.21,0.0,0.0,1027.9775,251.34361,835.95026,252.06937
0.24,0.0,0.0,1082.2495,253.37982,892.9287,254.33116
0.27,0.0,0.0,1135.0726,255.58815,948.8949,256.6665
0.0,0.03,0.0,617.623,302.56705,413.6132,299.88437
0.03,0.03,0.0,679.1441,303.45642,476.08826,301.4022
0.06,0.03,0.0,739.8035,304.3532,537.87994,303.00787
0.09,0.03,0.0,799.6405,305.31934,598.98553,304.64392
0.12,0.03,0.0,858.6084,306.3228,659.38196,306.3484
0.15,0.03,0.0,916.55255,307.43323,718.95886,307.95984
0.18,0.03,0.0,973.45483,308.65842,777.7981,309.65668
0.21,0.03,0.0,1029.1669,309.99744,835.7791,311.3679
0.24,0.03,0.0,1083.5695,311.43936,892.86835,313.12723
0.27,0.03,0.0,1136.5181,313.00125,948.993,314.95612
0.0,0.06,0.0,618.0355,364.77637,412.96075,361.98816
0.03,0.06,0.0,679.4963,365.30005,475.51227,363.23587
0.06,0.06,0.0,740.25525,365.7458,537.414,364.47864
0.09,0.06,0.0,800.1502,366.27908,598.5676,365.75525
0.12,0.06,0.0,859.161,366.85608,658.94824,367.08264
0.15,0.06,0.0,917.223,367.45294,718.5575,368.35498
0.18,0.06,0.0,974.2891,368.15952,777.4301,369.56516
0.21,0.06,0.0,1030.1096,368.95084,835.51685,370.83682
0.24,0.06,0.0,1084.591,369.81677,892.69904,372.16733
0.27,0.06,0.0,1137.6747,370.78943,948.9015,373.50507
0.0,0.09,0.0,618.43134,427.0604,412.4059,424.24725
0.03,0.09,0.0,679.87317,427.17603,475.01205,425.1509
0.06,0.09,0.0,740.6633,427.24103,536.94,426.02173
0.09,0.09,0.0,800.59607,427.33664,598.18646,426.9466
0.12,0.09,0.0,859.60767,427.48404,658.50415,427.84555
0.15,0.09,0.0,917.7384,427.6678,718.1142,428.72952
0.18,0.09,0.0,974.95874,427.87363,777.0586,429.55817
0.21,0.09,0.0,1030.8826,428.12704,835.2198,430.4122
0.24,0.09,0.0,1085.3252,428.45807,892.3579,431.31168
0.27,0.09,0.0,1138.5665,428.7788,948.6769,432.19946
0.0,0.12,0.0,618.8069,489.39996,411.9134,486.56952
0.03,0.12,0.0,680.2414,489.0876,474.5555,487.1008
0.06,0.12,0.0,741.07263,488.77325,536.5531,487.6134
0.09,0.12,0.0,801.0175,488.478,597.736,488.11353
0.12,0.12,0.0,859.9816,488.20032,658.0401,488.6098
0.15,0.12,0.0,918.11884,487.92044,717.63513,489.0949
0.18,0.12,0.0,975.4281,487.6598,776.6228,489.58096
0.21,0.12,0.0,1031.4409,487.42905,834.831,490.0552
0.24,0.12,0.0,1085.8124,487.1625,891.93805,490.50583
0.27,0.12,0.0,1139.1693,486.94098,948.3519,490.97345
0.0,0.15,0.0,619.1498,551.75073,411.4834,548.90924
0.03,0.15,0.0,680.6033,551.01056,474.09323,549.05194
0.06,0.15,0.0,741.47064,550.3395,536.1063,549.19556
0.09,0.15,0.0,801.34924,549.6562,597.2882,549.30005
0.12,0.15,0.0,860.3488,548.91486,657.5851,549.39
0.15,0.15,0.0,918.4804,548.23535,717.21747,549.4874
0.18,0.15,0.0,975.7275,547.5034,776.1654,549.59094
0.21,0.15,0.0,1031.7963,546.7424,834.4263,549.7069
0.24,0.15,0.0,1086.1309,545.9397,891.5243,549.7083
0.27,0.15,0.0,1139.3862,545.1173,947.8539,549.7579
0.0,0.18,0.0,619.4392,614.08167,411.11404,611.1765
0.03,0.18,0.0,681.0073,613.00604,473.6901,610.99457
0.06,0.18,0.0,741.7462,611.8998,535.6342,610.77185
0.09,0.18,0.0,801.5887,610.7902,596.7869,610.4588
0.12,0.18,0.0,860.66144,609.6738,657.15344,610.1675
0.15,0.18,0.0,918.72345,608.50055,716.75696,609.88666
0.18,0.18,0.0,975.8413,607.30756,775.68396,609.5974
0.21,0.18,0.0,1031.8175,606.0293,833.8854,609.2974
0.24,0.18,0.0,1086.275,604.6493,891.0407,608.9184
0.27,0.18,0.0,1139.2997,603.2077,947.2005,608.4536
0.0,0.21,0.0,619.7988,676.45715,410.8423,673.321
0.03,0.21,0.0,681.3742,674.9857,473.32935,672.8462
0.06,0.21,0.0,742.03125,673.42175,535.2009,672.24
0.09,0.21,0.0,801.826,671.8462,596.3036,671.54443
0.12,0.21,0.0,860.9088,670.3324,656.72675,670.9276
0.15,0.21,0.0,918.86536,668.6492,716.2829,670.202
0.18,0.21,0.0,975.8025,666.8995,775.1466,669.5006
0.21,0.21,0.0,1031.6978,665.111,833.2928,668.8253
0.24,0.21,0.0,1086.0532,663.1807,890.39014,667.966
0.27,0.21,0.0,1139.0278,661.1637,946.48395,667.0499
0.0,0.24,0.0,620.18695,738.70825,410.71603,735.2482
0.03,0.24,0.0,681.67426,736.8258,473.08832,734.51495
0.06,0.24,0.0,742.2001,734.7436,534.7864,733.5019
0.09,0.24,0.0,802.006,732.7718,595.843,732.5115
0.12,0.24,0.0,861.1062,730.8306,656.3228,731.56226
0.15,0.24,0.0,918.8289,728.56854,715.77026,730.40955
0.18,0.24,0.0,975.5678,726.2895,774.553,729.26624
0.21,0.24,0.0,1031.3978,723.9988,832.6525,728.14545
0.24,0.24,0.0,1085.5265,721.4053,889.5763,726.79694
0.27,0.24,0.0,1138.3704,718.8016,945.55707,725.3553
0.0,0.27,0.0,620.5654,800.6555,410.76352,796.80695
0.03,0.27,0.0,681.9275,798.3117,472.91107,795.7469
0.06,0.27,0.0,742.30444,795.75726,534.4962,794.39545
0.09,0.27,0.0,802.01,793.29565,595.4417,793.1122
0.12,0.27,0.0,861.104,790.98114,655.8659,791.9587
0.15,0.27,0.0,918.57294,788.13226,715.2217,790.2947
0.18,0.27,0.0,975.1331,785.2799,773.8669,788.69354
0.21,0.27,0.0,1030.8645,782.4803,831.9291,787.20416
0.24,0.27,0.0,1084.6294,779.1992,888.5653,785.212
0.27,0.27,0.0,1137.4312,776.01794,944.4855,783.29614
0.0,0.0,0.0,614.9084,257.4875,421.2238,254.95665
0.03,0.0,0.0,674.0744,256.82617,480.1833,254.86336
0.06,0.0,0.0,733.15533,256.21545,539.26544,254.83705
0.09,0.0,0.0,792.1757,255.68912,598.4009,254.85146
0.12,0.0,0.0,850.97375,255.24394,657.5498,254.97202
0.15,0.0,0.0,909.4989,254.99698,716.6361,255.13918
0.18,0.0,0.0,967.5765,254.8563,775.6447,255.37971
0.21,0.0,0.0,1025.0571,254.9163,834.48413,255.66623
0.24,0.0,0.0,1081.8157,255.15956,893.0612,256.0681
0.27,0.0,0.0,1137.7186,255.60843,951.28253,256.63162
0.0,0.03,0.0,615.43506,315.0393,419.78638,312.36884
0.03,0.03,0.0,674.9792,314.36542,479.1664,312.3195
0.06,0.03,0.0,734.42145,313.69244,538.6304,312.36728
0.09,0.03,0.0,793.8127,313.08612,598.1385,312.45493
0.12,0.03,0.0,853.0141,312.56918,657.6332,312.5686
0.15,0.03,0.0,911.9798,312.1297,717.08484,312.6898
0.18,0.03,0.0,970.4971,311.8291,776.45935,312.82742
0.21,0.03,0.0,1028.4128,311.66037,835.69257,313.01874
0.24,0.03,0.0,1085.6642,311.6399,894.70294,313.3125
0.27,0.03,0.0,1141.9357,311.79556,953.35406,313.68973
0.0,0.06,0.0,615.97253,373.32462,418.4132,370.5717
0.03,0.06,0.0,675.8152,372.63898,478.20825,370.6321
0.06,0.06,0.0,735.63904,371.93414,538.0293,370.671
0.09,0.06,0.0,795.3675,371.28397,597.88727,370.75912
0.12,0.06,0.0,854.9613,370.6551,657.69806,370.87027
0.15,0.06,0.0,914.2919,370.12366,717.4737,370.9576
0.18,0.06,0.0,973.2439,369.62228,777.21344,370.99615
0.21,0.06,0.0,1031.62,369.26517,836.82654,371.13492
0.24,0.06,0.0,1089.238,369.01453,896.23425,371.33633
0.27,0.06,0.0,1145.9313,368.8823,955.2469,371.55264
0.0,0.09,0.0,616.5314,432.24896,417.09885,429.46423
0.03,0.09,0.0,676.69446,431.60733,477.26532,429.59354
0.06,0.09,0.0,736.8258,430.81403,537.4371,429.586
0.09,0.09,0.0,796.91486,430.11444,597.6164,429.68826
0.12,0.09,0.0,856.8185,429.49173,657.76166,429.83142
0.15,0.09,0.0,916.54364,428.82812,717.8341,429.91068
0.18,0.09,0.0,975.9159,428.1856,777.9113,429.89905
0.21,0.09,0.0,1034.713,427.61072,837.92944,429.96118
0.24,0.09,0.0,1092.5514,427.205,897.6501,430.08142
0.27,0.09,0.0,1149.6477,426.71866,957.08453,430.1732
0.0,0.12,0.0,617.05975,491.882,415.8567,489.05603
0.03,0.12,0.0,677.5412,491.214,476.37918,489.22162
0.06,0.12,0.0,738.0468,490.3854,536.8577,489.19144
0.09,0.12,0.0,798.4515,489.65005,597.3796,489.28244
0.12,0.12,0.0,858.658,488.9946,657.8197,489.39062
0.15,0.12,0.0,918.7157,488.26974,718.2086,489.46774
0.18,0.12,0.0,978.4422,487.49298,778.6317,489.43256
0.21,0.12,0.0,1037.5714,486.70627,838.9755,489.41803
0.24,0.12,0.0,1095.6692,486.094,898.99854,489.53424
0.27,0.12,0.0,1153.1453,485.32526,958.79095,489.48825
0.0,0.15,0.0,617.5884,552.13,414.65146,549.3377
0.03,0.15,0.0,678.41943,551.40344,475.45938,549.4421
0.06,0.15,0.0,739.22906,550.5913,536.24084,549.4456
0.09,0.15,0.0,799.97546,549.85486,597.0946,549.5013
0.12,0.15,0.0,860.4638,549.1157,657.8822,549.57916
0.15,0.15,0.0,920.8499,548.32715,718.5918,549.62695
0.18,0.15,0.0,980.8188,547.43555,779.3424,549.59534
0.21,0.15,0.0,1040.2618,546.47864,839.96936,549.5719
0.24,0.15,0.0,1098.6464,545.59015,900.31415,549.57166
0.27,0.15,0.0,1156.2336,544.5645,960.34576,549.46906
0.0,0.18,0.0,618.1128,613.0822,413.51968,610.1489
0.03,0.18,0.0,679.2952,612.2997,474.53537,610.2758
0.06,0.18,0.0,740.40765,611.51135,535.66284,610.3377
0.09,0.18,0.0,801.4143,610.72046,596.8376,610.38776
0.12,0.18,0.0,862.2806,609.8717,657.9171,610.40283
0.15,0.18,0.0,922.8729,608.97504,718.9418,610.4324
0.18,0.18,0.0,983.0804,607.96814,779.9741,610.40594
0.21,0.18,0.0,1042.6963,606.85895,840.919,610.35406
0.24,0.18,0.0,1101.3973,605.63824,901.56824,610.2251
0.27,0.18,0.0,1159.0891,604.33673,961.77875,609.9955
0.0,0.21,0.0,618.6605,674.64215,412.4382,671.4992
0.03,0.21,0.0,680.1406,673.8365,473.68756,671.689
0.06,0.21,0.0,741.5449,673.0273,535.1201,671.8142
0.09,0.21,0.0,802.8429,672.1571,596.5645,671.8546
0.12,0.21,0.0,863.9975,671.21875,657.94965,671.86383
0.15,0.21,0.0,924.7884,670.16205,719.3006,671.8298
0.18,0.21,0.0,985.14667,668.953,780.5953,671.7534
0.21,0.21,0.0,1044.9473,667.6129,841.7948,671.6331
0.24,0.21,0.0,1103.8099,666.1299,902.6686,671.36566
0.27,0.21,0.0,1161.6039,664.5052,963.0701,670.9917
0.0,0.24,0.0,619.18915,736.74664,411.43317,733.3017
0.03,0.24,0.0,680.99176,735.9634,472.9314,733.6209
0.06,0.24,0.0,742.65985,735.044,534.61584,733.7949
0.09,0.24,0.0,804.2128,734.08,596.30646,733.8246
0.12,0.24,0.0,865.66266,733.015,658.00354,733.86426
0.15,0.24,0.0,926.5558,731.7312,719.60236,733.7786
0.18,0.24,0.0,987.00073,730.3265,781.14075,733.6227
0.21,0.24,0.0,1046.9738,728.74854,842.59393,733.3628
0.24,0.24,0.0,1105.8647,726.9364,903.5957,732.9127
0.27,0.24,0.0,1163.8213,724.9443,964.15643,732.3024
0.0,0.27,0.0,619.7423,799.22064,410.59344,795.3374
0.03,0.27,0.0,681.7828,798.3753,472.26047,795.77576
0.06,0.27,0.0,743.67834,797.3333,534.17456,796.00037
0.09,0.27,0.0,805.4401,796.2638,596.0644,796.1176
0.12,0.27,0.0,867.11194,795.06335,657.98944,796.22363
0.15,0.27,0.0,928.07294,793.5826,719.8638,795.99976
0.18,0.27,0.0,988.6532,791.8886,781.5891,795.73175
0.21,0.27,0.0,1048.7465,790.0784,843.2303,795.37994
0.24,0.27,0.0,1107.5564,787.8574,904.27905,794.6798
0.27,0.27,0.0,1165.6283,785.47577,965.0051,793.8578
0.0,0.0,0.0,612.6145,245.3476,410.26358,242.79124
0.03,0.0,0.0,674.6395,244.53041,471.98993,242.44894
0.06,0.0,0.0,736.6182,243.78671,533.93317,242.301
0.09,0.0,0.0,798.4899,243.11124,595.97766,242.21254
0.12,0.0,0.0,860.1919,242.62561,658.07623,242.21584
0.15,0.0,0.0,921.53595,242.27211,720.13885,242.29512
0.18,0.0,0.0,982.42865,242.17079,782.10425,242.4479
0.21,0.0,0.0,1042.6388,242.23021,843.92834,242.7642
0.24,0.0,0.0,1101.9897,242.5766,905.46277,243.14784
0.27,0.0,0.0,1160.3915,243.15854,966.5659,243.77986
0.0,0.03,0.0,613.65814,307.6495,411.17847,304.96332
0.03,0.03,0.0,675.441,306.84152,472.73248,304.7549
0.06,0.03,0.0,737.1593,306.05353,534.4633,304.70117
0.09,0.03,0.0,798.7886,305.33197,596.2524,304.66684
0.12,0.03,0.0,860.31323,304.70514,658.0449,304.67303
0.15,0.03,0.0,921.5262,304.19128,719.8492,304.71637
0.18,0.03,0.0,982.2965,303.85382,781.6081,304.791
0.21,0.03,0.0,1042.4277,303.69135,843.2274,304.98032
0.24,0.03,0.0,1101.7667,303.71622,904.5774,305.25748
0.27,0.03,0.0,1160.1272,303.9383,965.51514,305.65137
0.0,0.06,0.0,614.7497,369.52966,412.2076,366.74265
0.03,0.06,0.0,676.2037,368.71906,473.57526,366.66537
0.06,0.06,0.0,737.66644,367.91287,535.0053,366.62112
0.09,0.06,0.0,799.06116,367.14886,596.51324,366.62915
0.12,0.06,0.0,860.33264,366.4657,658.04535,366.67218
0.15,0.06,0.0,921.3508,365.77405,719.52576,366.64984
0.18,0.06,0.0,981.97156,365.26816,781.0075,366.7326
0.21,0.06,0.0,1041.9857,364.90573,842.3754,366.77267
0.24,0.06,0.0,1101.16,364.62787,903.5377,366.935
0.27,0.06,0.0,1159.379,364.5493,964.2817,367.1916
0.0,0.09,0.0,615.78033,430.82352,413.28775,428.03754
0.03,0.09,0.0,676.9459,429.99005,474.4245,427.96744
0.06,0.09,0.0,738.11066,429.23346,535.5805,427.99368
0.09,0.09,0.0,799.2593,428.41226,596.79474,428.00314
0.12,0.09,0.0,860.2534,427.6196,658.008,428.01138
0.15,0.09,0.0,921.026,426.89917,719.1486,427.99686
0.18,0.09,0.0,981.4694,426.26587,780.3364,428.03995
0.21,0.09,0.0,1041.3125,425.70755,841.4638,428.078
0.24,0.09,0.0,1100.2196,425.18503,902.31696,428.13416
0.27,0.09,0.0,1158.3481,424.7913,962.88544,428.2793
0.0,0.12,0.0,616.8154,491.54166,414.46164,488.7336
0.03,0.12,0.0,677.68317,490.65417,475.33597,488.65848
0.06,0.12,0.0,738.55035,489.92932,536.1576,488.74838
0.09,0.12,0.0,799.3822,489.12393,597.07794,488.74295
0.12,0.12,0.0,860.06213,488.24664,657.9417,488.6752
0.15,0.12,0.0,920.5978,487.4707,718.7653,488.68164
0.18,0.12,0.0,980.806,486.7618,779.6572,488.74606
0.21,0.12,0.0,1040.4305,486.0958,840.52496,488.79208
0.24,0.12,0.0,1099.0565,485.2761,901.04315,488.71463
0.27,0.12,0.0,1157.0004,484.62848,961.3599,488.8086
0.0,0.15,0.0,617.8161,551.6127,415.71945,548.77905
0.03,0.15,0.0,678.39185,550.75555,476.19882,548.77716
0.06,0.15,0.0,738.948,550.0716,536.71875,548.89417
0.09,0.15,0.0,799.4827,549.22656,597.35284,548.85626
0.12,0.15,0.0,859.8648,548.341,657.89087,548.75287
0.15,0.15,0.0,920.0828,547.5025,718.4497,548.7407
0.18,0.15,0.0,979.9598,546.675,778.97186,548.8271
0.21,0.15,0.0,1039.3124,545.85565,839.5097,548.88275
0.24,0.15,0.0,1097.6184,544.8379,899.69806,548.7401
0.27,0.15,0.0,1155.2605,543.894,959.6763,548.7209
0.0,0.18,0.0,618.79297,611.12683,416.9876,608.1734
0.03,0.18,0.0,679.07684,610.3631,477.0717,608.26776
0.06,0.18,0.0,739.3396,609.5482,537.2847,608.3256
0.09,0.18,0.0,799.51544,608.67755,597.5724,608.2704
0.12,0.18,0.0,859.6167,607.8122,657.8309,608.2597
0.15,0.18,0.0,919.4364,606.8692,718.0367,608.2316
0.18,0.18,0.0,978.95465,605.9641,778.2596,608.2616
0.21,0.18,0.0,1037.925,604.96,838.43884,608.2895
0.24,0.18,0.0,1096.0631,603.7574,898.3165,608.146
0.27,0.18,0.0,1153.227,602.47614,957.8508,607.91235
0.0,0.21,0.0,619.76227,670.0606,418.3276,666.8906
0.03,0.21,0.0,679.76056,669.30884,478.02435,667.096
0.06,0.21,0.0,739.69434,668.379,537.9204,667.0773
0.09,0.21,0.0,799.5455,667.4829,597.8244,667.0234
0.12,0.21,0.0,859.3015,666.65045,657.7387,667.12665
0.15,0.21,0.0,918.7249,665.5687,717.6434,667.0203
0.18,0.21,0.0,977.79895,664.4568,777.513,666.9825
0.21,0.21,0.0,1036.3981,663.3036,837.3049,666.9857
0.24,0.21,0.0,1094.1569,661.932,896.85345,666.75464
0.27,0.21,0.0,1150.969,660.358,955.99036,666.4139
0.0,0.24,0.0,620.74634,728.3324,419.69345,724.8416
0.03,0.24,0.0,680.4036,727.5715,479.01282,725.1186
0.06,0.24,0.0,739.9768,726.51,538.5654,725.0405
0.09,0.24,0.0,799.4763,725.60565,598.1251,725.1105
0.12,0.24,0.0,858.87354,724.78955,657.66064,725.32166
0.15,0.24,0.0,917.8508,723.48846,717.21704,725.11456
0.18,0.24,0.0,976.4948,722.1882,776.687,725.001
0.21,0.24,0.0,1034.6842,720.9593,836.12286,724.9858
0.24,0.24,0.0,1091.9606,719.2092,895.20496,724.5331
0.27,0.24,0.0,1148.3732,717.43494,953.91693,724.063
0.0,0.27,0.0,621.7074,785.828,421.20883,781.92865
0.03,0.27,0.0,681.02594,784.9478,480.11844,782.2189
0.06,0.27,0.0,740.1841,783.7678,539.2768,782.1522
0.09,0.27,0.0,799.28125,782.8028,598.39264,782.28784
0.12,0.27,0.0,858.3707,782.0279,657.5791,782.68176
0.15,0.27,0.0,916.84937,780.4795,716.73456,782.33765
0.18,0.27,0.0,975.0109,779.0161,775.8344,782.1059
0.21,0.27,0.0,1032.7859,777.64795,834.86444,782.0851
0.24,0.27,0.0,1089.4601,775.5145,893.39734,781.33215
0.27,0.27,0.0,1145.5946,773.5624,951.6846,780.81683
0.0,0.0,0.0,479.1414,358.65405,285.321,354.58423
0.03,0.0,0.0,536.918,356.57803,341.0986,353.01767
0.06,0.0,0.0,595.36835,354.52112,397.94217,351.55942
0.09,0.0,0.0,654.5432,352.4199,455.76068,350.13507
0.12,0.0,0.0,714.50146,350.3373,514.52344,348.76578
0.15,0.0,0.0,775.13904,348.2396,574.03894,347.4378
0.18,0.0,0.0,836.43506,346.16443,634.39,346.07883
0.21,0.0,0.0,898.2726,344.18918,695.424,344.72662
0.24,0.0,0.0,960.55457,342.27722,757.2145,343.35852
0.27,0.0,0.0,1023.01654,340.51236,819.75714,342.01852
0.0,0.03,0.0,480.2457,417.7662,285.40225,413.44638
0.03,0.03,0.0,538.0601,416.08527,341.25385,412.38156
0.06,0.03,0.0,596.56976,414.3832,398.1932,411.36108
0.09,0.03,0.0,655.781,412.68234,456.11066,410.3842
0.12,0.03,0.0,715.7658,410.9671,514.922,409.4476
0.15,0.03,0.0,776.4192,409.23434,574.48456,408.4902
0.18,0.03,0.0,837.7762,407.49078,634.8032,407.54367
0.21,0.03,0.0,899.7301,405.79825,695.8739,406.58377
0.24,0.03,0.0,962.1236,404.16342,757.6975,405.58432
0.27,0.03,0.0,1024.7036,402.57855,820.283,404.58975
0.0,0.06,0.0,481.36362,476.9546,285.64954,472.39758
0.03,0.06,0.0,539.2161,475.64584,341.538,471.83463
0.06,0.06,0.0,597.7516,474.31683,398.51648,471.2764
0.09,0.06,0.0,656.98315,473.00104,456.48175,470.69168
0.12,0.06,0.0,716.95844,471.62906,515.3334,470.16486
0.15,0.06,0.0,777.65936,470.24893,574.8867,469.5904
0.18,0.06,0.0,839.0629,468.8841,635.2278,469.02243
0.21,0.06,0.0,901.0895,467.5117,696.2863,468.4234
0.24,0.06,0.0,963.54004,466.15094,758.1251,467.82898
0.27,0.06,0.0,1026.1561,464.8261,820.7233,467.20557
0.0,0.09,0.0,482.471,536.17303,285.9333,531.3972
0.03,0.09,0.0,540.3941,535.20764,341.9826,531.31384
0.06,0.09,0.0,598.87476,534.26605,398.84906,531.1644
0.09,0.09,0.0,658.1497,533.26526,456.82617,531.04083
0.12,0.09,0.0,718.1821,532.293,515.7676,530.8585
0.15,0.09,0.0,778.8704,531.3105,575.33344,530.6741
0.18,0.09,0.0,840.2943,530.3081,635.6256,530.4686
0.21,0.09,0.0,902.3322,529.33594,696.70996,530.2971
0.24,0.09,0.0,964.7852,528.27374,758.52057,530.1204
0.27,0.09,0.0,1027.4286,527.12494,821.14996,529.9039
0.0,0.12,0.0,483.6218,595.40283,286.4877,590.3459
0.03,0.12,0.0,541.5691,594.8108,342.5354,590.75366
0.06,0.12,0.0,599.99695,594.2449,399.26035,591.1188
0.09,0.12,0.0,659.31335,593.6097,457.2264,591.3666
0.12,0.12,0.0,719.3964,592.97784,516.1905,591.53973
0.15,0.12,0.0,780.12866,592.37445,575.7571,591.743
0.18,0.12,0.0,841.50085,591.7529,636.0318,591.97906
0.21,0.12,0.0,903.5049,591.0896,697.0767,592.19006
0.24,0.12,0.0,965.87067,590.25085,758.9925,592.33765
0.27,0.12,0.0,1028.4739,589.40814,821.5251,592.53406
0.0,0.15,0.0,484.85577,654.55444,287.27304,649.1417
0.03,0.15,0.0,542.7163,654.3642,343.12457,650.0288
0.06,0.15,0.0,601.18286,654.22797,399.8048,650.9469
0.09,0.15,0.0,660.51526,653.98083,457.74274,651.59656
0.12,0.15,0.0,720.559,653.65405,516.6304,652.20526
0.15,0.15,0.0,781.2781,653.4087,576.15894,652.8069
0.18,0.15,0.0,842.63257,653.1427,636.4521,653.4197
0.21,0.15,0.0,904.5492,652.75037,697.487,654.0523
0.24,0.15,0.0,966.79315,652.16583,759.35583,654.54425
0.27,0.15,0.0,1029.2916,651.50885,821.87744,655.082
0.0,0.18,0.0,486.15726,713.6013,288.26733,707.7208
0.03,0.18,0.0,543.87384,713.87714,343.81937,709.18256
0.06,0.18,0.0,602.3698,714.1093,400.52106,710.5291
0.09,0.18,0.0,661.71063,714.2071,458.41623,711.66547
0.12,0.18,0.0,721.69586,714.31024,517.0771,712.7491
0.15,0.18,0.0,782.3657,714.3579,576.586,713.7598
0.18,0.18,0.0,843.62085,714.35706,636.8565,714.79224
0.21,0.18,0.0,905.4176,714.2459,697.8432,715.80695
0.24,0.18,0.0,967.5604,713.8948,759.65326,716.6824
0.27,0.18,0.0,1029.8322,713.3518,822.0979,717.4407
0.0,0.21,0.0,487.46054,772.42285,289.38278,765.9448
0.03,0.21,0.0,545.0956,773.15625,344.75626,767.976
0.06,0.21,0.0,603.628,773.70056,401.45206,769.76276
0.09,0.21,0.0,662.87476,774.2044,459.13586,771.39886
0.12,0.21,0.0,722.7509,774.70306,517.5738,773.07043
0.15,0.21,0.0,783.3507,775.0129,577.046,774.48517
0.18,0.21,0.0,844.50934,775.2384,637.2708,775.8451
0.21,0.21,0.0,906.12036,775.3991,698.1907,777.24
0.24,0.21,0.0,968.0505,775.22363,759.9025,778.4698
0.27,0.21,0.0,1030.1079,774.83215,822.1749,779.52734
0.0,0.24,0.0,488.88583,830.8461,290.7138,823.7149
0.03,0.24,0.0,546.4156,832.0258,345.9132,826.30853
0.06,0.24,0.0,604.91833,832.87726,402.552,828.5153
0.09,0.24,0.0,664.0062,833.8018,459.95853,830.72534
0.12,0.24,0.0,723.71844,834.7274,518.1744,832.9388
0.15,0.24,0.0,784.2202,835.23346,577.57495,834.7175
0.18,0.24,0.0,845.1791,835.6799,637.6938,836.48456
0.21,0.24,0.0,906.61145,836.0925,698.45325,838.30835
0.24,0.24,0.0,968.2685,836.00287,759.99615,839.73895
0.27,0.24,0.0,1030.0454,835.68884,822.1048,841.0717
0.0,0.27,0.0,490.43555,888.78174,292.26706,880.87317
0.03,0.27,0.0,547.8371,890.3097,347.3938,883.89825
0.06,0.27,0.0,606.21356,891.46063,403.83252,886.5997
0.09,0.27,0.0,665.1428,892.77386,460.99924,889.354
0.12,0.27,0.0,724.6131,894.17444,518.87854,892.1797
0.15,0.27,0.0,784.9432,894.828,578.1569,894.30865
0.18,0.27,0.0,845.67944,895.5009,638.0774,896.4548
0.21,0.27,0.0,906.86017,896.12805,698.61456,898.6981
0.24,0.27,0.0,968.2114,896.0083,759.9857,900.22455
0.27,0.27,0.0,1029.7101,895.86896,821.8616,901.8969
