[[-1.47336928e+03  0.00000000e+00  6.41674940e+02]
 [ 0.00000000e+00 -1.47264626e+03  4.79520664e+02]
 [ 0.00000000e+00  0.00000000e+00  1.00000000e+00]] 

	R_L [-0.00188355] [0.18613947] [-3.11542972] 
	T_L [-0.05293676] [-0.05623852] [0.68245722]
1st 0.23771847
	R_L [-0.00803956] [-0.23880673] [-3.1116043] 
	T_L [-0.05292223] [-0.05690526] [0.68226197]
2st 0.17987324
	R_L [-0.20846723] [-0.02615144] [-3.11316627] 
	T_L [-0.0532297] [-0.05659249] [0.6825556]
3st 0.16794973
	R_L [0.19428408] [-0.02444832] [-3.11525249] 
	T_L [-0.05261034] [-0.05656996] [0.68215863]
4st 0.21245072
	R_L [0.00239853] [0.18585814] [-3.11477964] 
	T_L [0.02049099] [-0.00451607] [0.68182566]
5st 0.17744983
	R_L [-0.00846237] [-0.23983242] [-3.11136943] 
	T_L [0.02045878] [-0.00522066] [0.68170012]
6st 0.23096895
	R_L [-0.213236] [-0.02693462] [-3.11255671] 
	T_L [0.02014582] [-0.00489748] [0.6818557]
7st 0.21366527
	R_L [0.19331813] [-0.02631093] [-3.11521128] 
	T_L [0.02079162] [-0.00487515] [0.68162369]
8st 0.18805439
	R_L [0.00842828] [0.18209959] [-3.11535226] 
	T_L [-0.0540237] [0.04582557] [0.68168534]
9st 0.18103469
	R_L [-0.00976203] [-0.24218373] [-3.11166889] 
	T_L [-0.05398381] [0.04507575] [0.6812678]
10st 0.28761551
	R_L [-0.21262282] [-0.02981885] [-3.11307545] 
	T_L [-0.05432682] [0.04542991] [0.68151209]
11st 0.18699263
	R_L [0.19839671] [-0.03198592] [-3.11528359] 
	T_L [-0.05366373] [0.04543037] [0.68128933]
12st 0.24639963
	R_L [0.01417741] [0.18386207] [-3.1154245] 
	T_L [-0.12744085] [-0.00583558] [0.68206592]
13st 0.23125815
	R_L [-0.00794525] [-0.24327911] [-3.111801] 
	T_L [-0.1272642] [-0.00654712] [0.68142955]
14st 0.29036485
	R_L [-0.20795361] [-0.02898358] [-3.11357625] 
	T_L [-0.12767199] [-0.00621082] [0.68203326]
15st 0.17270494
	R_L [0.19929861] [-0.03136082] [-3.11560532] 
	T_L [-0.12699928] [-0.00621858] [0.6814466]
16st 0.28160984
==================================================
RMSE_Stereo verify  0.2216638373791846
=======================================