[[-1.47133151e+03  0.00000000e+00  6.41847702e+02]
 [ 0.00000000e+00 -1.47065003e+03  4.79447137e+02]
 [ 0.00000000e+00  0.00000000e+00  1.00000000e+00]] 

	R_L [-0.0030701] [0.19648705] [-3.11451115] 
	T_L [-0.05285812] [-0.05630652] [0.68141853]
1st 0.11269937
	R_L [-0.00430693] [-0.23049098] [-3.11210924] 
	T_L [-0.05285598] [-0.05703814] [0.68183375]
2st 0.11099967
	R_L [-0.20827117] [-0.01628013] [-3.11301679] 
	T_L [-0.05316793] [-0.05669166] [0.68185227]
3st 0.10691209
	R_L [0.19896307] [-0.01557148] [-3.11491309] 
	T_L [-0.05250838] [-0.05667009] [0.68136669]
4st 0.10911929
	R_L [0.0063233] [0.1943849] [-3.11436087] 
	T_L [0.02055575] [-0.00461737] [0.68146915]
5st 0.10720523
	R_L [-0.00690455] [-0.23165576] [-3.11206069] 
	T_L [0.02052292] [-0.00533029] [0.68187768]
6st 0.10985856
	R_L [-0.21076026] [-0.01829486] [-3.11287847] 
	T_L [0.02021014] [-0.00500283] [0.68185265]
7st 0.09537956
	R_L [0.19605604] [-0.01740253] [-3.11518664] 
	T_L [0.02085501] [-0.00497671] [0.68146102]
8st 0.10360899
	R_L [0.00799925] [0.19352804] [-3.11439774] 
	T_L [-0.05395557] [0.04569673] [0.68151788]
9st 0.10649602
	R_L [-0.00544106] [-0.23268546] [-3.11205359] 
	T_L [-0.05394139] [0.04498083] [0.68184061]
10st 0.10672237
	R_L [-0.20921256] [-0.01968601] [-3.11307178] 
	T_L [-0.05427425] [0.04532667] [0.68187412]
11st 0.10364449
	R_L [0.19711389] [-0.01952092] [-3.11517551] 
	T_L [-0.05362894] [0.04532888] [0.6814657]
12st 0.11030248
	R_L [0.01018238] [0.19587592] [-3.11395993] 
	T_L [-0.1273258] [-0.00597834] [0.68126404]
13st 0.10645196
	R_L [-0.0025373] [-0.2315329] [-3.11201872] 
	T_L [-0.1272861] [-0.00670835] [0.68169894]
14st 0.12041600
	R_L [-0.20633299] [-0.01762682] [-3.11312239] 
	T_L [-0.12763097] [-0.00636593] [0.681788]
15st 0.11331295
	R_L [0.19896402] [-0.01695588] [-3.11487623] 
	T_L [-0.12695839] [-0.00635609] [0.68120617]
16st 0.10686494
==================================================
RMSE_Stereo verify  0.10824887264778012
=======================================