[[-1.45587475e+03  0.00000000e+00  6.43861139e+02]
 [ 0.00000000e+00 -1.45587475e+03  4.83967983e+02]
 [ 0.00000000e+00  0.00000000e+00  1.00000000e+00]] 

	R_L [-0.00316219] [0.18087474] [-3.11587054] 
	T_L [-0.05193456] [-0.05416354] [0.67484054]
1st 0.27022860
	R_L [-0.00959406] [-0.24222479] [-3.1113417] 
	T_L [-0.05192054] [-0.05485185] [0.67461999]
2st 0.18575589
	R_L [-0.20771836] [-0.03031844] [-3.11342739] 
	T_L [-0.05223368] [-0.0545317] [0.67497955]
3st 0.17589583
	R_L [0.18929502] [-0.02846116] [-3.11536757] 
	T_L [-0.05161933] [-0.05450619] [0.67455872]
4st 0.21086099
	R_L [0.00136398] [0.18298095] [-3.11502747] 
	T_L [0.02150549] [-0.00244438] [0.6740002]
5st 0.18589704
	R_L [-0.00982279] [-0.24183301] [-3.11105519] 
	T_L [0.02147455] [-0.00317966] [0.67401752]
6st 0.19410966
	R_L [-0.21090256] [-0.02917769] [-3.11285666] 
	T_L [0.02117273] [-0.00284007] [0.6742142]
7st 0.20472663
	R_L [0.18927616] [-0.0287016] [-3.11521248] 
	T_L [0.02180383] [-0.00281939] [0.6738966]
8st 0.16568692
	R_L [0.00682415] [0.18006181] [-3.11558437] 
	T_L [-0.05301542] [0.04788331] [0.67383433]
9st 0.16481784
	R_L [-0.009776] [-0.24249781] [-3.11161475] 
	T_L [-0.05298887] [0.04712976] [0.67371108]
10st 0.18967958
	R_L [-0.21101744] [-0.03150066] [-3.11342316] 
	T_L [-0.05333272] [0.04748812] [0.6738966]
11st 0.15718925
	R_L [0.19339909] [-0.03238583] [-3.11546822] 
	T_L [-0.05267584] [0.04749108] [0.67358984]
12st 0.19702647
	R_L [0.01171198] [0.17922364] [-3.11592032] 
	T_L [-0.12646359] [-0.00376236] [0.67452041]
13st 0.25949752
	R_L [-0.00935804] [-0.24497752] [-3.11181772] 
	T_L [-0.12630702] [-0.00449142] [0.67402422]
14st 0.25023817
	R_L [-0.20817343] [-0.03230794] [-3.11392341] 
	T_L [-0.12670671] [-0.00414771] [0.67453355]
15st 0.16088404
	R_L [0.19320948] [-0.03362346] [-3.11590853] 
	T_L [-0.12604367] [-0.00414842] [0.67396565]
16st 0.25873079
==================================================
RMSE_Stereo verify  0.20524168932492964
=====================================