[[-1.47336928e+03  0.00000000e+00  6.41674940e+02]
 [ 0.00000000e+00 -1.47264626e+03  4.79520664e+02]
 [ 0.00000000e+00  0.00000000e+00  1.00000000e+00]] 

	R_L [-0.00188355] [0.18613946] [-3.11542972] 
	T_L [0.07926746] [0.08055897] [0.69853492]
1st 0.23771838
	R_L [-0.00803956] [-0.23880674] [-3.1116043] 
	T_L [0.07919022] [0.07923467] [0.66076262]
2st 0.17987326
	R_L [-0.20846723] [-0.02615144] [-3.11316627] 
	T_L [0.07750853] [0.08108141] [0.66247042]
3st 0.16794918
	R_L [0.19428408] [-0.02444832] [-3.11525249] 
	T_L [0.07872748] [0.08123794] [0.69662793]
4st 0.21245113
	R_L [0.00239853] [0.18585815] [-3.11477964] 
	T_L [0.15258153] [0.13234962] [0.6982535]
5st 0.17745036
	R_L [-0.00846237] [-0.23983242] [-3.11136943] 
	T_L [0.15254684] [0.13092273] [0.66007326]
6st 0.23096829
	R_L [-0.213236] [-0.02693462] [-3.11255671] 
	T_L [0.15078184] [0.13280364] [0.66129761]
7st 0.21366592
	R_L [0.19331813] [-0.02631093] [-3.11521128] 
	T_L [0.15213724] [0.13295085] [0.69584781]
8st 0.18805548
	R_L [0.00842828] [0.18209959] [-3.11535226] 
	T_L [0.07808425] [0.18265228] [0.69829688]
9st 0.18103482
	R_L [-0.00976203] [-0.24218373] [-3.11166889] 
	T_L [0.07816098] [0.18111504] [0.6593345]
10st 0.28761537
	R_L [-0.21262282] [-0.02981885] [-3.11307545] 
	T_L [0.07636936] [0.18304389] [0.66075381]
11st 0.18699201
	R_L [0.19839671] [-0.03198592] [-3.11528359] 
	T_L [0.07772323] [0.18322316] [0.69545329]
12st 0.24639919
	R_L [0.0141774] [0.18386207] [-3.1154245] 
	T_L [0.0046609] [0.13091765] [0.69931941]
13st 0.23125880
	R_L [-0.00794525] [-0.24327911] [-3.111801] 
	T_L [0.00492259] [0.12946162] [0.65956002]
14st 0.29036584
	R_L [-0.20795361] [-0.02898358] [-3.11357625] 
	T_L [0.00311152] [0.13139016] [0.66174418]
15st 0.17270500
	R_L [0.19929861] [-0.03136082] [-3.11560532] 
	T_L [0.00442646] [0.13152343] [0.69574394]
16st 0.28160974
==================================================
RMSE_Stereo verify  0.2216639614928291
======================================