[[-1.47133151e+03  0.00000000e+00  6.41847702e+02]
 [ 0.00000000e+00 -1.47065003e+03  4.79447137e+02]
 [ 0.00000000e+00  0.00000000e+00  1.00000000e+00]] 

	R_L [-0.0030701] [0.19648705] [-3.11451115] 
	T_L [0.07931479] [0.08042463] [0.69829804]
1st 0.11269989
	R_L [-0.00430693] [-0.23049098] [-3.11210924] 
	T_L [0.07926512] [0.07925315] [0.66137153]
2st 0.11100128
	R_L [-0.20827117] [-0.01628013] [-3.11301679] 
	T_L [0.0775979] [0.08108129] [0.66264514]
3st 0.10691308
	R_L [0.19896307] [-0.01557148] [-3.11491309] 
	T_L [0.07871897] [0.08111499] [0.69700814]
4st 0.10911904
	R_L [0.0063233] [0.1943849] [-3.11436087] 
	T_L [0.15263883] [0.13212217] [0.69897223]
5st 0.10720511
	R_L [-0.00690455] [-0.23165577] [-3.11206069] 
	T_L [0.15263232] [0.13092361] [0.66109345]
6st 0.10985843
	R_L [-0.21076026] [-0.01829486] [-3.11287847] 
	T_L [0.15093989] [0.13274982] [0.66225817]
7st 0.09537921
	R_L [0.19605604] [-0.01740253] [-3.11518664] 
	T_L [0.15213635] [0.13280252] [0.69669575]
8st 0.10360855
	R_L [0.00799925] [0.19352804] [-3.11439774] 
	T_L [0.07811622] [0.18243835] [0.69908982]
9st 0.10649363
	R_L [-0.00544106] [-0.23268546] [-3.11205359] 
	T_L [0.07818697] [0.18122193] [0.66109311]
10st 0.10672155
	R_L [-0.20921256] [-0.01968601] [-3.11307178] 
	T_L [0.07647959] [0.18305786] [0.6622896]
11st 0.10364439
	R_L [0.19711389] [-0.01952092] [-3.11517551] 
	T_L [0.07766241] [0.18310897] [0.69660604]
12st 0.11030087
	R_L [0.01018237] [0.19587592] [-3.11395993] 
	T_L [0.00469356] [0.13076266] [0.69923037]
13st 0.10645225
	R_L [-0.0025373] [-0.2315329] [-3.11201872] 
	T_L [0.00484457] [0.12958272] [0.6612972]
14st 0.12041625
	R_L [-0.206333] [-0.01762682] [-3.11312239] 
	T_L [0.00314798] [0.13140116] [0.66262814]
15st 0.11331227
	R_L [0.19896402] [-0.01695588] [-3.11487623] 
	T_L [0.00427251] [0.13143927] [0.69672682]
16st 0.10686470
==================================================
RMSE_Stereo verify  0.10824866316603912
==========================================