[[-1.45587475e+03  0.00000000e+00  6.43861139e+02]
 [ 0.00000000e+00 -1.45587475e+03  4.83967983e+02]
 [ 0.00000000e+00  0.00000000e+00  1.00000000e+00]] 

	R_L [-0.00316219] [0.18087475] [-3.11587054] 
	T_L [0.08029343] [0.08267664] [0.69034954]
1st 0.27022857
	R_L [-0.00959406] [-0.24222479] [-3.1113417] 
	T_L [0.08018102] [0.08123028] [0.65269203]
2st 0.18575569
	R_L [-0.20771837] [-0.03031844] [-3.11342739] 
	T_L [0.07852407] [0.08307955] [0.65459433]
3st 0.17589405
	R_L [0.18929502] [-0.02846116] [-3.11536757] 
	T_L [0.07976719] [0.08333456] [0.68825222]
4st 0.21086053
	R_L [0.00136398] [0.18298095] [-3.11502747] 
	T_L [0.15361198] [0.13444627] [0.69008839]
5st 0.18589813
	R_L [-0.00982279] [-0.24183301] [-3.11105519] 
	T_L [0.15353119] [0.13294752] [0.65209867]
6st 0.19410985
	R_L [-0.21090256] [-0.02917769] [-3.11285666] 
	T_L [0.15184696] [0.13482514] [0.65365845]
7st 0.20472630
	R_L [0.18927616] [-0.0287016] [-3.11521248] 
	T_L [0.15317058] [0.13504252] [0.68756672]
8st 0.16568727
	R_L [0.00682415] [0.18006182] [-3.11558437] 
	T_L [0.07911666] [0.18472469] [0.69013022]
9st 0.16481851
	R_L [-0.009776] [-0.24249781] [-3.11161475] 
	T_L [0.0791517] [0.18316849] [0.65174889]
10st 0.18967890
	R_L [-0.21101744] [-0.03150066] [-3.11342316] 
	T_L [0.07740893] [0.1850573] [0.65312775]
11st 0.15718892
	R_L [0.19339909] [-0.03238583] [-3.11546822] 
	T_L [0.07874554] [0.18529768] [0.68729263]
12st 0.19702487
	R_L [0.01171197] [0.17922364] [-3.11592032] 
	T_L [0.00568331] [0.13302364] [0.69115732]
13st 0.25949810
	R_L [-0.00935804] [-0.24497753] [-3.11181772] 
	T_L [0.00589032] [0.13146421] [0.65188974]
14st 0.25023871
	R_L [-0.20817343] [-0.03230794] [-3.11392341] 
	T_L [0.0041094] [0.13337636] [0.65393557]
15st 0.16088459
	R_L [0.19320948] [-0.03362346] [-3.11590853] 
	T_L [0.00544698] [0.13360413] [0.68754681]
16st 0.25873091
==================================================
RMSE_Stereo verify  0.2052416271570554
===============================