0.0,0.0,0.0,477.4812,164.60753,289.42477,161.13345
0.03,0.0,0.0,534.178,161.02486,344.1796,157.62666
0.06,0.0,0.0,591.6784,157.55269,400.076,154.28552
0.09,0.0,0.0,649.9513,154.13893,456.99063,151.07118
0.12,0.0,0.0,709.00903,150.89673,514.9296,148.01566
0.15,0.0,0.0,768.718,147.71164,573.72644,145.08128
0.18,0.0,0.0,829.0154,144.70677,633.35205,142.26698
0.21,0.0,0.0,889.7517,141.91988,693.68677,139.53264
0.24,0.0,0.0,950.77765,139.38107,754.7343,136.91524
0.27,0.0,0.0,1011.98584,137.1454,816.36945,134.46796
0.0,0.03,0.0,478.18597,222.11612,288.88843,218.38542
0.03,0.03,0.0,535.0516,218.97592,343.87576,215.43944
0.06,0.03,0.0,592.7054,215.88387,399.96478,212.61853
0.09,0.03,0.0,651.16266,212.87668,457.1425,209.93095
0.12,0.03,0.0,710.36597,209.91304,515.20935,207.37444
0.15,0.03,0.0,770.2458,207.0669,574.1839,204.85622
0.18,0.03,0.0,830.7456,204.25023,633.92267,202.39455
0.21,0.03,0.0,891.7151,201.6472,694.4152,200.00516
0.24,0.03,0.0,953.06146,199.2624,755.6295,197.71065
0.27,0.03,0.0,1014.58014,197.12186,817.46466,195.5044
0.0,0.06,0.0,479.04156,280.07166,288.56845,276.10458
0.03,0.06,0.0,536.0333,277.38406,343.74698,273.73773
0.06,0.06,0.0,593.8112,274.7275,400.03687,271.42896
0.09,0.06,0.0,652.3618,272.09372,457.35077,269.25122
0.12,0.06,0.0,711.6707,269.47717,515.59314,267.13953
0.15,0.06,0.0,771.6645,266.8969,574.6265,265.06985
0.18,0.06,0.0,832.31335,264.3813,634.47986,263.0073
0.21,0.06,0.0,893.5039,261.9756,695.09766,260.96597
0.24,0.06,0.0,955.1076,259.75403,756.40765,259.00296
0.27,0.06,0.0,1016.82886,257.7114,818.3813,257.0764
0.0,0.09,0.0,479.958,338.32913,288.38577,334.17352
0.03,0.09,0.0,537.08246,336.08514,343.87564,332.3572
0.06,0.09,0.0,594.9067,333.7795,400.18604,330.56036
0.09,0.09,0.0,653.51886,331.5316,457.645,328.82843
0.12,0.09,0.0,712.92786,329.34207,516.03314,327.19452
0.15,0.09,0.0,772.9918,327.08557,575.1534,325.56918
0.18,0.09,0.0,833.76715,324.81927,635.0282,323.89664
0.21,0.09,0.0,895.1265,322.69995,695.70123,322.26157
0.24,0.09,0.0,956.8861,320.70374,757.12646,320.64462
0.27,0.09,0.0,1018.8877,318.80466,819.1688,318.98862
0.0,0.12,0.0,480.99982,396.7835,288.5152,392.60004
0.03,0.12,0.0,538.2294,394.94635,344.14023,391.2481
0.06,0.12,0.0,596.004,393.0267,400.4771,389.89328
0.09,0.12,0.0,654.7075,391.1574,458.0407,388.6423
0.12,0.12,0.0,714.2017,389.3263,516.587,387.44952
0.15,0.12,0.0,774.32635,387.41312,575.73505,386.2241
0.18,0.12,0.0,835.1698,385.51364,635.61237,384.96423
0.21,0.12,0.0,896.62854,383.66043,696.281,383.68954
0.24,0.12,0.0,958.526,381.95416,757.76324,382.44052
0.27,0.12,0.0,1020.68317,380.22842,819.8751,381.10977
0.0,0.15,0.0,482.10352,455.31705,288.85495,451.09787
0.03,0.15,0.0,539.3411,453.8652,344.47556,450.26068
0.06,0.15,0.0,597.16626,452.36145,400.90555,449.41095
0.09,0.15,0.0,655.91394,450.86804,458.54697,448.55774
0.12,0.15,0.0,715.41296,449.38507,517.1013,447.7404
0.15,0.15,0.0,775.5885,447.87762,576.28156,446.9173
0.18,0.15,0.0,836.4895,446.35568,636.1815,446.0545
0.21,0.15,0.0,898.0318,444.82736,696.80865,445.1595
0.24,0.15,0.0,960.00287,443.35602,758.30286,444.30838
0.27,0.15,0.0,1022.24646,441.91513,820.4977,443.37665
0.0,0.18,0.0,483.25516,513.93976,289.343,509.68634
0.03,0.18,0.0,540.4438,512.84064,344.84546,509.3171
0.06,0.18,0.0,598.3896,511.76733,401.46222,508.9331
0.09,0.18,0.0,657.1214,510.639,459.11594,508.508
0.12,0.18,0.0,716.60693,509.53192,517.6024,508.04413
0.15,0.18,0.0,776.8113,508.4007,576.77313,507.60233
0.18,0.18,0.0,837.76965,507.27036,636.7079,507.1424
0.21,0.18,0.0,899.31744,506.0619,697.40784,506.6764
0.24,0.18,0.0,961.3472,504.8936,758.81445,506.1486
0.27,0.18,0.0,1023.6015,503.71863,821.07385,505.60016
0.0,0.21,0.0,484.43027,572.59924,289.92758,568.27094
0.03,0.21,0.0,541.6132,571.87714,345.38248,568.4147
0.06,0.21,0.0,599.63586,571.15704,402.08014,568.4274
0.09,0.21,0.0,658.37585,570.4165,459.68704,568.4298
0.12,0.21,0.0,717.81085,569.68207,518.0445,568.3881
0.15,0.21,0.0,778.0534,568.9388,577.31146,568.3145
0.18,0.21,0.0,839.00757,568.13385,637.2762,568.21027
0.21,0.21,0.0,900.5463,567.34247,697.92645,568.1363
0.24,0.21,0.0,962.5462,566.44366,759.3562,568.03827
0.27,0.21,0.0,1024.7904,565.5032,821.6282,567.94464
0.0,0.24,0.0,485.53766,631.2226,290.58218,626.77216
0.03,0.24,0.0,542.7506,630.9154,346.05872,627.3897
0.06,0.24,0.0,600.85175,630.527,402.78427,627.88745
0.09,0.24,0.0,659.5593,630.19995,460.30676,628.30664
0.12,0.24,0.0,718.9573,629.8919,518.505,628.7312
0.15,0.24,0.0,779.2596,629.47485,577.8009,629.01715
0.18,0.24,0.0,840.1744,629.0462,637.7679,629.3081
0.21,0.24,0.0,901.67053,628.57947,698.4191,629.6513
0.24,0.24,0.0,963.6033,627.9423,759.9258,629.9258
0.27,0.24,0.0,1025.753,627.2329,822.0734,630.191
0.0,0.27,0.0,486.71042,689.8142,291.40738,685.1034
0.03,0.27,0.0,543.97736,689.8645,346.8679,686.2089
0.06,0.27,0.0,602.07227,689.85614,403.56848,687.1029
0.09,0.27,0.0,660.78265,689.9075,460.9411,688.0297
0.12,0.27,0.0,720.1353,690.07275,518.96545,688.98126
0.15,0.27,0.0,780.412,689.9125,578.3391,689.6463
0.18,0.27,0.0,841.26324,689.8125,638.2816,690.35345
0.21,0.27,0.0,902.6694,689.68207,698.8731,691.1487
0.24,0.27,0.0,964.44727,689.23834,760.37537,691.6932
0.27,0.27,0.0,1026.4279,688.72876,822.4683,692.28754
0.0,0.0,0.0,470.65228,348.58575,267.98752,344.2558
0.03,0.0,0.0,532.84564,348.99826,330.557,345.16373
0.06,0.0,0.0,594.38556,349.50726,392.90253,346.18686
0.09,0.0,0.0,655.2099,350.01083,454.8467,347.30597
0.12,0.0,0.0,715.3364,350.54935,516.23987,348.50946
0.15,0.0,0.0,774.7161,351.09363,576.953,349.74673
0.18,0.0,0.0,833.32263,351.69913,636.8882,350.98312
0.21,0.0,0.0,891.0747,352.35068,696.1068,352.16354
0.24,0.0,0.0,947.8843,353.10464,754.5485,353.35196
0.27,0.0,0.0,1003.5931,353.9326,812.2853,354.5596
0.0,0.03,0.0,470.91928,410.72327,267.28375,406.31372
0.03,0.03,0.0,533.1757,410.83957,329.97986,407.00656
0.06,0.03,0.0,594.7765,410.94672,392.42938,407.78165
0.09,0.03,0.0,655.58795,411.10208,454.42633,408.5985
0.12,0.03,0.0,715.7451,411.26746,515.89984,409.46783
0.15,0.03,0.0,775.1555,411.45193,576.63885,410.3266
0.18,0.03,0.0,833.8245,411.6346,636.6004,411.20346
0.21,0.03,0.0,891.6596,411.86053,695.8227,412.0431
0.24,0.03,0.0,948.5329,412.15506,754.3178,412.81985
0.27,0.03,0.0,1004.3459,412.54636,812.0706,413.65247
0.0,0.06,0.0,471.2266,472.94287,266.78278,468.50357
0.03,0.06,0.0,533.51965,472.7062,329.5081,468.94406
0.06,0.06,0.0,595.1064,472.48697,392.02554,469.44208
0.09,0.06,0.0,655.9782,472.2876,454.10922,469.95853
0.12,0.06,0.0,716.1556,472.08405,515.5828,470.45386
0.15,0.06,0.0,775.57025,471.8703,576.32697,470.97476
0.18,0.06,0.0,834.2896,471.6632,636.30365,471.4413
0.21,0.06,0.0,892.1477,471.50058,695.54584,471.89267
0.24,0.06,0.0,949.09705,471.3592,754.0224,472.35196
0.27,0.06,0.0,1004.936,471.23663,811.81165,472.79108
0.0,0.09,0.0,471.56125,535.27246,266.45355,530.7266
0.03,0.09,0.0,533.8698,534.6496,329.20526,531.00604
0.06,0.09,0.0,595.4946,534.0464,391.71127,531.18585
0.09,0.09,0.0,656.39905,533.46954,453.79233,531.31665
0.12,0.09,0.0,716.5235,532.86896,515.25714,531.4262
0.15,0.09,0.0,775.93066,532.3325,575.9853,531.5608
0.18,0.09,0.0,834.72485,531.7472,635.99634,531.6589
0.21,0.09,0.0,892.6427,531.18994,695.2461,531.7311
0.24,0.09,0.0,949.4895,530.6051,753.70526,531.8038
0.27,0.09,0.0,1005.37036,530.0028,811.5436,531.8986
0.0,0.12,0.0,471.988,597.5446,266.29037,592.8919
0.03,0.12,0.0,534.2397,596.57367,329.0418,592.9022
0.06,0.12,0.0,595.8983,595.6583,391.45453,592.8553
0.09,0.12,0.0,656.7948,594.6843,453.4927,592.6636
0.12,0.12,0.0,716.8559,593.70245,514.9188,592.3925
0.15,0.12,0.0,776.29456,592.77045,575.614,592.1363
0.18,0.12,0.0,835.07935,591.8423,635.677,591.86224
0.21,0.12,0.0,893.0476,590.8959,694.95703,591.6359
0.24,0.12,0.0,949.73486,589.8332,753.3535,591.30914
0.27,0.12,0.0,1005.6258,588.7805,811.2103,591.0396
0.0,0.15,0.0,472.42545,659.7466,266.42743,654.85547
0.03,0.15,0.0,534.63715,658.4505,328.99908,654.6606
0.06,0.15,0.0,596.2811,657.21796,391.2993,654.40485
0.09,0.15,0.0,657.1642,655.891,453.2707,653.9194
0.12,0.15,0.0,717.23584,654.5187,514.62036,653.3394
0.15,0.15,0.0,776.65186,653.1832,575.3035,652.718
0.18,0.15,0.0,835.3508,651.8617,635.34656,652.1037
0.21,0.15,0.0,893.26337,650.50836,694.6861,651.51764
0.24,0.15,0.0,949.92474,648.9678,753.0472,650.78076
0.27,0.15,0.0,1005.64453,647.4029,810.78906,650.09
0.0,0.18,0.0,472.9497,721.79675,266.77753,716.54626
0.03,0.18,0.0,535.10974,720.2585,329.09763,716.23645
0.06,0.18,0.0,596.65393,718.6487,391.28522,715.70135
0.09,0.18,0.0,657.49164,716.97485,453.11047,714.9692
0.12,0.18,0.0,717.59143,715.2631,514.3585,714.1211
0.15,0.18,0.0,776.95734,713.5176,575.0015,713.1656
0.18,0.18,0.0,835.53046,711.73474,634.9782,712.2274
0.21,0.18,0.0,893.2965,709.9288,694.23486,711.24695
0.24,0.18,0.0,949.9553,707.93616,752.6881,710.1726
0.27,0.18,0.0,1005.4583,705.8367,810.3046,709.00366
0.0,0.21,0.0,473.6324,783.5634,267.36615,777.7748
0.03,0.21,0.0,535.65186,781.79333,329.4778,777.3739
0.06,0.21,0.0,597.08246,779.8027,391.42566,776.60724
0.09,0.21,0.0,657.8117,777.7802,453.06128,775.6833
0.12,0.21,0.0,717.9171,775.7706,514.2188,774.6348
0.15,0.21,0.0,777.1464,773.58405,574.7348,773.3739
0.18,0.21,0.0,835.6001,771.3107,634.5907,772.0388
0.21,0.21,0.0,893.2238,769.0365,693.7831,770.70416
0.24,0.21,0.0,949.7483,766.5656,752.1912,769.21735
0.27,0.21,0.0,1005.07324,763.915,809.7023,767.66943
0.0,0.24,0.0,474.46814,844.8579,268.22617,838.47205
0.03,0.24,0.0,536.2952,842.8453,330.02664,837.9813
0.06,0.24,0.0,597.5309,840.49133,391.77106,836.9765
0.09,0.24,0.0,658.1744,838.21515,453.1655,835.9356
0.12,0.24,0.0,718.2118,835.9062,514.1495,834.74347
0.15,0.24,0.0,777.2402,833.17725,574.50256,833.1271
0.18,0.24,0.0,835.544,830.49884,634.22894,831.4704
0.21,0.24,0.0,893.01196,827.74805,693.36053,829.8256
0.24,0.24,0.0,949.256,824.67615,751.57007,827.86835
0.27,0.24,0.0,1004.443,821.4937,809.0173,825.87054
0.0,0.27,0.0,475.46158,905.46906,269.42343,898.44116
0.03,0.27,0.0,537.05396,903.1748,330.9202,897.76776
0.06,0.27,0.0,598.0305,900.4709,392.31177,896.6036
0.09,0.27,0.0,658.50446,897.89233,453.42148,895.4102
0.12,0.27,0.0,718.4058,895.41876,514.21204,894.20184
0.15,0.27,0.0,777.21454,892.165,574.33093,892.22504
0.18,0.27,0.0,835.26575,888.97375,633.86395,890.26337
0.21,0.27,0.0,892.6543,885.8701,692.8894,888.36487
0.24,0.27,0.0,948.48346,882.1268,750.8296,885.88586
0.27,0.27,0.0,1003.52045,878.4685,808.15155,883.5481
0.0,0.0,0.0,475.44455,360.1646,281.90857,355.91382
0.03,0.0,0.0,534.5315,359.3593,340.35458,355.5769
0.06,0.0,0.0,593.6521,358.5866,399.22098,355.3519
0.09,0.0,0.0,652.8123,357.8092,458.38556,355.1706
0.12,0.0,0.0,712.0096,357.0879,517.7424,355.0682
0.15,0.0,0.0,771.1922,356.39792,577.1345,355.0689
0.18,0.0,0.0,830.2617,355.7356,636.4944,354.9997
0.21,0.0,0.0,889.18646,355.12024,695.86115,354.8898
0.24,0.0,0.0,947.79083,354.6176,755.14935,354.85565
0.27,0.0,0.0,1005.947,354.19855,814.35986,354.78165
0.0,0.03,0.0,475.16397,418.33026,279.8488,413.99283
0.03,0.03,0.0,534.58234,417.53983,338.67572,413.78662
0.06,0.03,0.0,594.1025,416.7938,397.95175,413.65717
0.09,0.03,0.0,653.5897,416.04544,457.48743,413.5698
0.12,0.03,0.0,713.1112,415.30646,517.2193,413.5228
0.15,0.03,0.0,772.6038,414.58893,576.9292,413.46054
0.18,0.03,0.0,832.0579,413.86404,636.6293,413.40433
0.21,0.03,0.0,891.3461,413.18143,696.2658,413.34808
0.24,0.03,0.0,950.3293,412.55652,755.89197,413.24295
0.27,0.03,0.0,1008.87714,411.98605,815.45605,413.11612
0.0,0.06,0.0,474.90363,477.1638,277.92078,472.79016
0.03,0.06,0.0,534.68976,476.42215,337.08606,472.71622
0.06,0.06,0.0,594.5318,475.65286,396.7089,472.65982
0.09,0.06,0.0,654.3345,474.90677,456.60306,472.6091
0.12,0.06,0.0,714.2176,474.19574,516.6814,472.56622
0.15,0.06,0.0,774.0254,473.4213,576.70386,472.50717
0.18,0.06,0.0,833.84674,472.66336,636.71844,472.42828
0.21,0.06,0.0,893.47876,471.95956,696.66223,472.3344
0.24,0.06,0.0,952.8141,471.23416,756.59247,472.23444
0.27,0.06,0.0,1011.66296,470.54904,816.4951,472.10892
0.0,0.09,0.0,474.66974,536.65,276.11368,532.1759
0.03,0.09,0.0,534.8382,535.9398,335.6241,532.30994
0.06,0.09,0.0,594.95667,535.1675,395.4999,532.26605
0.09,0.09,0.0,655.1432,534.42444,455.7142,532.2726
0.12,0.09,0.0,715.3084,533.69995,516.0971,532.24225
0.15,0.09,0.0,775.43164,532.9493,576.4674,532.1968
0.18,0.09,0.0,835.58246,532.1551,636.7708,532.0527
0.21,0.09,0.0,895.58386,531.3656,697.0713,531.9598
0.24,0.09,0.0,955.1663,530.57275,757.29865,531.8617
0.27,0.09,0.0,1014.3438,529.71265,817.54,531.70874
0.0,0.12,0.0,474.49707,596.786,274.4799,592.2089
0.03,0.12,0.0,534.98676,596.1248,334.28384,592.4357
0.06,0.12,0.0,595.401,595.3375,394.34637,592.50745
0.09,0.12,0.0,655.90686,594.5887,454.86526,592.5762
0.12,0.12,0.0,716.39166,593.86523,515.556,592.54767
0.15,0.12,0.0,776.843,593.10815,576.19745,592.4784
0.18,0.12,0.0,837.3279,592.26086,636.85925,592.346
0.21,0.12,0.0,897.60297,591.38885,697.4831,592.2415
0.24,0.12,0.0,957.41644,590.51764,758.0074,592.1376
0.27,0.12,0.0,1016.8506,589.5013,818.5295,591.9606
0.0,0.15,0.0,474.40268,657.5068,273.08066,652.676
0.03,0.15,0.0,535.1405,656.8593,333.00677,653.0662
0.06,0.15,0.0,595.8589,656.12933,393.29425,653.2891
0.09,0.15,0.0,656.694,655.3916,454.06152,653.4264
0.12,0.15,0.0,717.5171,654.6314,514.97906,653.44836
0.15,0.15,0.0,778.2587,653.838,575.9434,653.39056
0.18,0.15,0.0,838.9925,652.9671,636.8996,653.2908
0.21,0.15,0.0,899.5252,652.006,697.8573,653.1415
0.24,0.15,0.0,959.55817,650.9767,758.6954,652.9903
0.27,0.15,0.0,1019.1338,649.7662,819.4713,652.7796
0.0,0.18,0.0,474.38428,718.73175,271.87024,713.49927
0.03,0.18,0.0,535.31616,718.1619,331.87878,714.1052
0.06,0.18,0.0,596.3916,717.4943,392.4055,714.516
0.09,0.18,0.0,657.4819,716.78955,453.30084,714.75684
0.12,0.18,0.0,718.567,716.0179,514.40454,714.8527
0.15,0.18,0.0,779.6176,715.11694,575.6904,714.85266
0.18,0.18,0.0,840.5215,714.1732,636.9628,714.7896
0.21,0.18,0.0,901.2954,713.113,698.17365,714.61786
0.24,0.18,0.0,961.54474,711.872,759.31647,714.4118
0.27,0.18,0.0,1021.19867,710.4253,820.3009,714.0587
0.0,0.21,0.0,474.46423,780.30597,270.89618,774.52435
0.03,0.21,0.0,535.6206,779.82983,330.97684,775.38965
0.06,0.21,0.0,596.93274,779.2277,391.68335,775.9866
0.09,0.21,0.0,658.259,778.51135,452.75436,776.37054
0.12,0.21,0.0,719.6219,777.7035,514.0137,776.5929
0.15,0.21,0.0,780.8947,776.7696,575.4933,776.6392
0.18,0.21,0.0,842.0167,775.6698,636.9756,776.5977
0.21,0.21,0.0,902.87573,774.45044,698.4502,776.4039
0.24,0.21,0.0,963.2829,773.0067,759.83734,776.1325
0.27,0.21,0.0,1023.0111,771.319,821.04877,775.69666
0.0,0.24,0.0,474.69434,842.05286,270.18933,835.67487
0.03,0.24,0.0,536.0293,841.7494,330.30765,836.78455
0.06,0.24,0.0,597.52673,841.15204,391.18555,837.5488
0.09,0.24,0.0,659.07715,840.4458,452.29813,838.1428
0.12,0.24,0.0,720.6404,839.68427,513.6628,838.52594
0.15,0.24,0.0,782.05054,838.56696,575.32605,838.6205
0.18,0.24,0.0,843.3122,837.3494,636.9999,838.5934
0.21,0.24,0.0,904.3145,835.972,698.6727,838.4446
0.24,0.24,0.0,964.71497,834.22516,760.2405,838.0227
0.27,0.24,0.0,1024.5149,832.2579,821.604,837.46765
0.0,0.27,0.0,475.09094,903.7699,269.78665,896.623
0.03,0.27,0.0,536.58746,903.5543,330.01108,898.0259
0.06,0.27,0.0,598.1947,903.00934,390.83725,898.9986
0.09,0.27,0.0,659.84985,902.3523,452.02155,899.7969
0.12,0.27,0.0,721.55206,901.6394,513.4457,900.4794
0.15,0.27,0.0,783.08734,900.3668,575.22614,900.60675
0.18,0.27,0.0,844.3937,898.95294,637.0153,900.57965
0.21,0.27,0.0,905.5193,897.4272,698.84576,900.4543
0.24,0.27,0.0,965.84906,895.2927,760.4952,899.8446
0.27,0.27,0.0,1025.6791,893.0618,821.9688,899.1642
0.0,0.0,0.0,466.51685,352.97775,264.3702,348.6685
0.03,0.0,0.0,528.4288,352.00217,325.411,348.16077
0.06,0.0,0.0,590.4912,351.06232,387.06454,347.77734
0.09,0.0,0.0,652.51,350.21243,449.03378,347.47018
0.12,0.0,0.0,714.6414,349.36664,511.31186,347.26907
0.15,0.0,0.0,776.787,348.5058,573.66364,347.15704
0.18,0.0,0.0,838.8552,347.7492,636.0177,347.00748
0.21,0.0,0.0,900.73895,347.05112,698.3931,346.84958
0.24,0.0,0.0,962.3014,346.50894,760.7866,346.7364
0.27,0.0,0.0,1023.3133,346.13446,823.0303,346.67615
0.0,0.03,0.0,468.21,414.85056,266.10504,410.46393
0.03,0.03,0.0,529.8637,413.9536,326.96002,410.1612
0.06,0.03,0.0,591.5972,413.04886,388.39383,409.89352
0.09,0.03,0.0,653.371,412.22903,450.1671,409.72278
0.12,0.03,0.0,715.20703,411.36163,512.1297,409.5575
0.15,0.03,0.0,777.0934,410.524,574.20654,409.462
0.18,0.03,0.0,838.8929,409.76273,636.25806,409.3539
0.21,0.03,0.0,900.54065,409.0248,698.298,409.2136
0.24,0.03,0.0,961.88104,408.35297,760.317,409.08392
0.27,0.03,0.0,1022.73804,407.77756,822.33887,408.97772
0.0,0.06,0.0,469.95453,476.19205,268.02286,471.7907
0.03,0.06,0.0,531.3092,475.34406,328.60004,471.62338
0.06,0.06,0.0,592.7314,474.50238,389.81903,471.49
0.09,0.06,0.0,654.21185,473.67206,451.28986,471.3708
0.12,0.06,0.0,715.7657,472.8235,513.0009,471.24207
0.15,0.06,0.0,777.304,472.01193,574.72614,471.12582
0.18,0.06,0.0,838.8662,471.2147,636.4397,471.02985
0.21,0.06,0.0,900.25275,470.42606,698.16156,470.89816
0.24,0.06,0.0,961.3598,469.68237,759.8778,470.74728
0.27,0.06,0.0,1021.9298,468.97528,821.58594,470.64835
0.0,0.09,0.0,471.67325,536.9491,270.03964,532.49786
0.03,0.09,0.0,532.74963,536.11755,330.42578,532.4541
0.06,0.09,0.0,593.8654,535.3475,391.21692,532.46643
0.09,0.09,0.0,655.06665,534.5059,452.42563,532.3984
0.12,0.09,0.0,716.29504,533.67426,513.8056,532.25165
0.15,0.09,0.0,777.53046,532.8744,575.226,532.1236
0.18,0.09,0.0,838.806,532.10114,636.6232,532.06256
0.21,0.09,0.0,899.90515,531.31384,698.0398,531.93756
0.24,0.09,0.0,960.6303,530.4361,759.4036,531.7795
0.27,0.09,0.0,1020.9466,529.61633,820.80865,531.69086
0.0,0.12,0.0,473.44308,597.1178,272.25854,592.5169
0.03,0.12,0.0,534.2266,596.2543,332.3446,592.5871
0.06,0.12,0.0,595.01227,595.60156,392.7001,592.79724
0.09,0.12,0.0,655.89874,594.78375,453.5619,592.78345
0.12,0.12,0.0,716.80927,593.8845,514.60944,592.58765
0.15,0.12,0.0,777.7216,593.0915,575.69745,592.48035
0.18,0.12,0.0,838.6844,592.34015,636.792,592.44604
0.21,0.12,0.0,899.4833,591.56366,697.87915,592.40295
0.24,0.12,0.0,959.805,590.53784,758.9382,592.192
0.27,0.12,0.0,1019.8014,589.6369,820.0006,592.10126
0.0,0.15,0.0,475.29025,656.53436,274.7221,651.73444
0.03,0.15,0.0,535.6844,655.76526,334.32678,651.99554
0.06,0.15,0.0,596.1383,655.19476,394.29477,652.36066
0.09,0.15,0.0,656.73615,654.3928,454.75925,652.4137
0.12,0.15,0.0,717.2968,653.5267,515.45355,652.30994
0.15,0.15,0.0,777.914,652.68744,576.1792,652.21545
0.18,0.15,0.0,838.5096,651.9151,636.94305,652.1908
0.21,0.15,0.0,898.9153,651.0904,697.74176,652.2142
0.24,0.15,0.0,958.8788,649.9724,758.4417,651.93524
0.27,0.15,0.0,1018.42926,648.85956,819.1269,651.7956
0.0,0.18,0.0,477.1676,715.21716,277.30453,710.09174
0.03,0.18,0.0,537.1501,714.64923,336.3973,710.668
0.06,0.18,0.0,597.30194,714.00903,396.02637,711.04785
0.09,0.18,0.0,657.5385,713.2379,456.04465,711.21246
0.12,0.18,0.0,717.802,712.47473,516.2996,711.29333
0.15,0.18,0.0,778.0277,711.61926,576.6633,711.23846
0.18,0.18,0.0,838.2216,710.7217,637.0842,711.214
0.21,0.18,0.0,898.1919,709.80176,697.5017,711.2128
0.24,0.18,0.0,957.8055,708.6211,757.885,710.99207
0.27,0.18,0.0,1016.84045,707.2898,818.14545,710.70715
0.0,0.21,0.0,479.1113,773.1053,280.04556,767.58813
0.03,0.21,0.0,538.6793,772.6524,338.64133,768.35724
0.06,0.21,0.0,598.4884,771.9948,397.87863,768.81995
0.09,0.21,0.0,658.33777,771.2792,457.44223,769.11566
0.12,0.21,0.0,718.22015,770.62024,517.20013,769.41187
0.15,0.21,0.0,778.1011,769.6371,577.17773,769.3857
0.18,0.21,0.0,837.7917,768.6618,637.2244,769.35846
0.21,0.21,0.0,897.3683,767.65686,697.267,769.35785
0.24,0.21,0.0,956.4991,766.30774,757.25354,769.1234
0.27,0.21,0.0,1015.07184,764.7369,817.0822,768.7595
0.0,0.24,0.0,481.13263,830.09937,282.94238,824.02234
0.03,0.24,0.0,540.29517,829.74994,341.07816,825.00757
0.06,0.24,0.0,599.68854,829.0301,399.83606,825.5263
0.09,0.24,0.0,659.124,828.3958,458.906,826.0506
0.12,0.24,0.0,718.6144,827.87396,518.16974,826.59393
0.15,0.24,0.0,778.0063,826.75366,577.7388,826.572
0.18,0.24,0.0,837.2853,825.6335,637.3396,826.55273
0.21,0.24,0.0,896.3826,824.5459,696.9736,826.5803
0.24,0.24,0.0,954.9714,822.96954,756.50995,826.2157
0.27,0.24,0.0,1013.0594,821.24756,815.90875,825.82043
0.0,0.27,0.0,483.26306,885.9436,286.02753,879.3358
0.03,0.27,0.0,541.98083,885.62415,343.6902,880.4309
0.06,0.27,0.0,600.9095,884.9033,401.95642,881.07104
0.09,0.27,0.0,659.8864,884.33984,460.4767,881.79
0.12,0.27,0.0,718.9346,883.9801,519.2328,882.6783
0.15,0.27,0.0,777.815,882.7014,578.3251,882.58923
0.18,0.27,0.0,836.618,881.4509,637.46655,882.58466
0.21,0.27,0.0,895.2537,880.3614,696.61896,882.7545
0.24,0.27,0.0,953.23016,878.4003,755.6689,882.132
0.27,0.27,0.0,1010.83685,876.5494,814.63446,881.7318
0.0,0.0,0.0,341.74915,264.7335,154.9161,260.3213
0.03,0.0,0.0,397.2862,261.5907,207.66078,257.332
0.06,0.0,0.0,453.90344,258.56235,261.81967,254.51236
0.09,0.0,0.0,511.39874,255.5671,317.28525,251.77917
0.12,0.0,0.0,569.84985,252.65768,374.0548,249.15666
0.15,0.0,0.0,629.11163,249.79259,431.86874,246.69873
0.18,0.0,0.0,689.1712,246.96098,490.7368,244.29277
0.21,0.0,0.0,749.9612,244.16325,550.51886,241.94847
0.24,0.0,0.0,811.44653,241.43576,611.1173,239.6727
0.27,0.0,0.0,873.5546,238.83575,672.53796,237.43027
0.0,0.03,0.0,342.3291,322.72986,154.31027,317.8966
0.03,0.03,0.0,398.0503,320.11673,207.24377,315.51953
0.06,0.03,0.0,454.76254,317.55023,261.5849,313.28488
0.09,0.03,0.0,512.4547,315.05624,317.2441,311.1154
0.12,0.03,0.0,570.97626,312.58774,374.1387,309.08405
0.15,0.03,0.0,630.3233,310.13358,432.16537,307.12424
0.18,0.03,0.0,690.45325,307.66577,491.1065,305.1998
0.21,0.03,0.0,751.3491,305.2022,550.96796,303.33075
0.24,0.03,0.0,812.95483,302.7931,611.67377,301.50702
0.27,0.03,0.0,875.22076,300.46292,673.17175,299.65262
0.0,0.06,0.0,343.0458,381.03748,154.02785,375.76993
0.03,0.06,0.0,398.90915,378.89896,207.05328,374.04114
0.06,0.06,0.0,455.75955,376.81625,261.5183,372.4
0.09,0.06,0.0,513.51965,374.7447,317.37164,370.79486
0.12,0.06,0.0,572.1378,372.72455,374.39572,369.2773
0.15,0.06,0.0,631.5137,370.6487,432.5149,367.7988
0.18,0.06,0.0,691.68335,368.59244,491.56464,366.3355
0.21,0.06,0.0,752.63446,366.48447,551.5007,364.93588
0.24,0.06,0.0,814.3658,364.44043,612.2377,363.52368
0.27,0.06,0.0,876.7547,362.4288,673.74567,362.07986
0.0,0.09,0.0,343.92874,439.4948,153.92397,433.8706
0.03,0.09,0.0,399.92877,437.86832,207.17747,432.7845
0.06,0.09,0.0,456.78793,436.22144,261.6242,431.66562
0.09,0.09,0.0,514.6307,434.5621,317.5809,430.62082
0.12,0.09,0.0,573.3215,432.92032,374.78934,429.60135
0.15,0.09,0.0,632.7301,431.27884,432.987,428.6018
0.18,0.09,0.0,692.9091,429.59433,492.02414,427.59842
0.21,0.09,0.0,753.926,427.91492,551.9917,426.60834
0.24,0.09,0.0,815.70825,426.23846,612.81976,425.63614
0.27,0.09,0.0,878.16455,424.55502,674.2995,424.57425
0.0,0.12,0.0,344.92633,498.1029,154.23198,492.13754
0.03,0.12,0.0,401.06107,496.89383,207.59154,491.61514
0.06,0.12,0.0,457.8464,495.6984,261.96194,491.10144
0.09,0.12,0.0,515.7538,494.44946,317.95593,490.5345
0.12,0.12,0.0,574.52234,493.22446,375.25674,490.03156
0.15,0.12,0.0,633.9803,491.95056,433.51184,489.4555
0.18,0.12,0.0,694.1616,490.68835,492.55573,488.905
0.21,0.12,0.0,755.1769,489.40167,552.49567,488.3136
0.24,0.12,0.0,817.0327,488.10336,613.38873,487.71536
0.27,0.12,0.0,879.5135,486.81754,674.85754,487.07257
0.0,0.15,0.0,346.16763,556.7371,154.87242,550.3799
0.03,0.15,0.0,402.2066,555.97284,208.16124,550.4607
0.06,0.15,0.0,458.99432,555.2097,262.5128,550.5327
0.09,0.15,0.0,516.9325,554.3827,318.5256,550.50555
0.12,0.15,0.0,575.6909,553.5227,375.81076,550.45526
0.15,0.15,0.0,635.20734,552.684,434.04477,550.32745
0.18,0.15,0.0,695.42004,551.80035,493.13705,550.1813
0.21,0.15,0.0,756.4039,550.9549,553.0001,550.00964
0.24,0.15,0.0,818.2853,550.0104,613.9177,549.826
0.27,0.15,0.0,880.82794,549.0952,675.3773,549.60156
0.0,0.18,0.0,347.44183,615.2861,155.79382,608.49786
0.03,0.18,0.0,403.36404,615.0498,208.84654,609.2551
0.06,0.18,0.0,460.27225,614.71686,263.375,609.88293
0.09,0.18,0.0,518.17084,614.3209,319.2963,610.3815
0.12,0.18,0.0,576.887,613.8744,376.39233,610.82886
0.15,0.18,0.0,636.38916,613.3962,434.56216,611.1633
0.18,0.18,0.0,696.63885,612.9375,493.6674,611.4799
0.21,0.18,0.0,757.6701,612.4978,553.5611,611.74475
0.24,0.18,0.0,819.51794,611.96857,614.3579,611.9394
0.27,0.18,0.0,881.99176,611.3965,675.94434,612.1223
0.0,0.21,0.0,348.8322,673.79285,156.89642,666.4739
0.03,0.21,0.0,404.6848,674.01166,209.87503,667.8481
0.06,0.21,0.0,461.63458,674.10364,264.42926,669.0047
0.09,0.21,0.0,519.4803,674.14233,320.2002,670.06085
0.12,0.21,0.0,578.05774,674.1717,377.0735,671.07684
0.15,0.21,0.0,637.59753,674.1194,435.2186,671.8933
0.18,0.21,0.0,697.8855,674.0322,494.28674,672.6606
0.21,0.21,0.0,758.87646,673.9779,554.12695,673.3822
0.24,0.21,0.0,820.68726,673.8277,614.89465,674.0452
0.27,0.21,0.0,883.08167,673.5784,676.4513,674.6431
0.0,0.24,0.0,350.34323,732.05524,158.26393,724.16626
0.03,0.24,0.0,406.12384,732.8062,211.16257,726.122
0.06,0.24,0.0,463.08368,733.31665,265.69397,727.8641
0.09,0.24,0.0,520.76874,733.88214,321.25436,729.5048
0.12,0.24,0.0,579.26776,734.4045,377.86035,731.1303
0.15,0.24,0.0,638.80255,734.6921,435.96307,732.4009
0.18,0.24,0.0,699.0817,735.0126,494.9432,733.65344
0.21,0.24,0.0,760.0202,735.35425,554.6724,734.92126
0.24,0.24,0.0,821.762,735.4831,615.4224,735.9474
0.27,0.24,0.0,884.0144,735.49493,676.9374,736.98444
0.0,0.27,0.0,352.0335,789.9719,159.94295,781.4174
0.03,0.27,0.0,407.77185,791.22504,212.76053,783.95
0.06,0.27,0.0,464.6641,792.21136,267.18204,786.2542
0.09,0.27,0.0,522.21344,793.246,322.5382,788.48724
0.12,0.27,0.0,580.50745,794.38525,378.7912,790.8244
0.15,0.27,0.0,640.07214,794.9969,436.84857,792.55237
0.18,0.27,0.0,700.2359,795.6928,495.67822,794.3102
0.21,0.27,0.0,761.0702,796.4313,555.23883,796.0947
0.24,0.27,0.0,822.6619,796.7261,615.99915,797.48
0.27,0.27,0.0,884.77936,797.1034,677.3521,798.9569
0.0,0.0,0.0,328.08942,248.22548,132.21577,244.0732
0.03,0.0,0.0,389.90204,248.74222,192.9515,244.65192
0.06,0.0,0.0,451.4429,249.45638,254.00085,245.47127
0.09,0.0,0.0,512.51715,250.30824,315.1244,246.54941
0.12,0.0,0.0,573.0791,251.29956,376.19028,247.79716
0.15,0.0,0.0,632.98413,252.34883,436.94025,249.28453
0.18,0.0,0.0,692.2291,253.45937,497.2379,250.85258
0.21,0.0,0.0,750.716,254.59972,557.0013,252.53691
0.24,0.0,0.0,808.4784,255.80194,616.11414,254.24875
0.27,0.0,0.0,865.4475,257.12527,674.55194,255.99335
0.0,0.03,0.0,327.74817,309.35593,130.65852,304.65396
0.03,0.03,0.0,389.8109,309.7008,191.59012,305.19907
0.06,0.03,0.0,451.5001,310.19983,252.85057,305.9713
0.09,0.03,0.0,512.71716,310.83316,314.20615,306.90457
0.12,0.03,0.0,573.3493,311.50705,375.45197,308.04135
0.15,0.03,0.0,633.3468,312.21713,436.35464,309.25186
0.18,0.03,0.0,692.6313,312.9862,496.81403,310.5748
0.21,0.03,0.0,751.2112,313.7638,556.65533,311.9771
0.24,0.03,0.0,809.0721,314.58453,615.81195,313.3868
0.27,0.03,0.0,866.1057,315.46826,674.3047,314.79266
0.0,0.06,0.0,327.62274,370.85684,129.35728,365.59433
0.03,0.06,0.0,389.81027,371.0071,190.5104,366.15344
0.06,0.06,0.0,451.6441,371.22845,251.9269,366.80347
0.09,0.06,0.0,512.977,371.58572,313.45004,367.61383
0.12,0.06,0.0,573.62915,371.95667,374.84192,368.50052
0.15,0.06,0.0,633.66174,372.309,435.8943,369.4957
0.18,0.06,0.0,693.0101,372.66745,496.4383,370.53717
0.21,0.06,0.0,751.6524,373.09567,556.32745,371.6091
0.24,0.06,0.0,809.568,373.53183,615.51935,372.68814
0.27,0.06,0.0,866.711,374.02414,674.0136,373.74606
0.0,0.09,0.0,327.67526,432.5461,128.4597,426.84106
0.03,0.09,0.0,389.97128,432.4786,189.75479,427.31937
0.06,0.09,0.0,451.87897,432.42377,251.24477,427.84305
0.09,0.09,0.0,513.2597,432.44086,312.9024,428.46777
0.12,0.09,0.0,573.9775,432.4512,374.3655,429.1453
0.15,0.09,0.0,634.00653,432.49484,435.49142,429.8206
0.18,0.09,0.0,693.4074,432.51968,496.10825,430.53705
0.21,0.09,0.0,752.1042,432.5444,556.0396,431.29922
0.24,0.09,0.0,809.9588,432.6236,615.24,432.00793
0.27,0.09,0.0,867.2255,432.7056,673.766,432.70132
0.0,0.12,0.0,327.91727,494.42053,127.89881,488.21313
0.03,0.12,0.0,390.24014,494.059,189.28511,488.6171
0.06,0.12,0.0,452.1896,493.70316,250.76187,488.99893
0.09,0.12,0.0,513.58264,493.36963,312.49628,489.45383
0.12,0.12,0.0,574.32434,493.02618,373.99994,489.82977
0.15,0.12,0.0,634.34326,492.69864,435.14,490.23175
0.18,0.12,0.0,693.7712,492.4042,495.76807,490.59433
0.21,0.12,0.0,752.5309,492.08176,555.7868,490.98474
0.24,0.12,0.0,810.35645,491.78326,614.91846,491.3444
0.27,0.12,0.0,867.6812,491.48196,673.4195,491.66696
0.0,0.15,0.0,328.27975,556.27356,127.724915,549.5693
0.03,0.15,0.0,390.57864,555.6463,189.03134,549.9294
0.06,0.15,0.0,452.52353,555.04175,250.49406,550.22534
0.09,0.15,0.0,513.94916,554.36115,312.2022,550.4043
0.12,0.15,0.0,574.652,553.63495,373.69583,550.5417
0.15,0.15,0.0,634.69666,552.9426,434.8399,550.6174
0.18,0.15,0.0,694.1232,552.30286,495.44257,550.6658
0.21,0.15,0.0,752.92004,551.6446,555.45,550.6937
0.24,0.15,0.0,810.7573,550.96124,614.60284,550.6626
0.27,0.15,0.0,867.99384,550.29285,673.10266,550.6501
0.0,0.18,0.0,328.80176,618.0908,127.878296,610.82153
0.03,0.18,0.0,391.01135,617.24786,189.05693,611.14264
0.06,0.18,0.0,452.9256,616.3243,250.51224,611.3007
0.09,0.18,0.0,514.2838,615.2975,312.0748,611.31024
0.12,0.18,0.0,575.0324,614.26965,373.48407,611.19293
0.15,0.18,0.0,635.0648,613.237,434.54684,610.9855
0.18,0.18,0.0,694.4791,612.22626,495.1168,610.6952
0.21,0.18,0.0,753.2316,611.24097,555.05255,610.40283
0.24,0.18,0.0,811.1576,610.1956,614.3016,610.0086
0.27,0.18,0.0,868.306,609.124,672.7586,609.61096
0.0,0.21,0.0,329.4818,679.7453,128.38283,671.87036
0.03,0.21,0.0,391.60065,678.713,189.36134,672.1269
0.06,0.21,0.0,453.376,677.4744,250.72449,672.1277
0.09,0.21,0.0,514.66943,676.17944,312.1232,671.9735
0.12,0.21,0.0,575.4132,674.8681,373.3854,671.70294
0.15,0.21,0.0,635.4081,673.47205,434.33078,671.20667
0.18,0.21,0.0,694.80884,672.085,494.81836,670.62787
0.21,0.21,0.0,753.5221,670.7205,554.72595,669.9946
0.24,0.21,0.0,811.44305,669.31396,613.91595,669.33704
0.27,0.21,0.0,868.53876,667.8395,672.43,668.6182
0.0,0.24,0.0,330.35904,741.1742,129.21896,732.5376
0.03,0.24,0.0,392.31427,739.93524,190.03122,732.7776
0.06,0.24,0.0,453.9686,738.4184,251.19359,732.6397
0.09,0.24,0.0,515.1609,736.9091,312.3663,732.385
0.12,0.24,0.0,575.84106,735.3739,373.44666,732.0001
0.15,0.24,0.0,635.7809,733.5728,434.2518,731.24963
0.18,0.24,0.0,695.1253,731.8348,494.6064,730.3876
0.21,0.24,0.0,753.8396,730.1408,554.44257,729.5506
0.24,0.24,0.0,811.6366,728.281,613.58,728.50903
0.27,0.24,0.0,868.6466,726.3893,672.06476,727.4433
0.0,0.27,0.0,331.491,802.1573,130.42186,792.7068
0.03,0.27,0.0,393.2391,800.7568,190.9888,792.87225
0.06,0.27,0.0,454.68207,798.9803,251.92725,792.6659
0.09,0.27,0.0,515.70575,797.24493,312.82864,792.3012
0.12,0.27,0.0,576.3533,795.5826,373.64963,791.89124
0.15,0.27,0.0,636.15955,793.42957,434.27185,790.86475
0.18,0.27,0.0,695.3973,791.32526,494.49353,789.79626
0.21,0.27,0.0,754.091,789.3174,554.223,788.78937
0.24,0.27,0.0,811.6607,786.8925,613.232,787.32446
0.27,0.27,0.0,868.6429,784.61096,671.6863,786.01605
0.0,0.0,0.0,339.40598,264.44342,152.05835,260.27042
0.03,0.0,0.0,397.50485,263.20337,208.2901,259.14896
0.06,0.0,0.0,455.89615,262.15024,265.27332,258.22205
0.09,0.0,0.0,514.5563,261.19092,323.0001,257.5283
0.12,0.0,0.0,573.39465,260.341,381.28436,256.9462
0.15,0.0,0.0,632.2772,259.55902,439.97314,256.5614
0.18,0.0,0.0,691.13214,258.8691,498.90247,256.30154
0.21,0.0,0.0,750.0338,258.15594,557.942,256.09595
0.24,0.0,0.0,808.77515,257.58176,617.0493,255.97041
0.27,0.0,0.0,867.433,257.09586,676.16406,255.91887
0.0,0.03,0.0,338.0073,321.32422,148.66891,316.60556
0.03,0.03,0.0,396.51132,320.21005,205.24919,315.782
0.06,0.03,0.0,455.36438,319.27673,262.76834,315.07785
0.09,0.03,0.0,514.4624,318.4127,320.9267,314.57507
0.12,0.03,0.0,573.6649,317.63068,379.68814,314.2106
0.15,0.03,0.0,632.91925,316.86316,438.79965,313.93192
0.18,0.03,0.0,692.1586,316.09805,498.12354,313.73807
0.21,0.03,0.0,751.4073,315.3889,557.5593,313.60663
0.24,0.03,0.0,810.57635,314.73355,617.02124,313.5181
0.27,0.03,0.0,869.6204,314.1532,676.4975,313.4736
0.0,0.06,0.0,336.70615,379.0437,145.48982,373.87027
0.03,0.06,0.0,395.6351,378.1,202.49455,373.34518
0.06,0.06,0.0,454.91183,377.23093,260.36295,372.88382
0.09,0.06,0.0,514.3899,376.41748,318.99347,372.52176
0.12,0.06,0.0,573.9509,375.6608,378.18036,372.28778
0.15,0.06,0.0,633.5509,374.8899,437.67752,372.1047
0.18,0.06,0.0,693.1583,374.1234,497.4085,371.9458
0.21,0.06,0.0,752.7516,373.381,557.2007,371.87787
0.24,0.06,0.0,812.29224,372.69464,617.02185,371.84085
0.27,0.06,0.0,871.7104,372.025,676.81757,371.70392
0.0,0.09,0.0,335.54608,437.49146,142.47292,431.88943
0.03,0.09,0.0,394.90472,436.72388,199.97748,431.67224
0.06,0.09,0.0,454.48633,435.8507,258.15396,431.36728
0.09,0.09,0.0,514.3405,435.08414,317.17017,431.21582
0.12,0.09,0.0,574.2796,434.40485,376.72964,431.1237
0.15,0.09,0.0,634.1883,433.65405,436.63385,431.003
0.18,0.09,0.0,694.1259,432.81445,496.6896,430.87177
0.21,0.09,0.0,754.07806,432.06403,556.85944,430.79657
0.24,0.09,0.0,813.9514,431.3934,616.991,430.76492
0.27,0.09,0.0,873.75977,430.60687,677.1003,430.62546
0.0,0.12,0.0,334.51797,496.72644,139.86275,490.68372
0.03,0.12,0.0,394.26178,496.06934,197.67754,490.7315
0.06,0.12,0.0,454.14536,495.20398,256.0801,490.60782
0.09,0.12,0.0,514.3357,494.4621,315.4344,490.59244
0.12,0.12,0.0,574.592,493.79233,375.41376,490.62186
0.15,0.12,0.0,634.84235,493.0376,435.6326,490.5638
0.18,0.12,0.0,695.12933,492.22165,496.02988,490.4606
0.21,0.12,0.0,755.44855,491.41492,556.50287,490.33344
0.24,0.12,0.0,815.5999,490.7473,616.97864,490.32047
0.27,0.12,0.0,875.7632,489.93304,677.3794,490.16623
0.0,0.15,0.0,333.6304,556.60046,137.56046,550.0503
0.03,0.15,0.0,393.61926,556.0025,195.55301,550.3381
0.06,0.15,0.0,453.82767,555.24664,254.21693,550.4764
0.09,0.15,0.0,514.3535,554.5189,313.88586,550.6375
0.12,0.15,0.0,574.9325,553.81274,374.1296,550.7114
0.15,0.15,0.0,635.5094,553.0789,434.63458,550.73755
0.18,0.15,0.0,696.13904,552.2913,495.33066,550.6779
0.21,0.15,0.0,756.748,551.4878,556.1278,550.5519
0.24,0.15,0.0,817.26654,550.7544,616.9034,550.50775
0.27,0.15,0.0,877.691,549.9249,677.633,550.3894
0.0,0.18,0.0,332.88248,617.06476,135.55435,609.91614
0.03,0.18,0.0,393.07367,616.54565,193.60263,610.47797
0.06,0.18,0.0,453.6052,615.91516,252.61139,610.8901
0.09,0.18,0.0,514.4198,615.2232,312.45483,611.2343
0.12,0.18,0.0,575.2994,614.498,372.87823,611.41705
0.15,0.18,0.0,636.18555,613.76263,433.63193,611.51733
0.18,0.18,0.0,697.1325,612.9876,494.6432,611.53107
0.21,0.18,0.0,758.0612,612.19946,555.7214,611.43634
0.24,0.18,0.0,818.8938,611.40375,616.85266,611.33875
0.27,0.18,0.0,879.61285,610.5307,677.9232,611.2313
0.0,0.21,0.0,332.2775,677.9865,133.78754,670.18256
0.03,0.21,0.0,392.63638,677.6237,191.96106,671.0485
0.06,0.21,0.0,453.48404,677.0939,251.22562,671.7415
0.09,0.21,0.0,514.5193,676.48267,311.23117,672.26953
0.12,0.21,0.0,575.6459,675.7227,371.75473,672.6044
0.15,0.21,0.0,636.88354,675.04755,432.7821,672.8361
0.18,0.21,0.0,698.13,674.2866,494.01447,672.9209
0.21,0.21,0.0,759.3716,673.4607,555.34375,672.87616
0.24,0.21,0.0,820.47186,672.59546,616.7758,672.83234
0.27,0.21,0.0,881.46075,671.66254,678.16925,672.72595
0.0,0.24,0.0,331.83255,739.2853,132.34106,730.66064
0.03,0.24,0.0,392.38388,739.1288,190.66206,731.88367
0.06,0.24,0.0,453.45468,738.7339,250.09663,732.8891
0.09,0.24,0.0,514.68304,738.2254,310.11105,733.6442
0.12,0.24,0.0,576.06476,737.6355,370.75534,734.2328
0.15,0.24,0.0,637.57635,736.9117,431.94476,734.5695
0.18,0.24,0.0,699.10547,736.1254,493.42416,734.7542
0.21,0.24,0.0,760.6342,735.3064,555.0082,734.8874
0.24,0.24,0.0,821.9973,734.3383,616.7272,734.80994
0.27,0.24,0.0,883.1199,733.2398,678.39874,734.71954
0.0,0.27,0.0,331.62613,800.7935,131.28354,791.27203
0.03,0.27,0.0,392.33228,800.8535,189.7027,792.84814
0.06,0.27,0.0,453.57513,800.6108,249.22867,794.15784
0.09,0.27,0.0,514.9676,800.2543,309.30435,795.20435
0.12,0.27,0.0,576.51416,799.80286,369.88257,796.0794
0.15,0.27,0.0,638.2869,799.08374,431.29556,796.5784
0.18,0.27,0.0,700.063,798.2609,492.93216,796.91724
0.21,0.27,0.0,761.80383,797.41693,554.68713,797.1677
0.24,0.27,0.0,823.34625,796.27985,616.6276,797.0968
0.27,0.27,0.0,884.67957,795.0582,678.5895,796.9749
0.0,0.0,0.0,324.50833,253.00385,129.16953,248.78114
0.03,0.0,0.0,385.1368,251.45439,187.60637,247.37198
0.06,0.0,0.0,446.19107,250.14896,247.02104,246.11821
0.09,0.0,0.0,507.58426,248.9582,307.29605,245.17317
0.12,0.0,0.0,569.2198,247.92307,368.25797,244.40141
0.15,0.0,0.0,630.9846,246.95346,429.73624,243.82227
0.18,0.0,0.0,692.8019,246.06085,491.51178,243.41258
0.21,0.0,0.0,754.6233,245.26279,553.47125,243.10411
0.24,0.0,0.0,816.36945,244.58421,615.5419,242.88968
0.27,0.0,0.0,877.9422,244.05754,677.65015,242.75557
0.0,0.03,0.0,326.3417,314.3958,130.58028,309.59863
0.03,0.03,0.0,386.81686,313.1064,188.98593,308.5395
0.06,0.03,0.0,447.7667,311.93634,248.35219,307.66998
0.09,0.03,0.0,508.99945,310.8953,308.485,306.96597
0.12,0.03,0.0,570.41943,309.9241,369.36832,306.426
0.15,0.03,0.0,631.9106,309.0175,430.70352,306.0032
0.18,0.03,0.0,693.4982,308.11618,492.2909,305.72705
0.21,0.03,0.0,755.0836,307.32593,554.0146,305.5077
0.24,0.03,0.0,816.6264,306.585,615.8692,305.36758
0.27,0.03,0.0,878.06366,305.93137,677.74536,305.24194
0.0,0.06,0.0,328.3266,375.5116,132.3821,370.2664
0.03,0.06,0.0,388.65344,374.40268,190.63292,369.53998
0.06,0.06,0.0,449.4194,373.38547,249.9017,368.93933
0.09,0.06,0.0,510.4657,372.4411,309.94803,368.46844
0.12,0.06,0.0,571.56934,371.53784,370.5978,368.07678
0.15,0.06,0.0,632.8674,370.64352,431.75815,367.8242
0.18,0.06,0.0,694.17303,369.81476,493.13773,367.62143
0.21,0.06,0.0,755.49896,368.97263,554.62665,367.48755
0.24,0.06,0.0,816.81305,368.20914,616.17554,367.37283
0.27,0.06,0.0,877.99097,367.5033,677.7013,367.26898
0.0,0.09,0.0,330.4726,436.2202,134.42741,430.53445
0.03,0.09,0.0,390.64713,435.25293,192.63435,430.10074
0.06,0.09,0.0,451.1555,434.3671,251.62535,429.79837
0.09,0.09,0.0,511.93976,433.48196,311.50958,429.52087
0.12,0.09,0.0,572.857,432.59183,372.0155,429.28464
0.15,0.09,0.0,633.7802,431.75833,432.93195,429.09235
0.18,0.09,0.0,694.8122,430.948,493.9956,429.01193
0.21,0.09,0.0,755.8686,430.15643,555.22626,428.89316
0.24,0.09,0.0,816.88885,429.36032,616.478,428.77426
0.27,0.09,0.0,877.88214,428.61163,677.6722,428.67984
0.0,0.12,0.0,332.76913,496.4636,136.85417,490.34714
0.03,0.12,0.0,392.72882,495.56137,194.88863,490.19507
0.06,0.12,0.0,452.92383,494.83304,253.556,490.1732
0.09,0.12,0.0,513.4454,493.98074,313.21735,490.04718
0.12,0.12,0.0,574.0632,493.1104,373.49753,489.91183
0.15,0.12,0.0,634.7193,492.28107,434.13864,489.79214
0.18,0.12,0.0,695.45447,491.53455,494.9178,489.7541
0.21,0.12,0.0,756.2611,490.78,555.8416,489.68607
0.24,0.12,0.0,816.96454,489.90582,616.7675,489.51926
0.27,0.12,0.0,877.65125,489.21045,677.6388,489.44528
0.0,0.15,0.0,335.23242,556.1041,139.631,549.5682
0.03,0.15,0.0,394.851,555.3404,197.31024,549.6929
0.06,0.15,0.0,454.73123,554.7014,255.72249,549.93097
0.09,0.15,0.0,514.97107,553.89435,315.08524,550.0036
0.12,0.15,0.0,575.297,553.04407,375.0374,549.9497
0.15,0.15,0.0,635.6419,552.25195,435.3589,549.87585
0.18,0.15,0.0,696.0787,551.4874,495.83133,549.86536
0.21,0.15,0.0,756.5737,550.8079,556.41064,549.8493
0.24,0.15,0.0,816.9797,549.97437,617.01483,549.67084
0.27,0.15,0.0,877.37885,549.20764,677.5894,549.5982
0.0,0.18,0.0,337.75348,615.0692,142.67905,608.08704
0.03,0.18,0.0,396.99118,614.5203,199.91232,608.57587
0.06,0.18,0.0,456.6012,613.8894,258.09625,608.9648
0.09,0.18,0.0,516.5038,613.1479,317.12158,609.19904
0.12,0.18,0.0,576.4913,612.36774,376.62427,609.31976
0.15,0.18,0.0,636.5318,611.6335,436.5688,609.348
0.18,0.18,0.0,696.6606,610.88196,496.68668,609.3685
0.21,0.18,0.0,756.8726,610.2262,556.9572,609.3888
0.24,0.18,0.0,817.0137,609.4217,617.26044,609.2801
0.27,0.18,0.0,876.99677,608.57025,677.54364,609.1456
0.0,0.21,0.0,340.3817,673.3594,145.92725,665.849
0.03,0.21,0.0,399.2292,672.98096,202.74663,666.63184
0.06,0.21,0.0,458.51135,672.39233,260.66602,667.19763
0.09,0.21,0.0,518.0578,671.7335,319.23117,667.59155
0.12,0.21,0.0,577.6815,671.14667,378.29126,667.97375
0.15,0.21,0.0,637.44885,670.35657,437.8537,668.0953
0.18,0.21,0.0,697.2846,669.6341,497.64835,668.14355
0.21,0.21,0.0,757.125,668.95667,557.5222,668.20685
0.24,0.21,0.0,816.90814,668.14966,617.50574,668.1818
0.27,0.21,0.0,876.561,667.2796,677.4631,668.10706
0.0,0.24,0.0,343.14496,730.9449,149.39035,722.7941
0.03,0.24,0.0,401.5824,730.72,205.84227,723.8678
0.06,0.24,0.0,460.5197,730.1218,263.41434,724.533
0.09,0.24,0.0,519.6284,729.65955,321.4678,725.23303
0.12,0.24,0.0,578.91345,729.24963,380.04575,725.85657
0.15,0.24,0.0,638.3465,728.4469,439.2358,726.0317
0.18,0.24,0.0,697.83044,727.7109,498.60184,726.2096
0.21,0.24,0.0,757.35657,727.0846,558.1068,726.41754
0.24,0.24,0.0,816.75696,726.15173,617.7375,726.3232
0.27,0.24,0.0,876.01636,725.21027,677.37195,726.2904
0.0,0.27,0.0,346.03125,787.63153,153.11255,778.8464
0.03,0.27,0.0,404.07047,787.4982,209.21126,780.091
0.06,0.27,0.0,462.59625,786.99695,266.33728,780.9459
0.09,0.27,0.0,521.3036,786.68164,323.9124,781.8621
0.12,0.27,0.0,580.1828,786.5468,381.88574,782.8728
0.15,0.27,0.0,639.24475,785.66693,440.68454,783.06055
0.18,0.27,0.0,698.3518,784.9157,499.6393,783.3429
0.21,0.27,0.0,757.5329,784.3947,558.71716,783.77936
0.24,0.27,0.0,816.486,783.2402,617.9831,783.5774
0.27,0.27,0.0,875.37506,782.2898,677.2477,783.6388
0.0,0.0,0.0,470.7247,142.89372,273.46878,139.45515
0.03,0.0,0.0,532.0395,144.1937,334.81403,140.71954
0.06,0.0,0.0,592.7676,145.66754,396.04282,142.34343
0.09,0.0,0.0,652.9204,147.32166,456.96237,144.16162
0.12,0.0,0.0,712.34814,149.08215,517.493,146.21819
0.15,0.0,0.0,770.9936,150.9926,577.4514,148.44064
0.18,0.0,0.0,828.8194,153.0717,636.74097,150.77861
0.21,0.0,0.0,885.74725,155.26923,695.3526,153.21611
0.24,0.0,0.0,941.66144,157.65622,753.1885,155.72778
0.27,0.0,0.0,996.4414,160.23425,810.2221,158.3882
0.0,0.03,0.0,470.57367,203.38339,271.91183,199.62146
0.03,0.03,0.0,532.08923,204.4788,333.57114,200.84906
0.06,0.03,0.0,593.0174,205.68195,395.0484,202.2767
0.09,0.03,0.0,653.30133,207.0224,456.22894,203.98645
0.12,0.03,0.0,712.85767,208.4272,516.92957,205.85733
0.15,0.03,0.0,771.6397,209.92854,577.03186,207.77466
0.18,0.03,0.0,829.6761,211.53925,636.46674,209.77861
0.21,0.03,0.0,886.7829,213.2735,695.23114,211.874
0.24,0.03,0.0,942.90015,215.1462,753.1748,214.02101
0.27,0.03,0.0,997.93176,217.17484,810.3442,216.26053
0.0,0.06,0.0,470.59406,264.45773,270.6161,260.41904
0.03,0.06,0.0,532.2507,265.33994,332.48392,261.54636
0.06,0.06,0.0,593.3016,266.23657,394.21347,262.8484
0.09,0.06,0.0,653.658,267.23337,455.6221,264.30682
0.12,0.06,0.0,713.32886,268.2817,516.46875,265.91974
0.15,0.06,0.0,772.22845,269.38025,576.6666,267.5652
0.18,0.06,0.0,830.3846,270.51282,636.22437,269.23978
0.21,0.06,0.0,887.645,271.77213,695.0355,270.96616
0.24,0.06,0.0,943.94366,273.1689,753.07043,272.69327
0.27,0.06,0.0,999.16284,274.65936,810.3539,274.48358
0.0,0.09,0.0,470.72467,325.87103,269.57516,321.63962
0.03,0.09,0.0,532.46875,326.488,331.6995,322.63007
0.06,0.09,0.0,593.63104,327.03653,393.586,323.71103
0.09,0.09,0.0,654.05005,327.71606,455.09998,324.92908
0.12,0.09,0.0,713.74554,328.3996,516.0342,326.28223
0.15,0.09,0.0,772.70215,329.11972,576.3313,327.63348
0.18,0.09,0.0,831.0077,329.82303,635.9411,328.95755
0.21,0.09,0.0,888.4447,330.6056,694.8342,330.28583
0.24,0.09,0.0,944.75977,331.55737,752.8751,331.6488
0.27,0.09,0.0,1000.18066,332.51733,810.2599,332.97113
0.0,0.12,0.0,470.9297,387.56625,268.76584,383.19394
0.03,0.12,0.0,532.7644,387.84958,331.05627,384.04388
0.06,0.12,0.0,593.98895,388.07376,393.0673,384.8526
0.09,0.12,0.0,654.41876,388.34946,454.6872,385.78662
0.12,0.12,0.0,714.1316,388.68152,515.6866,386.8085
0.15,0.12,0.0,773.1228,389.02396,575.9954,387.82983
0.18,0.12,0.0,831.52484,389.33316,635.6366,388.80304
0.21,0.12,0.0,889.0811,389.70316,694.5882,389.74442
0.24,0.12,0.0,945.4418,390.1757,752.59076,390.74323
0.27,0.12,0.0,1001.0204,390.65906,810.07056,391.66406
0.0,0.15,0.0,471.22247,449.39343,268.20258,444.93597
0.03,0.15,0.0,533.0523,449.28647,330.56317,445.52664
0.06,0.15,0.0,594.32764,449.1878,392.63086,446.1254
0.09,0.15,0.0,654.802,449.13937,454.32446,446.72748
0.12,0.15,0.0,714.5108,449.06833,515.36383,447.4038
0.15,0.15,0.0,773.5567,449.02063,575.6751,448.04648
0.18,0.15,0.0,831.9475,448.97665,635.3468,448.64618
0.21,0.15,0.0,889.5991,448.94266,694.3079,449.24692
0.24,0.15,0.0,946.03204,448.962,752.3202,449.8352
0.27,0.15,0.0,1001.6196,449.03827,809.77747,450.41782
0.0,0.18,0.0,471.5236,511.21906,267.82248,506.78735
0.03,0.18,0.0,533.4358,510.77805,330.1593,507.0783
0.06,0.18,0.0,594.6351,510.37906,392.27527,507.37717
0.09,0.18,0.0,655.12415,509.91672,453.96536,507.73343
0.12,0.18,0.0,714.90094,509.50266,515.05225,508.0049
0.15,0.18,0.0,773.94183,509.08734,575.39417,508.27188
0.18,0.18,0.0,832.3479,508.6767,634.99615,508.5167
0.21,0.18,0.0,889.96655,508.26343,693.9277,508.74924
0.24,0.18,0.0,946.542,507.83896,752.057,508.97784
0.27,0.18,0.0,1002.0315,507.44406,809.47327,509.17596
0.0,0.21,0.0,471.91574,573.1342,267.60464,568.54974
0.03,0.21,0.0,533.8001,572.2903,329.91815,568.6417
0.06,0.21,0.0,594.9944,571.5185,391.99106,568.71106
0.09,0.21,0.0,655.4623,570.7163,453.61783,568.6998
0.12,0.21,0.0,715.33575,569.9699,514.71674,568.5958
0.15,0.21,0.0,774.3397,569.17285,575.0588,568.4921
0.18,0.21,0.0,832.6737,568.3668,634.6657,568.3379
0.21,0.21,0.0,890.3093,567.5763,693.58905,568.2257
0.24,0.21,0.0,946.86884,566.74963,751.76855,568.08417
0.27,0.21,0.0,1002.36835,565.85156,809.14215,567.9625
0.0,0.24,0.0,472.3236,635.033,267.57343,630.2567
0.03,0.24,0.0,534.1709,633.905,329.7697,630.1835
0.06,0.24,0.0,595.3226,632.67993,391.8034,629.8934
0.09,0.24,0.0,655.82056,631.5218,453.3542,629.5774
0.12,0.24,0.0,715.73175,630.4567,514.38837,629.20337
0.15,0.24,0.0,774.6798,629.2285,574.6857,628.68665
0.18,0.24,0.0,832.97345,628.07947,634.3004,628.18933
0.21,0.24,0.0,890.6052,626.86316,693.24896,627.7641
0.24,0.24,0.0,947.037,625.5806,751.3871,627.2432
0.27,0.24,0.0,1002.4836,624.22406,808.7853,626.70074
0.0,0.27,0.0,472.7924,696.85364,267.75864,691.75726
0.03,0.27,0.0,534.5994,695.35425,329.8311,691.4363
0.06,0.27,0.0,595.66846,693.75,391.7193,690.88324
0.09,0.27,0.0,656.1725,692.25586,453.15616,690.2781
0.12,0.27,0.0,716.13806,690.8818,514.13306,689.7567
0.15,0.27,0.0,774.99084,689.2238,574.3634,688.8321
0.18,0.27,0.0,833.23065,687.6338,633.9414,687.9779
0.21,0.27,0.0,890.83246,686.0526,692.95087,687.25116
0.24,0.27,0.0,947.02356,684.20575,750.9313,686.23175
0.27,0.27,0.0,1002.4729,682.38885,808.3755,685.3533
0.0,0.0,0.0,475.38416,164.36052,286.76096,160.77507
0.03,0.0,0.0,533.6819,163.2598,344.20584,159.72946
0.06,0.0,0.0,592.0781,162.26134,402.08075,158.93057
0.09,0.0,0.0,650.5732,161.42982,460.37668,158.33678
0.12,0.0,0.0,709.14526,160.74529,518.953,157.93858
0.15,0.0,0.0,767.6027,160.22191,577.64764,157.6765
0.18,0.0,0.0,825.8967,159.85193,636.3823,157.55983
0.21,0.0,0.0,883.94855,159.63089,695.1353,157.53502
0.24,0.0,0.0,941.6343,159.62907,753.7907,157.65033
0.27,0.0,0.0,998.8158,159.9225,812.29584,157.91335
0.0,0.03,0.0,474.816,220.14343,284.02032,216.31555
0.03,0.03,0.0,533.5051,219.09747,341.95886,215.51248
0.06,0.03,0.0,592.4083,218.20557,400.38486,214.87727
0.09,0.03,0.0,651.3393,217.42126,459.16714,214.4361
0.12,0.03,0.0,710.3114,216.73727,518.1776,214.13158
0.15,0.03,0.0,769.19336,216.0943,577.3337,213.92505
0.18,0.03,0.0,827.97437,215.63188,636.4957,213.83159
0.21,0.03,0.0,886.53107,215.23814,695.6651,213.79642
0.24,0.03,0.0,944.71796,215.06808,754.7421,213.86047
0.27,0.03,0.0,1002.4047,215.1081,813.7109,213.98451
0.0,0.06,0.0,474.28757,276.93674,281.45142,272.88208
0.03,0.06,0.0,533.4571,276.01303,339.88104,272.2789
0.06,0.06,0.0,592.7361,275.16693,398.78598,271.8025
0.09,0.06,0.0,652.0581,274.38385,458.03293,271.51175
0.12,0.06,0.0,711.43475,273.66177,517.4973,271.32535
0.15,0.06,0.0,770.71387,272.99878,577.0348,271.17606
0.18,0.06,0.0,829.95483,272.37723,636.5846,271.07236
0.21,0.06,0.0,888.97943,271.88953,696.1462,270.9906
0.24,0.06,0.0,947.64197,271.57922,755.6245,271.01382
0.27,0.06,0.0,1005.8277,271.40952,815.0042,271.0307
0.0,0.09,0.0,473.8414,334.5785,279.0603,330.387
0.03,0.09,0.0,533.45825,333.81165,338.00305,330.0293
0.06,0.09,0.0,593.1011,332.88892,397.30414,329.60907
0.09,0.09,0.0,652.81415,332.15768,456.99313,329.4388
0.12,0.09,0.0,712.5259,331.47537,516.8519,329.38663
0.15,0.09,0.0,772.2131,330.75885,576.7813,329.2709
0.18,0.09,0.0,831.87006,330.02194,636.69135,329.13446
0.21,0.09,0.0,891.3563,329.41467,696.6072,329.03162
0.24,0.09,0.0,950.39215,329.02295,756.4476,329.0498
0.27,0.09,0.0,1009.0789,328.60742,816.2311,328.94833
0.0,0.12,0.0,473.5307,393.0799,276.85345,388.79178
0.03,0.12,0.0,533.5326,392.37766,336.26395,388.59744
0.06,0.12,0.0,593.49164,391.43884,395.9069,388.25897
0.09,0.12,0.0,653.5719,390.70697,456.00107,388.1379
0.12,0.12,0.0,713.631,390.03592,516.2838,388.17715
0.15,0.12,0.0,773.65393,389.3088,576.54114,388.10413
0.18,0.12,0.0,833.72394,388.51923,636.77704,387.96362
0.21,0.12,0.0,893.60956,387.78415,697.04004,387.8233
0.24,0.12,0.0,953.0366,387.29968,757.2139,387.83957
0.27,0.12,0.0,1012.1385,386.69568,817.37225,387.65402
0.0,0.15,0.0,473.2715,452.3387,274.83167,447.97147
0.03,0.15,0.0,533.5947,451.58847,334.57373,447.85498
0.06,0.15,0.0,593.9104,450.7158,394.61902,447.6727
0.09,0.15,0.0,654.3393,449.9879,455.08292,447.60107
0.12,0.15,0.0,714.7248,449.31506,515.7009,447.62717
0.15,0.15,0.0,775.1069,448.54968,576.31885,447.57727
0.18,0.15,0.0,835.50433,447.7665,636.886,447.45624
0.21,0.15,0.0,895.7736,446.9635,697.4208,447.28958
0.24,0.15,0.0,955.584,446.3387,757.93445,447.25754
0.27,0.15,0.0,1015.0569,445.65775,818.42804,447.1051
0.0,0.18,0.0,473.01425,512.25415,272.98108,507.82797
0.03,0.18,0.0,533.6501,511.4814,332.93488,507.824
0.06,0.18,0.0,594.35034,510.71228,393.36942,507.80728
0.09,0.18,0.0,655.0836,509.9838,454.17447,507.77432
0.12,0.18,0.0,715.83044,509.22778,515.1202,507.7037
0.15,0.18,0.0,776.5509,508.47626,576.0636,507.65518
0.18,0.18,0.0,837.25977,507.67963,636.93036,507.56485
0.21,0.18,0.0,897.8626,506.83905,697.82996,507.42245
0.24,0.18,0.0,958.10046,506.09198,758.62744,507.3153
0.27,0.18,0.0,1017.76874,505.30927,819.4664,507.18936
0.0,0.21,0.0,472.7828,572.79724,271.21207,568.2712
0.03,0.21,0.0,533.75854,572.06384,331.44147,568.3997
0.06,0.21,0.0,594.7949,571.3325,392.24762,568.50806
0.09,0.21,0.0,655.8656,570.59924,453.30103,568.5427
0.12,0.21,0.0,716.9466,569.7683,514.4869,568.45294
0.15,0.21,0.0,777.9812,569.05756,575.75525,568.4152
0.18,0.21,0.0,839.0112,568.2519,636.9999,568.27045
0.21,0.21,0.0,899.9004,567.3978,698.1919,568.148
0.24,0.21,0.0,960.4203,566.51965,759.3624,568.07117
0.27,0.21,0.0,1020.4423,565.5639,820.4998,567.9217
0.0,0.24,0.0,472.55945,633.9861,269.60217,629.25006
0.03,0.24,0.0,533.88336,633.30884,330.0758,629.5612
0.06,0.24,0.0,595.27576,632.59576,391.16696,629.79156
0.09,0.24,0.0,656.6395,631.8284,452.45633,629.87445
0.12,0.24,0.0,718.071,631.04913,513.8831,629.86176
0.15,0.24,0.0,779.4165,630.3006,575.4872,629.7915
0.18,0.24,0.0,840.72327,629.4469,637.0303,629.69775
0.21,0.24,0.0,901.92395,628.5296,698.5783,629.58203
0.24,0.24,0.0,962.6019,627.4986,760.10114,629.4677
0.27,0.24,0.0,1022.8404,626.3864,821.47253,629.25104
0.0,0.27,0.0,472.43448,695.7469,268.1546,690.65674
0.03,0.27,0.0,534.05743,695.12646,328.86942,691.1727
0.06,0.27,0.0,595.76416,694.4442,390.19513,691.52625
0.09,0.27,0.0,657.4209,693.7038,451.6409,691.70996
0.12,0.27,0.0,719.1709,692.9155,513.27856,691.80585
0.15,0.27,0.0,780.82446,692.0939,575.20135,691.77515
0.18,0.27,0.0,842.3532,691.1656,637.0852,691.6931
0.21,0.27,0.0,903.8302,690.149,698.9486,691.57465
0.24,0.27,0.0,964.6323,688.9612,760.7058,691.3815
0.27,0.27,0.0,1025.0623,687.61206,822.4152,691.10986
0.0,0.0,0.0,466.63895,147.90216,269.89542,144.52151
0.03,0.0,0.0,527.6052,146.57042,329.81552,143.14284
0.06,0.0,0.0,588.81323,145.3711,390.31384,142.05415
0.09,0.0,0.0,650.1168,144.35965,451.3303,141.22714
0.12,0.0,0.0,711.5145,143.57364,512.69836,140.61237
0.15,0.0,0.0,772.82306,142.91106,574.2529,140.1892
0.18,0.0,0.0,833.97437,142.47675,635.8984,139.9603
0.21,0.0,0.0,894.8364,142.23112,697.54865,139.8595
0.24,0.0,0.0,955.2695,142.34268,759.123,139.9473
0.27,0.0,0.0,1015.10724,142.72484,820.54785,140.18877
0.0,0.03,0.0,467.8924,209.26212,270.677,205.513
0.03,0.03,0.0,528.77966,208.04225,330.58588,204.46451
0.06,0.03,0.0,589.8332,206.94418,391.0936,203.60718
0.09,0.03,0.0,651.00995,206.0101,452.0195,202.97093
0.12,0.03,0.0,712.2079,205.16855,513.2614,202.52766
0.15,0.03,0.0,773.4024,204.4397,574.6563,202.22112
0.18,0.03,0.0,834.43866,203.89792,636.1129,202.00337
0.21,0.03,0.0,895.25903,203.49838,697.6109,201.9075
0.24,0.03,0.0,955.63385,203.35327,758.9687,201.90742
0.27,0.03,0.0,1015.4895,203.47433,820.346,202.05327
0.0,0.06,0.0,469.29877,270.53424,271.76828,266.5112
0.03,0.06,0.0,530.04175,269.46445,331.60242,265.70248
0.06,0.06,0.0,590.91327,268.47232,392.02124,265.08206
0.09,0.06,0.0,651.86096,267.56033,452.80957,264.66306
0.12,0.06,0.0,712.85944,266.7022,513.8956,264.31186
0.15,0.06,0.0,773.8181,265.93234,575.09424,264.0803
0.18,0.06,0.0,834.7513,265.2719,636.3291,263.90903
0.21,0.06,0.0,895.4381,264.72855,697.57806,263.78595
0.24,0.06,0.0,955.7664,264.37747,758.7974,263.74258
0.27,0.06,0.0,1015.5772,264.24893,819.8954,263.76764
0.0,0.09,0.0,470.7855,331.5388,273.08057,327.3146
0.03,0.09,0.0,531.3691,330.55344,332.85223,326.7332
0.06,0.09,0.0,592.0306,329.62823,393.08444,326.29462
0.09,0.09,0.0,652.7137,328.674,453.71057,326.00095
0.12,0.09,0.0,713.4718,327.87466,514.61194,325.75742
0.15,0.09,0.0,774.1915,327.08945,575.56226,325.5558
0.18,0.09,0.0,834.91785,326.36642,636.5486,325.44052
0.21,0.09,0.0,895.47375,325.75082,697.5421,325.36505
0.24,0.09,0.0,955.6006,325.22162,758.4612,325.23993
0.27,0.09,0.0,1015.3545,324.86746,819.3665,325.17987
0.0,0.12,0.0,472.41638,392.14297,274.6332,387.84842
0.03,0.12,0.0,532.7647,391.21417,334.30908,387.44305
0.06,0.12,0.0,593.1226,390.3884,394.29947,387.14966
0.09,0.12,0.0,653.55597,389.4893,454.73398,386.96298
0.12,0.12,0.0,714.01465,388.61835,515.4058,386.73114
0.15,0.12,0.0,774.4973,387.8173,576.0743,386.61905
0.18,0.12,0.0,834.9859,387.094,636.75256,386.53162
0.21,0.12,0.0,895.39716,386.4021,697.4915,386.44824
0.24,0.12,0.0,955.2904,385.73834,758.0974,386.27606
0.27,0.12,0.0,1014.8774,385.2723,818.7614,386.19736
0.0,0.15,0.0,474.0802,452.2341,276.41895,447.8679
0.03,0.15,0.0,534.12726,451.37607,335.8635,447.64557
0.06,0.15,0.0,594.2129,450.58444,395.60928,447.49216
0.09,0.15,0.0,654.37537,449.73785,455.81805,447.35532
0.12,0.15,0.0,714.56274,448.88782,516.1966,447.19534
0.15,0.15,0.0,774.7466,448.05487,576.56616,447.07788
0.18,0.15,0.0,834.9994,447.30658,636.9449,446.9921
0.21,0.15,0.0,895.1603,446.59714,697.3287,446.90973
0.24,0.15,0.0,954.8552,445.83875,757.69946,446.73575
0.27,0.15,0.0,1014.19476,445.20624,818.0238,446.6305
0.0,0.18,0.0,475.77402,511.77405,278.36893,507.38785
0.03,0.18,0.0,535.4972,510.98502,337.45276,507.32266
0.06,0.18,0.0,595.3154,510.2014,397.0422,507.27466
0.09,0.18,0.0,655.1946,509.35822,456.92166,507.14618
0.12,0.18,0.0,715.1005,508.5674,516.9664,507.02628
0.15,0.18,0.0,775.0023,507.7659,577.05554,506.9158
0.18,0.18,0.0,834.9412,506.9926,637.10724,506.82224
0.21,0.18,0.0,894.79236,506.24283,697.17926,506.73892
0.24,0.18,0.0,954.30505,505.4546,757.23016,506.60568
0.27,0.18,0.0,1013.3232,504.66226,817.2594,506.44583
0.0,0.21,0.0,477.45108,570.79584,280.4031,566.29047
0.03,0.21,0.0,536.8803,570.03784,339.1711,566.4095
0.06,0.21,0.0,596.4217,569.2037,398.46625,566.3513
0.09,0.21,0.0,656.00116,568.4063,458.0518,566.3108
0.12,0.21,0.0,715.6,567.6932,517.71576,566.2757
0.15,0.21,0.0,775.2469,566.84,577.5374,566.1305
0.18,0.21,0.0,834.8614,566.071,637.26996,566.007
0.21,0.21,0.0,894.3869,565.32166,697.0299,565.9375
0.24,0.21,0.0,953.6254,564.45337,756.8138,565.8618
0.27,0.21,0.0,1012.3384,563.58594,816.52893,565.73914
0.0,0.24,0.0,479.15527,629.2272,282.55725,624.59503
0.03,0.24,0.0,538.2842,628.4913,340.98273,624.8037
0.06,0.24,0.0,597.5254,627.6213,399.9738,624.7866
0.09,0.24,0.0,656.8015,626.89404,459.14313,624.8325
0.12,0.24,0.0,716.14685,626.26904,518.45233,624.94086
0.15,0.24,0.0,775.4592,625.38525,577.9481,624.73016
0.18,0.24,0.0,834.7278,624.56464,637.40533,624.6306
0.21,0.24,0.0,893.9499,623.82275,696.8879,624.65466
0.24,0.24,0.0,952.78674,622.8419,756.34576,624.46967
0.27,0.24,0.0,1011.1599,621.82697,815.73535,624.3355
0.0,0.27,0.0,480.85565,687.02203,284.84824,682.0933
0.03,0.27,0.0,539.6951,686.3056,342.88898,682.4154
0.06,0.27,0.0,598.62164,685.4003,401.55862,682.48364
0.09,0.27,0.0,657.5843,684.71075,460.33978,682.6087
0.12,0.27,0.0,716.63324,684.2405,519.22046,682.9693
0.15,0.27,0.0,775.59247,683.2372,578.3999,682.7096
0.18,0.27,0.0,834.52686,682.3757,637.5461,682.61273
0.21,0.27,0.0,893.4088,681.65594,696.7282,682.7186
0.24,0.27,0.0,951.75037,680.41754,755.7898,682.3908
0.27,0.27,0.0,1009.82837,679.3388,814.87933,682.2769
0.0,0.0,0.0,614.24,259.24606,421.90778,256.07584
0.03,0.0,0.0,672.3783,256.53937,478.8805,253.8385
0.06,0.0,0.0,731.20483,253.88788,536.70886,251.63832
0.09,0.0,0.0,790.7058,251.29091,595.3105,249.49055
0.12,0.0,0.0,850.81934,248.7752,654.69147,247.3927
0.15,0.0,0.0,911.4015,246.42287,714.8326,245.34209
0.18,0.0,0.0,972.2911,244.23105,775.63226,243.31776
0.21,0.0,0.0,1033.2692,242.25519,836.9992,241.35867
0.24,0.0,0.0,1094.1671,240.53207,898.8907,239.56537
0.27,0.0,0.0,1154.768,239.07262,961.1128,237.90782
0.0,0.03,0.0,615.3919,317.7441,422.16125,314.67032
0.03,0.03,0.0,673.5821,315.41275,479.24606,312.85364
0.06,0.03,0.0,732.5094,313.08307,537.167,311.1136
0.09,0.03,0.0,792.11755,310.8056,595.88477,309.37808
0.12,0.03,0.0,852.37415,308.5602,655.34204,307.64908
0.15,0.03,0.0,913.09436,306.44144,715.49097,305.9404
0.18,0.03,0.0,974.21234,304.41516,776.3822,304.21906
0.21,0.03,0.0,1035.4323,302.57056,837.9112,302.55746
0.24,0.03,0.0,1096.561,300.9441,899.9543,300.983
0.27,0.03,0.0,1157.3954,299.4923,962.3708,299.52924
0.0,0.06,0.0,616.5408,376.3849,422.5056,373.4597
0.03,0.06,0.0,674.77203,374.46414,479.67828,372.0941
0.06,0.06,0.0,733.7524,372.4586,537.6781,370.771
0.09,0.06,0.0,793.4461,370.5285,596.4129,369.44403
0.12,0.06,0.0,853.79266,368.61038,655.9098,368.10062
0.15,0.06,0.0,914.661,366.73233,716.1188,366.75726
0.18,0.06,0.0,975.8987,364.92593,777.0574,365.35956
0.21,0.06,0.0,1037.3301,363.27252,838.65594,364.00943
0.24,0.06,0.0,1098.6273,361.70132,900.8265,362.72647
0.27,0.06,0.0,1159.6274,360.34985,963.377,361.48486
0.0,0.09,0.0,617.66327,435.16125,422.88095,432.35922
0.03,0.09,0.0,676.0104,433.58484,480.19696,431.43356
0.06,0.09,0.0,734.96704,431.97253,538.16003,430.47467
0.09,0.09,0.0,794.731,430.38248,596.99194,429.5496
0.12,0.09,0.0,855.13696,428.79343,656.4906,428.59372
0.15,0.09,0.0,916.0905,427.23785,716.7083,427.61075
0.18,0.09,0.0,977.44977,425.67245,777.655,426.59866
0.21,0.09,0.0,1038.9889,424.20483,839.30505,425.57425
0.24,0.09,0.0,1100.3613,422.80356,901.5811,424.59845
0.27,0.09,0.0,1161.5447,421.46765,964.2127,423.63602
0.0,0.12,0.0,618.84436,493.97473,423.3721,491.34818
0.03,0.12,0.0,677.20807,492.78522,480.76633,490.79727
0.06,0.12,0.0,736.17413,491.53864,538.66473,490.2364
0.09,0.12,0.0,796.00287,490.2899,597.5049,489.67065
0.12,0.12,0.0,856.40955,489.07043,657.0742,489.06256
0.15,0.12,0.0,917.4313,487.80695,717.27765,488.4557
0.18,0.12,0.0,978.8455,486.56427,778.2232,487.84088
0.21,0.12,0.0,1040.4629,485.30646,839.9495,487.20877
0.24,0.12,0.0,1101.8553,484.05832,902.24005,486.54868
0.27,0.12,0.0,1163.1249,482.81726,964.9326,485.89395
0.0,0.15,0.0,620.03986,552.82416,423.91998,550.31903
0.03,0.15,0.0,678.384,551.99615,481.2742,550.1731
0.06,0.15,0.0,737.3938,551.1641,539.1964,549.99457
0.09,0.15,0.0,797.2269,550.3055,598.04346,549.76373
0.12,0.15,0.0,857.67896,549.3783,657.5744,549.53107
0.15,0.15,0.0,918.6688,548.47015,717.8137,549.30615
0.18,0.15,0.0,980.06866,547.5022,778.7959,549.09216
0.21,0.15,0.0,1041.6686,546.4673,840.48254,548.8678
0.24,0.15,0.0,1103.0706,545.3532,902.7705,548.53394
0.27,0.15,0.0,1164.2812,544.16113,965.4339,548.20447
0.0,0.18,0.0,621.2465,611.68677,424.5555,609.2543
0.03,0.18,0.0,679.5208,611.22327,481.75464,609.52966
0.06,0.18,0.0,738.61975,610.7541,539.7686,609.71783
0.09,0.18,0.0,798.4121,610.232,598.60944,609.8921
0.12,0.18,0.0,858.8187,609.6803,658.1046,610.0375
0.15,0.18,0.0,919.7937,609.03973,718.35394,610.2292
0.18,0.18,0.0,981.1292,608.3302,779.3238,610.3633
0.21,0.18,0.0,1042.6334,607.5163,840.964,610.48456
0.24,0.18,0.0,1104.0004,606.5681,903.1782,610.50104
0.27,0.18,0.0,1165.047,605.4442,965.79254,610.38586
0.0,0.21,0.0,622.3997,670.53674,425.16043,668.11066
0.03,0.21,0.0,680.71204,670.44965,482.3074,668.8027
0.06,0.21,0.0,739.81934,670.28064,540.3841,669.3987
0.09,0.21,0.0,799.57355,670.1345,599.16113,669.96747
0.12,0.21,0.0,859.9374,669.9201,658.5964,670.5428
0.15,0.21,0.0,920.7801,669.51245,718.85486,671.03937
0.18,0.21,0.0,981.99896,669.0293,779.80273,671.4964
0.21,0.21,0.0,1043.3853,668.38116,841.3591,671.9793
0.24,0.21,0.0,1104.5706,667.54,903.4881,672.2782
0.27,0.21,0.0,1165.4854,666.51776,965.98157,672.4209
0.0,0.24,0.0,623.5624,729.30615,425.88132,726.7465
0.03,0.24,0.0,681.906,729.57916,482.9581,727.92004
0.06,0.24,0.0,741.0126,729.69666,541.012,728.87634
0.09,0.24,0.0,800.6567,729.86536,599.71985,729.87244
0.12,0.24,0.0,860.90515,729.9931,659.07166,730.9131
0.15,0.24,0.0,921.62744,729.782,719.3127,731.70917
0.18,0.24,0.0,982.6504,729.47687,780.17413,732.52264
0.21,0.24,0.0,1043.8274,729.044,841.63715,733.2951
0.24,0.24,0.0,1104.8145,728.2234,903.6021,733.7807
0.27,0.24,0.0,1165.5012,727.2152,965.9263,734.15295
0.0,0.27,0.0,624.74115,787.85187,426.6863,785.1152
0.03,0.27,0.0,683.04346,788.41534,483.72302,786.67664
0.06,0.27,0.0,742.1006,788.766,541.73236,788.0118
0.09,0.27,0.0,801.62115,789.2335,600.29144,789.4513
0.12,0.27,0.0,861.6989,789.7106,659.4967,791.0155
0.15,0.27,0.0,922.2459,789.64905,719.70856,792.0647
0.18,0.27,0.0,983.0505,789.4671,780.4434,793.10834
0.21,0.27,0.0,1044.0134,789.22174,841.74023,794.2562
0.24,0.27,0.0,1104.6293,788.34674,903.5211,794.8293
0.27,0.27,0.0,1165.191,787.43225,965.6041,795.436
0.0,0.0,0.0,614.42865,242.33092,412.84756,239.02452
0.03,0.0,0.0,675.6175,243.48868,475.1465,240.64226
0.06,0.0,0.0,736.02545,244.72835,536.7895,242.3939
0.09,0.0,0.0,795.6609,246.02075,597.81305,244.1892
0.12,0.0,0.0,854.41486,247.4375,658.1306,246.07538
0.15,0.0,0.0,912.1972,248.9633,717.65393,248.0053
0.18,0.0,0.0,968.9083,250.62933,776.38477,249.93935
0.21,0.0,0.0,1024.4653,252.45721,834.2175,251.94804
0.24,0.0,0.0,1078.6594,254.45445,891.1699,254.00354
0.27,0.0,0.0,1131.5155,256.58627,947.1496,256.233
0.0,0.03,0.0,614.7898,304.07886,412.21844,300.82095
0.03,0.03,0.0,676.0627,304.86032,474.63025,302.1903
0.06,0.03,0.0,736.5454,305.67813,536.40204,303.644
0.09,0.03,0.0,796.24896,306.57565,597.51886,305.11536
0.12,0.03,0.0,855.11835,307.49124,657.8666,306.64734
0.15,0.03,0.0,913.0465,308.52982,717.45087,308.16702
0.18,0.03,0.0,969.93164,309.6853,776.2572,309.6583
0.21,0.03,0.0,1025.6686,310.95163,834.2203,311.20343
0.24,0.03,0.0,1080.0688,312.3592,891.32294,312.81613
0.27,0.03,0.0,1133.0684,313.89615,947.419,314.50433
0.0,0.06,0.0,615.17883,366.02957,411.7147,362.8927
0.03,0.06,0.0,676.4605,366.46,474.20898,363.98175
0.06,0.06,0.0,737.0215,366.8559,536.0853,365.09146
0.09,0.06,0.0,796.76624,367.32715,597.2389,366.22455
0.12,0.06,0.0,855.71906,367.83728,657.59595,367.38858
0.15,0.06,0.0,913.75024,368.4091,717.21204,368.49625
0.18,0.06,0.0,970.78534,369.061,776.0808,369.60532
0.21,0.06,0.0,1026.65,369.79214,834.12836,370.70932
0.24,0.06,0.0,1081.1775,370.6519,891.30066,371.869
0.27,0.06,0.0,1134.3208,371.5618,947.4987,373.07523
0.0,0.09,0.0,615.58594,428.07202,411.25705,425.1081
0.03,0.09,0.0,676.81274,428.12885,473.84766,425.87787
0.06,0.09,0.0,737.4645,428.1517,535.7448,426.63464
0.09,0.09,0.0,797.2615,428.2444,596.98016,427.39597
0.12,0.09,0.0,856.22723,428.32535,657.2963,428.17447
0.15,0.09,0.0,914.3197,428.46786,716.8996,428.89035
0.18,0.09,0.0,971.4901,428.61584,775.8208,429.56113
0.21,0.09,0.0,1027.4592,428.85568,833.98,430.28442
0.24,0.09,0.0,1081.9712,429.16693,891.12854,431.02432
0.27,0.09,0.0,1135.269,429.4966,947.4456,431.7666
0.0,0.12,0.0,615.9624,490.19403,410.90213,487.4214
0.03,0.12,0.0,677.20935,489.85806,473.53046,487.78986
0.06,0.12,0.0,737.9063,489.5245,535.50275,488.21356
0.09,0.12,0.0,797.7297,489.22122,596.67194,488.59436
0.12,0.12,0.0,856.6555,488.89178,656.98126,488.92416
0.15,0.12,0.0,914.7544,488.59714,716.58075,489.27765
0.18,0.12,0.0,971.99945,488.3336,775.56287,489.59592
0.21,0.12,0.0,1028.0953,488.04962,833.7704,489.92947
0.24,0.12,0.0,1082.5378,487.8075,890.8879,490.25378
0.27,0.12,0.0,1135.8645,487.515,947.2732,490.5581
0.0,0.15,0.0,616.34406,552.33856,410.61185,549.7138
0.03,0.15,0.0,677.61145,551.6144,473.19833,549.74084
0.06,0.15,0.0,738.3347,550.9253,535.17084,549.78046
0.09,0.15,0.0,798.14044,550.22327,596.3741,549.7563
0.12,0.15,0.0,857.0683,549.4985,656.6629,549.6743
0.15,0.15,0.0,915.1464,548.78705,716.2678,549.6614
0.18,0.15,0.0,972.3699,548.0606,775.2178,549.6109
0.21,0.15,0.0,1028.4642,547.27026,833.4714,549.61255
0.24,0.15,0.0,1082.9191,546.4666,890.5787,549.4746
0.27,0.15,0.0,1136.1785,545.62885,946.86926,549.3733
0.0,0.18,0.0,616.6974,614.4935,410.34958,611.96136
0.03,0.18,0.0,678.019,613.36865,472.91116,611.65814
0.06,0.18,0.0,738.64703,612.3374,534.829,611.3282
0.09,0.18,0.0,798.4439,611.24725,596.0019,610.884
0.12,0.18,0.0,857.42896,610.1476,656.3908,610.4717
0.15,0.18,0.0,915.46796,608.9405,715.9586,610.07587
0.18,0.18,0.0,972.5744,607.7233,774.88904,609.65265
0.21,0.18,0.0,1028.5752,606.4736,833.0593,609.22156
0.24,0.18,0.0,1083.094,605.11835,890.2216,608.6925
0.27,0.18,0.0,1136.1776,603.65985,946.3866,608.10114
0.0,0.21,0.0,617.09644,676.6093,410.21973,674.0844
0.03,0.21,0.0,678.4513,675.1719,472.68625,673.4973
0.06,0.21,0.0,738.9529,673.6606,534.52246,672.76996
0.09,0.21,0.0,798.7005,672.13477,595.6531,671.9721
0.12,0.21,0.0,857.73834,670.6405,656.0749,671.2376
0.15,0.21,0.0,915.6643,668.9797,715.62695,670.40875
0.18,0.21,0.0,972.60034,667.2781,774.4907,669.5752
0.21,0.21,0.0,1028.46,665.4943,832.58606,668.7414
0.24,0.21,0.0,1082.9115,663.55634,889.72815,667.75037
0.27,0.21,0.0,1135.8971,661.49695,945.8107,666.69025
0.0,0.24,0.0,617.5419,738.634,410.21603,735.9735
0.03,0.24,0.0,678.82263,736.8111,472.53152,735.1135
0.06,0.24,0.0,739.2038,734.81726,534.2122,734.01135
0.09,0.24,0.0,798.94586,732.90106,595.32324,732.9463
0.12,0.24,0.0,857.9442,730.9898,655.74274,731.88947
0.15,0.24,0.0,915.6662,728.78925,715.2368,730.6413
0.18,0.24,0.0,972.4221,726.54315,774.00543,729.3478
0.21,0.24,0.0,1028.2386,724.2367,832.0611,728.0826
0.24,0.24,0.0,1082.409,721.68365,889.0077,726.6036
0.27,0.24,0.0,1135.2689,719.07104,945.018,725.04535
0.0,0.27,0.0,618.01404,800.3785,410.35187,797.47406
0.03,0.27,0.0,679.16205,798.1099,472.49698,796.33875
0.06,0.27,0.0,739.41815,795.6421,534.0344,794.8853
0.09,0.27,0.0,799.0314,793.2834,595.007,793.5156
0.12,0.27,0.0,858.04736,791.0202,655.4032,792.2649
0.15,0.27,0.0,915.4875,788.1929,714.7446,790.48145
0.18,0.27,0.0,972.06635,785.43585,773.4403,788.7707
0.21,0.27,0.0,1027.7756,782.6386,831.4395,787.1272
0.24,0.27,0.0,1081.5828,779.3974,888.1054,785.059
0.27,0.27,0.0,1134.4337,776.17834,944.0556,783.0228
0.0,0.0,0.0,612.17035,259.22415,419.79825,256.07324
0.03,0.0,0.0,671.0973,258.45975,478.68213,255.75781
0.06,0.0,0.0,729.97974,257.78198,537.7028,255.55843
0.09,0.0,0.0,788.8316,257.12775,596.7796,255.41931
0.12,0.0,0.0,847.5281,256.61667,655.9421,255.35008
0.15,0.0,0.0,905.95087,256.25037,715.02026,255.34175
0.18,0.0,0.0,964.0152,256.06216,774.0057,255.38297
0.21,0.0,0.0,1021.49835,256.03787,832.82556,255.49896
0.24,0.0,0.0,1078.2657,256.19885,891.4495,255.71165
0.27,0.0,0.0,1134.1691,256.58426,949.6903,256.08878
0.0,0.03,0.0,612.67346,316.49057,418.4952,313.39395
0.03,0.03,0.0,671.9672,315.75586,477.77756,313.17838
0.06,0.03,0.0,731.22064,314.99515,537.1863,313.02582
0.09,0.03,0.0,790.4715,314.33447,596.6764,312.96375
0.12,0.03,0.0,849.5929,313.73703,656.1508,312.91626
0.15,0.03,0.0,908.4524,313.22818,715.5972,312.86523
0.18,0.03,0.0,966.96814,312.84235,774.97974,312.82965
0.21,0.03,0.0,1024.9272,312.62793,834.20056,312.84964
0.24,0.03,0.0,1082.1371,312.5157,893.2441,312.9471
0.27,0.03,0.0,1138.4945,312.67188,951.91785,313.14212
0.0,0.06,0.0,613.20087,374.5394,417.26193,371.52023
0.03,0.06,0.0,672.8203,373.77707,476.94543,371.40198
0.06,0.06,0.0,732.4657,373.03662,536.73706,371.32016
0.09,0.06,0.0,792.0555,372.3043,596.5642,371.24963
0.12,0.06,0.0,851.5558,371.6624,656.38885,371.2018
0.15,0.06,0.0,910.8238,371.06387,716.1409,371.13135
0.18,0.06,0.0,969.76794,370.52005,775.8767,371.0287
0.21,0.06,0.0,1028.1467,370.08615,835.5013,370.98203
0.24,0.06,0.0,1085.7848,369.80087,894.93787,370.9661
0.27,0.06,0.0,1142.5209,369.61923,953.97546,371.03827
0.0,0.09,0.0,613.7142,433.224,416.0449,430.3831
0.03,0.09,0.0,673.68933,432.52267,476.14703,430.34027
0.06,0.09,0.0,733.6827,431.7063,536.30005,430.21536
0.09,0.09,0.0,793.64233,430.96396,596.4605,430.1766
0.12,0.09,0.0,853.4815,430.3051,656.58124,430.14484
0.15,0.09,0.0,913.1225,429.64133,716.6463,430.0591
0.18,0.09,0.0,972.48206,428.92413,776.7357,429.9087
0.21,0.09,0.0,1031.2673,428.36868,836.7582,429.79327
0.24,0.09,0.0,1089.1884,427.87997,896.5007,429.77945
0.27,0.09,0.0,1146.3112,427.3744,955.96967,429.677
0.0,0.12,0.0,614.27344,492.6442,414.907,489.94156
0.03,0.12,0.0,674.5749,491.95963,475.37576,489.9392
0.06,0.12,0.0,734.9109,491.10324,535.837,489.78876
0.09,0.12,0.0,795.1842,490.36017,596.3343,489.72656
0.12,0.12,0.0,855.369,489.67496,656.78314,489.71393
0.15,0.12,0.0,915.3574,488.9266,717.1283,489.6184
0.18,0.12,0.0,975.0597,488.13092,777.568,489.42725
0.21,0.12,0.0,1034.2404,487.35907,837.9548,489.25522
0.24,0.12,0.0,1092.3885,486.68857,897.99084,489.22113
0.27,0.12,0.0,1149.8153,485.89334,957.8291,489.01382
0.0,0.15,0.0,614.8289,552.7323,413.8403,550.14355
0.03,0.15,0.0,675.4859,552.01605,474.57123,550.15393
0.06,0.15,0.0,736.1404,551.1951,535.3407,550.0264
0.09,0.15,0.0,796.75385,550.4301,596.15845,549.94574
0.12,0.15,0.0,857.2129,549.66956,656.94336,549.87067
0.15,0.15,0.0,917.5366,548.84393,717.6734,549.7919
0.18,0.15,0.0,977.49774,547.9758,778.399,549.61707
0.21,0.15,0.0,1036.9589,547.0281,839.0998,549.4477
0.24,0.15,0.0,1095.4149,546.10175,899.4718,549.3128
0.27,0.15,0.0,1153.0521,545.07544,959.54285,549.0381
0.0,0.18,0.0,615.40576,613.4702,412.8227,610.9294
0.03,0.18,0.0,676.3786,612.71985,473.77823,610.9421
0.06,0.18,0.0,737.3505,611.9273,534.88965,610.9133
0.09,0.18,0.0,798.2464,611.1409,596.0327,610.8245
0.12,0.18,0.0,859.0411,610.3133,657.1246,610.697
0.15,0.18,0.0,919.6315,609.4293,718.1526,610.608
0.18,0.18,0.0,979.8096,608.4069,779.1714,610.4396
0.21,0.18,0.0,1039.4473,607.27844,840.1496,610.2272
0.24,0.18,0.0,1098.1912,606.0621,900.8514,609.9665
0.27,0.18,0.0,1155.9137,604.74945,961.09753,609.58954
0.0,0.21,0.0,616.0151,674.80865,411.87964,672.2313
0.03,0.21,0.0,677.27856,674.06775,473.05234,672.3428
0.06,0.21,0.0,738.5358,673.2618,534.4477,672.3209
0.09,0.21,0.0,799.75183,672.4084,595.854,672.2547
0.12,0.21,0.0,860.8256,671.4701,657.28076,672.1497
0.15,0.21,0.0,921.5921,670.4625,718.63727,672.00525
0.18,0.21,0.0,981.96106,669.28815,779.93066,671.82666
0.21,0.21,0.0,1041.7386,667.96356,841.1496,671.54645
0.24,0.21,0.0,1100.6447,666.47314,902.05695,671.15094
0.27,0.21,0.0,1158.5233,664.8416,962.5435,670.5946
0.0,0.24,0.0,616.60693,736.6958,410.9721,733.96747
0.03,0.24,0.0,678.1876,735.9411,472.41202,734.18604
0.06,0.24,0.0,739.6916,735.11096,534.0348,734.2661
0.09,0.24,0.0,801.1429,734.1861,595.7368,734.2586
0.12,0.24,0.0,862.5239,733.15894,657.42145,734.1666
0.15,0.24,0.0,923.41907,731.94196,719.0468,733.9589
0.18,0.24,0.0,983.88617,730.5548,780.6185,733.70636
0.21,0.24,0.0,1043.8121,728.97736,842.06116,733.3059
0.24,0.24,0.0,1102.758,727.1913,903.1199,732.73645
0.27,0.24,0.0,1160.7428,725.17847,963.7423,731.9865
0.0,0.27,0.0,617.2227,798.97534,410.2236,795.9389
0.03,0.27,0.0,679.05475,798.1586,471.84778,796.313
0.06,0.27,0.0,740.80365,797.22455,533.7097,796.45197
0.09,0.27,0.0,802.46405,796.2005,595.6015,796.4883
0.12,0.27,0.0,864.05505,795.1102,657.52325,796.47125
0.15,0.27,0.0,925.027,793.6455,719.40607,796.17175
0.18,0.27,0.0,985.5627,792.0108,781.16235,795.7944
0.21,0.27,0.0,1045.6368,790.1495,842.83075,795.3342
0.24,0.27,0.0,1104.469,787.98956,903.9346,794.5248
0.27,0.27,0.0,1162.5934,785.63855,964.7291,793.6143
0.0,0.0,0.0,609.85785,247.07356,408.72394,243.80498
0.03,0.0,0.0,671.65497,246.14499,470.43915,243.33757
0.06,0.0,0.0,733.4043,245.32323,532.2996,242.97662
0.09,0.0,0.0,795.1613,244.58708,594.2904,242.72058
0.12,0.0,0.0,856.7517,243.99934,656.3813,242.56926
0.15,0.0,0.0,918.0843,243.56569,718.4301,242.48787
0.18,0.0,0.0,978.8983,243.35793,780.35223,242.45444
0.21,0.0,0.0,1039.1113,243.38641,842.1821,242.57492
0.24,0.0,0.0,1098.4795,243.64807,903.6892,242.82338
0.27,0.0,0.0,1156.8837,244.16278,964.7648,243.27109
0.0,0.03,0.0,610.908,309.09833,409.77325,305.89383
0.03,0.03,0.0,672.4643,308.20712,471.2889,305.5394
0.06,0.03,0.0,733.9961,307.32727,532.96356,305.32504
0.09,0.03,0.0,795.4966,306.564,594.7336,305.12518
0.12,0.03,0.0,856.91925,305.8741,656.5322,304.998
0.15,0.03,0.0,918.0762,305.29013,718.30365,304.86603
0.18,0.03,0.0,978.80505,304.87988,780.02844,304.77734
0.21,0.03,0.0,1038.958,304.6813,841.6489,304.78113
0.24,0.03,0.0,1098.2769,304.65613,902.9903,304.89774
0.27,0.03,0.0,1156.6005,304.8379,963.933,305.11945
0.0,0.06,0.0,611.95154,370.72836,410.9351,367.6422
0.03,0.06,0.0,673.22516,369.8382,472.25204,367.4237
0.06,0.06,0.0,734.51294,368.99078,533.65027,367.24054
0.09,0.06,0.0,795.76843,368.17572,595.1525,367.09863
0.12,0.06,0.0,856.9216,367.4516,656.6612,366.9575
0.15,0.06,0.0,917.9219,366.70703,718.1333,366.81494
0.18,0.06,0.0,978.50714,366.19058,779.6086,366.70435
0.21,0.06,0.0,1038.5269,365.72406,840.9624,366.6046
0.24,0.06,0.0,1097.7361,365.441,902.0789,366.59045
0.27,0.06,0.0,1155.9584,365.34073,962.85596,366.67172
0.0,0.09,0.0,613.0005,431.80127,412.12573,428.90817
0.03,0.09,0.0,673.97736,430.92053,473.24667,428.68933
0.06,0.09,0.0,734.963,430.10208,534.379,428.60464
0.09,0.09,0.0,795.9807,429.25595,595.58484,428.4532
0.12,0.09,0.0,856.8926,428.45416,656.7469,428.30063
0.15,0.09,0.0,917.62103,427.71982,717.9049,428.15915
0.18,0.09,0.0,978.02515,427.04654,779.1076,428.0291
0.21,0.09,0.0,1037.8955,426.4639,840.22485,427.90845
0.24,0.09,0.0,1096.8575,425.88687,901.07196,427.79318
0.27,0.09,0.0,1154.9822,425.4929,961.6453,427.7693
0.0,0.12,0.0,614.0274,492.3281,413.44693,489.59616
0.03,0.12,0.0,674.72327,491.43042,474.27237,489.36163
0.06,0.12,0.0,735.4405,490.6709,535.0782,489.36304
0.09,0.12,0.0,796.16125,489.81915,595.9866,489.18387
0.12,0.12,0.0,856.7514,488.95474,656.85114,489.00906
0.15,0.12,0.0,917.2138,488.15332,717.6932,488.83932
0.18,0.12,0.0,977.41534,487.4199,778.5706,488.74655
0.21,0.12,0.0,1037.0557,486.697,839.4172,488.63712
0.24,0.12,0.0,1095.6888,485.89835,899.95166,488.426
0.27,0.12,0.0,1153.6486,485.22504,960.26483,488.35712
0.0,0.15,0.0,615.07935,552.2291,414.82477,549.5893
0.03,0.15,0.0,675.44635,551.3604,475.26746,549.4757
0.06,0.15,0.0,735.8907,550.62634,535.7871,549.4478
0.09,0.15,0.0,796.31213,549.80804,596.3955,549.2874
0.12,0.15,0.0,856.5952,548.92896,656.92236,549.07684
0.15,0.15,0.0,916.7395,548.0439,717.45764,548.9231
0.18,0.15,0.0,976.62317,547.2254,778.00775,548.82184
0.21,0.15,0.0,1035.9714,546.40717,838.56067,548.76306
0.24,0.15,0.0,1094.3523,545.3514,898.77686,548.49915
0.27,0.15,0.0,1151.9537,544.39465,958.756,548.2777
0.0,0.18,0.0,616.1012,611.50757,416.213,608.9689
0.03,0.18,0.0,676.1768,610.71747,476.2659,608.9527
0.06,0.18,0.0,736.2799,609.9538,536.48584,608.88495
0.09,0.18,0.0,796.3775,609.1189,596.7423,608.72754
0.12,0.18,0.0,856.38666,608.2686,656.991,608.5775
0.15,0.18,0.0,916.16766,607.31226,717.20404,608.4147
0.18,0.18,0.0,975.67615,606.3918,777.43884,608.2893
0.21,0.18,0.0,1034.6556,605.3836,837.61224,608.20123
0.24,0.18,0.0,1092.7849,604.21204,897.54297,607.93054
0.27,0.18,0.0,1149.9822,602.88135,957.0872,607.5266
0.0,0.21,0.0,617.12946,670.195,417.64923,667.6319
0.03,0.21,0.0,676.9199,669.48846,477.34412,667.7265
0.06,0.21,0.0,736.6843,668.6223,537.20953,667.6205
0.09,0.21,0.0,796.41986,667.7526,597.1257,667.49097
0.12,0.21,0.0,856.1189,666.9237,657.0384,667.4688
0.15,0.21,0.0,915.4989,665.88135,716.9486,667.2314
0.18,0.21,0.0,974.5607,664.78937,776.8204,667.0454
0.21,0.21,0.0,1033.154,663.6447,836.6051,666.9089
0.24,0.21,0.0,1090.8998,662.2324,896.16315,666.5699
0.27,0.21,0.0,1147.7375,660.71594,955.3316,666.09033
0.0,0.24,0.0,618.15173,728.2902,419.18024,725.55176
0.03,0.24,0.0,677.60034,727.5447,478.44287,725.7309
0.06,0.24,0.0,737.01276,726.5753,537.95734,725.60706
0.09,0.24,0.0,796.4175,725.7145,597.48755,725.59143
0.12,0.24,0.0,855.74713,724.92444,657.08484,725.6513
0.15,0.24,0.0,914.68365,723.6716,716.6082,725.3488
0.18,0.24,0.0,973.30096,722.4169,776.12494,725.0975
0.21,0.24,0.0,1031.4591,721.10693,835.54315,724.9322
0.24,0.24,0.0,1088.7369,719.4301,894.65314,724.3846
0.27,0.24,0.0,1145.1475,717.6564,953.40607,723.78564
0.0,0.27,0.0,619.1817,785.5939,420.74582,782.6463
0.03,0.27,0.0,678.2837,784.732,479.6532,782.82837
0.06,0.27,0.0,737.3322,783.6382,538.7856,782.6741
0.09,0.27,0.0,796.2995,782.7523,597.9002,782.74634
0.12,0.27,0.0,855.2846,782.041,657.08484,783.03534
0.15,0.27,0.0,913.71765,780.5535,716.26697,782.56024
0.18,0.27,0.0,971.86456,779.0752,775.3372,782.2396
0.21,0.27,0.0,1029.6024,777.69116,834.3817,782.0595
0.24,0.27,0.0,1086.2788,775.6026,892.97455,781.2342
0.27,0.27,0.0,1142.3333,773.6327,951.3144,780.5742
0.0,0.0,0.0,477.09583,359.8795,284.3012,355.68353
0.03,0.0,0.0,534.5465,357.75928,339.99005,353.9957
0.06,0.0,0.0,592.7351,355.62653,396.7251,352.4143
0.09,0.0,0.0,651.69165,353.48587,454.51166,350.81433
0.12,0.0,0.0,711.4447,351.36087,513.2111,349.29898
0.15,0.0,0.0,771.9455,349.24872,572.7234,347.80142
0.18,0.0,0.0,833.1428,347.1439,633.0102,346.2945
0.21,0.0,0.0,894.92834,345.07718,694.04785,344.78378
0.24,0.0,0.0,957.13715,343.13013,755.83685,343.2607
0.27,0.0,0.0,1019.5914,341.32178,818.3543,341.7556
0.0,0.03,0.0,478.16537,418.74704,284.49554,414.4657
0.03,0.03,0.0,535.6897,417.0161,340.26443,413.28427
0.06,0.03,0.0,593.8972,415.26227,397.13254,412.1418
0.09,0.03,0.0,652.9224,413.53897,454.9744,411.022
0.12,0.03,0.0,712.73065,411.75983,513.7434,409.9557
0.15,0.03,0.0,773.2634,410.03433,573.2919,408.841
0.18,0.03,0.0,834.52435,408.2657,633.59283,407.76974
0.21,0.03,0.0,896.38983,406.55365,694.6576,406.64664
0.24,0.03,0.0,958.73676,404.86673,756.44977,405.5032
0.27,0.03,0.0,1021.3422,403.27646,819.0161,404.3381
0.0,0.06,0.0,479.28494,477.66714,284.83527,473.37387
0.03,0.06,0.0,536.8046,476.35397,340.64944,472.7112
0.06,0.06,0.0,595.07477,475.0115,397.57742,472.00763
0.09,0.06,0.0,654.13043,473.64807,455.47256,471.33633
0.12,0.06,0.0,713.9729,472.28882,514.29626,470.65332
0.15,0.06,0.0,774.5078,470.8867,573.8341,469.95142
0.18,0.06,0.0,835.81793,469.49167,634.15533,469.24606
0.21,0.06,0.0,897.7711,468.11493,695.2194,468.5103
0.24,0.06,0.0,960.16925,466.74344,757.035,467.733
0.27,0.06,0.0,1022.8296,465.39087,819.63995,466.96796
0.0,0.09,0.0,480.38342,536.6586,285.28055,532.3154
0.03,0.09,0.0,537.99316,535.7021,341.1936,532.1115
0.06,0.09,0.0,596.2155,534.7594,398.00012,531.8835
0.09,0.09,0.0,655.33484,533.7876,455.9627,531.6495
0.12,0.09,0.0,715.2039,532.8072,514.83624,531.3265
0.15,0.09,0.0,775.76227,531.79474,574.4067,531.022
0.18,0.09,0.0,837.1119,530.7882,634.6557,530.6895
0.21,0.09,0.0,899.0553,529.78,695.7681,530.37256
0.24,0.09,0.0,961.4928,528.71655,757.5699,530.0382
0.27,0.09,0.0,1024.1398,527.5784,820.18085,529.6725
0.0,0.12,0.0,481.54755,595.6607,285.95502,591.20776
0.03,0.12,0.0,539.22046,595.0758,341.8919,591.4928
0.06,0.12,0.0,597.4048,594.55145,398.5406,591.7655
0.09,0.12,0.0,656.5231,593.97015,456.47644,591.92487
0.12,0.12,0.0,716.43463,593.31696,515.38306,592.02484
0.15,0.12,0.0,777.02856,592.7081,574.92236,592.0994
0.18,0.12,0.0,838.338,592.1012,635.21204,592.1753
0.21,0.12,0.0,900.2965,591.4413,696.2745,592.27136
0.24,0.12,0.0,962.6125,590.61487,758.16846,592.3026
0.27,0.12,0.0,1025.2583,589.75903,820.7376,592.3507
0.0,0.15,0.0,482.8187,654.5931,286.81195,649.9515
0.03,0.15,0.0,540.4046,654.43726,342.61423,650.72516
0.06,0.15,0.0,598.61505,654.31226,399.21158,651.54816
0.09,0.15,0.0,657.72705,654.1185,457.10318,652.1732
0.12,0.15,0.0,717.6417,653.86523,515.9197,652.67444
0.15,0.15,0.0,778.2456,653.5961,575.44965,653.1612
0.18,0.15,0.0,839.4968,653.32385,635.73865,653.6366
0.21,0.15,0.0,901.3455,652.9782,696.79517,654.1501
0.24,0.15,0.0,963.63434,652.40247,758.66486,654.5143
0.27,0.15,0.0,1026.0953,651.7678,821.1824,654.93304
0.0,0.18,0.0,484.15295,713.41254,287.90512,708.4447
0.03,0.18,0.0,541.5995,713.7293,343.4211,709.83514
0.06,0.18,0.0,599.86743,713.991,400.08362,711.0783
0.09,0.18,0.0,658.96497,714.17633,457.8361,712.17285
0.12,0.18,0.0,718.8079,714.3284,516.48883,713.17285
0.15,0.18,0.0,779.37274,714.40765,575.98755,714.1174
0.18,0.18,0.0,840.5602,714.41516,636.26764,715.0152
0.21,0.18,0.0,902.31476,714.32684,697.26556,715.9072
0.24,0.18,0.0,964.40607,714.025,759.0916,716.6706
0.27,0.18,0.0,1026.7106,713.53033,821.536,717.3453
0.0,0.21,0.0,485.54086,771.9591,289.13815,766.62994
0.03,0.21,0.0,542.9087,772.7498,344.47543,768.55707
0.06,0.21,0.0,601.1899,773.3754,401.09845,770.3008
0.09,0.21,0.0,660.23944,773.9435,458.71298,771.88293
0.12,0.21,0.0,719.9192,774.5321,517.1232,773.44196
0.15,0.21,0.0,780.4151,774.89026,576.549,774.7703
0.18,0.21,0.0,841.49725,775.1648,636.7816,776.0628
0.21,0.21,0.0,903.0535,775.3444,697.7069,777.37115
0.24,0.21,0.0,964.9821,775.2069,759.4234,778.46594
0.27,0.21,0.0,1027.0006,774.8533,821.7421,779.4109
0.0,0.24,0.0,486.99448,830.20245,290.54294,824.3461
0.03,0.24,0.0,544.264,831.41626,345.7339,826.8434
0.06,0.24,0.0,602.52704,832.3795,402.25458,828.99744
0.09,0.24,0.0,661.4047,833.37994,459.60355,831.17804
0.12,0.24,0.0,720.98865,834.3866,517.8024,833.30273
0.15,0.24,0.0,781.3592,834.97235,577.20306,835.01196
0.18,0.24,0.0,842.25885,835.4961,637.30023,836.68097
0.21,0.24,0.0,903.6002,835.89233,698.0921,838.3895
0.24,0.24,0.0,965.237,835.86237,759.6693,839.75543
0.27,0.24,0.0,1026.9895,835.5814,821.79346,840.98944
0.0,0.27,0.0,488.59854,887.82104,292.17343,881.4421
0.03,0.27,0.0,545.77936,889.4746,347.24326,884.42487
0.06,0.27,0.0,603.90607,890.776,403.61133,887.1048
0.09,0.27,0.0,662.6137,892.17096,460.74033,889.746
0.12,0.27,0.0,721.94635,893.65094,518.6172,892.5274
0.15,0.27,0.0,782.1496,894.3812,577.8625,894.5961
0.18,0.27,0.0,842.8245,895.0937,637.7924,896.65894
0.21,0.27,0.0,903.9142,895.74365,698.3409,898.79364
0.24,0.27,0.0,965.1941,895.6868,759.7379,900.2706
0.27,0.27,0.0,1026.6628,895.58044,821.62366,901.8575
