0.0,0.0,0.0,477.8453,162.6096,290.51,158.44472
0.03,0.0,0.0,534.4328,158.85632,345.16013,154.84169
0.06,0.0,0.0,591.7915,155.23277,400.91904,151.40666
0.09,0.0,0.0,649.9956,151.71895,457.73602,148.09866
0.12,0.0,0.0,708.95917,148.27846,515.54944,144.9248
0.15,0.0,0.0,768.54675,145.00209,574.2526,141.89378
0.18,0.0,0.0,828.7058,141.86331,633.7983,138.91867
0.21,0.0,0.0,889.2719,138.91223,694.1164,136.06552
0.24,0.0,0.0,950.16095,136.24536,755.13324,133.33977
0.27,0.0,0.0,1011.12915,133.88457,816.84607,130.77904
0.0,0.03,0.0,478.7326,220.05663,289.94153,215.52063
0.03,0.03,0.0,535.43964,216.76915,344.84818,212.47061
0.06,0.03,0.0,593.00366,213.55078,400.83987,209.54868
0.09,0.03,0.0,651.335,210.41818,457.85254,206.77473
0.12,0.03,0.0,710.45526,207.30573,515.83685,204.07796
0.15,0.03,0.0,770.1879,204.31041,574.66644,201.46274
0.18,0.03,0.0,830.5327,201.39919,634.3617,198.90793
0.21,0.03,0.0,891.394,198.64307,694.8108,196.40561
0.24,0.03,0.0,952.54706,196.08826,756.0214,193.96892
0.27,0.03,0.0,1013.83844,193.78535,817.91595,191.6719
0.0,0.06,0.0,479.7255,277.99274,289.60114,273.105
0.03,0.06,0.0,536.54645,275.16397,344.7013,270.64
0.06,0.06,0.0,594.2294,272.36203,400.8743,268.2338
0.09,0.06,0.0,652.6765,269.57257,458.04608,265.92026
0.12,0.06,0.0,711.8816,266.82098,516.2257,263.72485
0.15,0.06,0.0,771.7488,264.11273,575.13104,261.55386
0.18,0.06,0.0,832.28265,261.45987,634.9107,259.38834
0.21,0.06,0.0,893.2997,258.89636,695.50085,257.25336
0.24,0.06,0.0,954.6779,256.52817,756.8468,255.16699
0.27,0.06,0.0,1016.2244,254.33868,818.883,253.1153
0.0,0.09,0.0,480.7828,336.17813,289.40973,331.06366
0.03,0.09,0.0,537.78766,333.82227,344.7764,329.11926
0.06,0.09,0.0,595.4667,331.41284,401.03305,327.20148
0.09,0.09,0.0,653.9762,329.02563,458.39502,325.4113
0.12,0.09,0.0,713.2659,326.62326,516.64954,323.66226
0.15,0.09,0.0,773.2245,324.23468,575.6403,321.89273
0.18,0.09,0.0,833.86316,321.83456,635.45447,320.14185
0.21,0.09,0.0,895.0468,319.53693,696.09125,318.37708
0.24,0.09,0.0,956.59454,317.38083,757.55396,316.6878
0.27,0.09,0.0,1018.33514,315.3087,819.7263,314.95737
0.0,0.12,0.0,481.95142,394.60687,289.57288,389.36337
0.03,0.12,0.0,539.08,392.62842,345.04135,387.92847
0.06,0.12,0.0,596.7183,390.59103,401.3121,386.46176
0.09,0.12,0.0,655.3309,388.58096,458.80527,385.10132
0.12,0.12,0.0,714.67096,386.5801,517.165,383.77618
0.15,0.12,0.0,774.6765,384.53333,576.2152,382.41907
0.18,0.12,0.0,835.38617,382.45013,636.0377,381.06873
0.21,0.12,0.0,896.6577,380.43924,696.6925,379.699
0.24,0.12,0.0,958.29236,378.5366,758.23737,378.4048
0.27,0.12,0.0,1020.22003,376.6258,820.49023,377.02948
0.0,0.15,0.0,483.29065,453.06406,289.84885,447.77725
0.03,0.15,0.0,540.35046,451.47742,345.36148,446.82526
0.06,0.15,0.0,598.0501,449.86844,401.73636,445.84952
0.09,0.15,0.0,656.6931,448.2457,459.30222,444.8966
0.12,0.15,0.0,716.0238,446.58658,517.69006,443.94675
0.15,0.15,0.0,776.0538,444.91492,576.785,443.03912
0.18,0.15,0.0,836.82007,443.1893,636.65674,442.0857
0.21,0.15,0.0,898.13684,441.45618,697.3335,441.15582
0.24,0.15,0.0,959.8933,439.81552,758.8914,440.21506
0.27,0.15,0.0,1021.8609,438.15503,821.1973,439.29047
0.0,0.18,0.0,484.6619,511.57227,290.30646,506.36884
0.03,0.18,0.0,541.61884,510.36557,345.7427,505.86856
0.06,0.18,0.0,599.4232,509.15134,402.26672,505.33612
0.09,0.18,0.0,658.0392,507.9015,459.86746,504.79153
0.12,0.18,0.0,717.3644,506.60846,518.2022,504.2464
0.15,0.18,0.0,777.4137,505.2859,577.3284,503.71863
0.18,0.18,0.0,838.17377,503.966,637.2653,503.16653
0.21,0.18,0.0,899.53143,502.57037,697.98175,502.66977
0.24,0.18,0.0,961.3235,501.15433,759.53766,502.1089
0.27,0.18,0.0,1023.24164,499.8011,821.9012,501.58017
0.0,0.21,0.0,485.9725,570.04584,290.85812,564.98126
0.03,0.21,0.0,542.9426,569.24194,346.2114,564.9591
0.06,0.21,0.0,600.7877,568.38654,402.8438,564.8598
0.09,0.21,0.0,659.4198,567.50275,460.44504,564.7139
0.12,0.21,0.0,718.6753,566.605,518.69086,564.6219
0.15,0.21,0.0,778.7532,565.66595,577.89606,564.4429
0.18,0.21,0.0,839.5167,564.6788,637.8792,564.3062
0.21,0.21,0.0,900.8457,563.6499,698.5978,564.23694
0.24,0.21,0.0,962.5915,562.5587,760.1839,564.08875
0.27,0.21,0.0,1024.511,561.3382,822.58136,564.0027
0.0,0.24,0.0,487.28488,628.48706,291.4847,623.532
0.03,0.24,0.0,544.25696,628.1049,346.83334,624.04724
0.06,0.24,0.0,602.2131,627.5708,403.55872,624.3879
0.09,0.24,0.0,660.77094,627.0787,461.04556,624.69635
0.12,0.24,0.0,719.9911,626.623,519.1844,625.0289
0.15,0.24,0.0,780.0745,626.0018,578.4615,625.28595
0.18,0.24,0.0,840.77423,625.3575,638.5038,625.5622
0.21,0.24,0.0,902.0436,624.672,699.2069,625.8946
0.24,0.24,0.0,963.67584,623.8079,760.84,626.14764
0.27,0.24,0.0,1025.5061,622.79144,823.2268,626.4281
0.0,0.27,0.0,488.6753,686.8112,292.23776,681.97925
0.03,0.27,0.0,545.6741,686.81647,347.6328,683.0013
0.06,0.27,0.0,603.63684,686.6377,404.33264,683.76306
0.09,0.27,0.0,662.16656,686.50433,461.7607,684.5654
0.12,0.27,0.0,721.294,686.51044,519.78217,685.48206
0.15,0.27,0.0,781.333,686.19794,579.081,686.0758
0.18,0.27,0.0,841.9644,685.8421,639.1099,686.7651
0.21,0.27,0.0,903.079,685.5098,699.7891,687.593
0.24,0.27,0.0,964.56714,684.752,761.4831,688.1173
0.27,0.27,0.0,1026.27,684.0187,823.7679,688.8056
0.0,0.0,0.0,471.3696,346.46436,269.1376,341.29047
0.03,0.0,0.0,533.45294,346.7815,331.5651,342.0364
0.06,0.0,0.0,594.9117,347.1313,393.77386,342.95718
0.09,0.0,0.0,655.6532,347.51,455.56305,343.92737
0.12,0.0,0.0,715.6852,347.88852,516.80743,344.9857
0.15,0.0,0.0,774.9798,348.30054,577.41125,346.1083
0.18,0.0,0.0,833.42303,348.718,637.2675,347.21506
0.21,0.0,0.0,891.0161,349.2583,696.4674,348.30478
0.24,0.0,0.0,947.61414,349.8358,754.9817,349.44778
0.27,0.0,0.0,1003.0965,350.54358,812.82275,350.56573
0.0,0.03,0.0,471.80118,408.54532,268.38873,403.22025
0.03,0.03,0.0,533.9585,408.5413,330.97247,403.78134
0.06,0.03,0.0,595.4483,408.53537,393.29962,404.40112
0.09,0.03,0.0,656.18695,408.53812,455.17136,405.07822
0.12,0.03,0.0,716.211,408.54828,516.4964,405.82993
0.15,0.03,0.0,775.54285,408.5663,577.09235,406.57962
0.18,0.03,0.0,834.04596,408.61008,637.02356,407.3224
0.21,0.03,0.0,891.7178,408.66495,696.2599,408.08636
0.24,0.03,0.0,948.3491,408.7984,754.80884,408.83496
0.27,0.03,0.0,1003.9098,408.95178,812.7097,409.62408
0.0,0.06,0.0,472.33212,470.71918,267.86124,465.3332
0.03,0.06,0.0,534.4643,470.3433,330.49887,465.63013
0.06,0.06,0.0,595.9705,470.001,392.8924,466.00345
0.09,0.06,0.0,656.7202,469.62143,454.83783,466.38293
0.12,0.06,0.0,716.7571,469.27966,516.18176,466.75272
0.15,0.06,0.0,776.0562,468.9153,576.81445,467.1214
0.18,0.06,0.0,834.62115,468.53183,636.7426,467.54175
0.21,0.06,0.0,892.2902,468.18634,696.0351,467.92755
0.24,0.06,0.0,948.9976,467.86127,754.6329,468.35492
0.27,0.06,0.0,1004.5621,467.51938,812.52606,468.78503
0.0,0.09,0.0,472.8623,532.9268,267.50137,527.52814
0.03,0.09,0.0,535.0013,532.2097,330.16867,527.6659
0.06,0.09,0.0,596.4877,531.43665,392.56784,527.7229
0.09,0.09,0.0,657.2822,530.70294,454.53516,527.6943
0.12,0.09,0.0,717.286,529.9424,515.85364,527.724
0.15,0.09,0.0,776.55475,529.21326,576.5251,527.765
0.18,0.09,0.0,835.14575,528.476,636.54254,527.78595
0.21,0.09,0.0,892.8231,527.70215,695.8571,527.85077
0.24,0.09,0.0,949.4293,526.90674,754.3968,527.90576
0.27,0.09,0.0,1005.07025,526.09686,812.3835,527.9918
0.0,0.12,0.0,473.49,595.05176,267.28934,589.7504
0.03,0.12,0.0,535.5706,593.9624,329.94788,589.59955
0.06,0.12,0.0,597.10815,592.8802,392.30505,589.4217
0.09,0.12,0.0,657.8309,591.7553,454.25653,589.08124
0.12,0.12,0.0,717.7814,590.61304,515.6105,588.72656
0.15,0.12,0.0,777.0185,589.4985,576.2585,588.39954
0.18,0.12,0.0,835.6141,588.36365,636.3339,588.1053
0.21,0.12,0.0,893.309,587.1829,695.663,587.85004
0.24,0.12,0.0,949.7676,585.911,754.197,587.5226
0.27,0.12,0.0,1005.3819,584.6418,812.21545,587.2413
0.0,0.15,0.0,474.14185,657.00635,267.36877,651.8189
0.03,0.15,0.0,536.1913,655.6148,329.88272,651.47375
0.06,0.15,0.0,597.65924,654.2281,392.1452,651.065
0.09,0.15,0.0,658.3501,652.734,454.0314,650.4574
0.12,0.15,0.0,718.3019,651.2054,515.3427,649.78735
0.15,0.15,0.0,777.4895,649.67725,576.0182,649.128
0.18,0.15,0.0,835.9992,648.1464,636.1011,648.4732
0.21,0.15,0.0,893.62354,646.54456,695.4495,647.8657
0.24,0.15,0.0,949.9826,644.7733,754.0118,647.1803
0.27,0.15,0.0,1005.4667,643.0126,811.9483,646.4994
0.0,0.18,0.0,474.92422,718.7878,267.68042,713.64056
0.03,0.18,0.0,536.864,717.1441,330.00516,713.20496
0.06,0.18,0.0,598.234,715.39087,392.1315,712.5513
0.09,0.18,0.0,658.8345,713.51306,453.90506,711.6643
0.12,0.18,0.0,718.7604,711.63776,515.1558,710.78156
0.15,0.18,0.0,777.9011,709.6922,575.7895,709.7954
0.18,0.18,0.0,836.25854,707.72034,635.8331,708.81616
0.21,0.18,0.0,893.7471,705.67065,695.19055,707.82367
0.24,0.18,0.0,950.0859,703.4369,753.7698,706.7763
0.27,0.18,0.0,1005.3175,701.08826,811.58527,705.63855
0.0,0.21,0.0,475.85114,780.1791,268.27094,775.1431
0.03,0.21,0.0,537.65955,778.33057,330.31573,774.6096
0.06,0.21,0.0,598.85077,776.214,392.26718,773.71576
0.09,0.21,0.0,659.3445,773.9807,453.9199,772.6311
0.12,0.21,0.0,719.22534,771.7917,515.1111,771.5649
0.15,0.21,0.0,778.2423,769.42035,575.65717,770.257
0.18,0.21,0.0,836.3772,766.9187,635.6059,768.90967
0.21,0.21,0.0,893.78345,764.4108,694.9328,767.5931
0.24,0.21,0.0,949.95013,761.67114,753.4539,766.12244
0.27,0.21,0.0,1004.96936,758.8055,811.1929,764.58154
0.0,0.24,0.0,476.93777,841.06714,269.10214,836.11743
0.03,0.24,0.0,538.51917,838.98676,330.90552,835.54364
0.06,0.24,0.0,599.47327,836.45703,392.68533,834.41473
0.09,0.24,0.0,659.84845,833.9578,454.09445,833.2136
0.12,0.24,0.0,719.6717,831.50995,515.1057,831.9986
0.15,0.24,0.0,778.4533,828.61646,575.5463,830.3624
0.18,0.24,0.0,836.41205,825.6414,635.3491,828.66156
0.21,0.24,0.0,893.63586,822.7207,694.63696,827.0435
0.24,0.24,0.0,949.5306,819.39496,753.04083,825.1255
0.27,0.24,0.0,1004.38617,815.986,810.69653,823.1744
0.0,0.27,0.0,478.17093,901.2264,270.25784,896.4487
0.03,0.27,0.0,539.4864,898.8511,331.79456,895.7294
0.06,0.27,0.0,600.189,896.027,393.25446,894.39087
0.09,0.27,0.0,660.3378,893.16705,454.41025,893.06964
0.12,0.27,0.0,720.0302,890.5242,515.26154,891.83624
0.15,0.27,0.0,778.5319,887.12036,575.4734,889.84937
0.18,0.27,0.0,836.2847,883.7168,635.1605,887.8696
0.21,0.27,0.0,893.32196,880.34064,694.34033,885.9664
0.24,0.27,0.0,948.82623,876.3784,752.4745,883.4966
0.27,0.27,0.0,1003.5619,872.52826,810.05,881.22766
0.0,0.0,0.0,476.2123,358.08487,283.0535,352.93988
0.03,0.0,0.0,535.19946,357.15463,341.35352,352.45288
0.06,0.0,0.0,594.2169,356.2422,400.0956,352.0655
0.09,0.0,0.0,653.2869,355.3315,459.11057,351.80267
0.12,0.0,0.0,712.3853,354.46875,518.3114,351.56647
0.15,0.0,0.0,771.4528,353.59766,577.5636,351.38092
0.18,0.0,0.0,830.4242,352.76828,636.8858,351.24182
0.21,0.0,0.0,889.13184,352.0227,696.17737,351.05884
0.24,0.0,0.0,947.5559,351.36145,755.54,350.8958
0.27,0.0,0.0,1005.4736,350.78497,814.88464,350.78372
0.0,0.03,0.0,476.0996,416.19232,280.96762,410.93054
0.03,0.03,0.0,535.42487,415.28885,339.68445,410.5671
0.06,0.03,0.0,594.80206,414.4084,398.80405,410.29062
0.09,0.03,0.0,654.23175,413.5005,458.19818,410.06146
0.12,0.03,0.0,713.6251,412.6144,517.782,409.895
0.15,0.03,0.0,772.9938,411.71268,577.41473,409.7358
0.18,0.03,0.0,832.33875,410.83612,636.99365,409.5411
0.21,0.03,0.0,891.4275,409.97943,696.66473,409.36667
0.24,0.03,0.0,950.2201,409.1777,756.3457,409.19293
0.27,0.03,0.0,1008.4585,408.4266,816.0499,409.09897
0.0,0.06,0.0,476.0324,474.9548,279.02774,469.65207
0.03,0.06,0.0,535.68317,474.08426,338.0576,469.4268
0.06,0.06,0.0,595.38513,473.17972,397.5709,469.23114
0.09,0.06,0.0,655.10596,472.2884,457.33832,469.04565
0.12,0.06,0.0,714.8567,471.38733,517.23975,468.88397
0.15,0.06,0.0,774.53406,470.4776,577.17505,468.6945
0.18,0.06,0.0,834.18445,469.54605,637.1407,468.52194
0.21,0.06,0.0,893.63196,468.63007,697.1266,468.38068
0.24,0.06,0.0,952.72473,467.71017,757.1699,468.23544
0.27,0.06,0.0,1011.3379,466.79608,817.21875,468.0883
0.0,0.09,0.0,475.99454,534.3062,277.1534,529.0369
0.03,0.09,0.0,535.9892,533.4955,336.5557,528.96375
0.06,0.09,0.0,595.99524,532.5705,396.34628,528.8243
0.09,0.09,0.0,656.0358,531.6567,456.45724,528.68884
0.12,0.09,0.0,716.05054,530.79364,516.68616,528.52954
0.15,0.09,0.0,776.07666,529.86743,576.96106,528.383
0.18,0.09,0.0,836.02094,528.85065,637.308,528.21423
0.21,0.09,0.0,895.825,527.876,697.65845,528.0633
0.24,0.09,0.0,955.1553,526.8669,757.9869,527.95703
0.27,0.09,0.0,1014.06146,525.772,818.3818,527.7932
0.0,0.12,0.0,476.0314,594.3009,275.49603,589.0786
0.03,0.12,0.0,536.3285,593.4927,335.19733,589.1562
0.06,0.12,0.0,596.5916,592.5662,395.18192,589.0875
0.09,0.12,0.0,656.98376,591.6724,455.60156,589.0142
0.12,0.12,0.0,717.289,590.7681,516.1855,588.8898
0.15,0.12,0.0,777.5865,589.79767,576.79364,588.7546
0.18,0.12,0.0,837.8428,588.77716,637.4462,588.5667
0.21,0.12,0.0,897.90717,587.68146,698.1412,588.4539
0.24,0.12,0.0,957.4501,586.5814,758.83374,588.34656
0.27,0.12,0.0,1016.62524,585.32935,819.5404,588.1663
0.0,0.15,0.0,476.15024,654.77606,274.0475,649.6292
0.03,0.15,0.0,536.695,654.01764,333.90073,649.8613
0.06,0.15,0.0,597.25433,653.1607,394.14053,650.0053
0.09,0.15,0.0,657.89777,652.2564,454.82065,649.9859
0.12,0.15,0.0,718.53345,651.31024,515.6841,649.90234
0.15,0.15,0.0,779.10626,650.3369,576.6137,649.803
0.18,0.15,0.0,839.5863,649.22906,637.603,649.67804
0.21,0.15,0.0,899.8794,648.0287,698.6477,649.52216
0.24,0.15,0.0,959.6138,646.7655,759.6393,649.39154
0.27,0.15,0.0,1018.9679,645.3287,820.652,649.1916
0.0,0.18,0.0,476.36972,715.6989,272.82968,710.6168
0.03,0.18,0.0,537.09485,715.0157,332.7408,711.0858
0.06,0.18,0.0,597.9413,714.19653,393.23224,711.3598
0.09,0.18,0.0,658.8402,713.333,454.1126,711.5097
0.12,0.18,0.0,719.7172,712.4014,515.1949,711.5146
0.15,0.18,0.0,780.56134,711.2839,576.4754,711.48083
0.18,0.18,0.0,841.2206,710.1101,637.78314,711.37396
0.21,0.18,0.0,901.6994,708.79913,699.1295,711.23035
0.24,0.18,0.0,961.66693,707.3121,760.44867,711.04803
0.27,0.18,0.0,1021.0322,705.6398,821.67334,710.7623
0.0,0.21,0.0,476.6992,776.9258,271.83597,771.8819
0.03,0.21,0.0,537.6072,776.3477,331.82513,772.5964
0.06,0.21,0.0,598.67334,775.6052,392.54773,773.0853
0.09,0.21,0.0,659.80634,774.6966,453.61142,773.34766
0.12,0.21,0.0,720.8925,773.7115,514.84607,773.51587
0.15,0.21,0.0,781.95197,772.5547,576.3988,773.5416
0.18,0.21,0.0,842.79456,771.2279,637.9563,773.4854
0.21,0.21,0.0,903.38184,769.763,699.58673,773.3557
0.24,0.21,0.0,963.4792,768.0618,761.1474,773.0778
0.27,0.21,0.0,1022.89105,766.13525,822.6021,772.7024
0.0,0.24,0.0,477.19702,838.2612,271.0592,833.2726
0.03,0.24,0.0,538.21106,837.8232,331.1603,834.3163
0.06,0.24,0.0,599.46765,837.0632,392.0054,834.99115
0.09,0.24,0.0,660.75934,836.2001,453.19324,835.4364
0.12,0.24,0.0,722.06506,835.22644,514.59827,835.8232
0.15,0.24,0.0,783.21,833.93,576.326,835.9002
0.18,0.24,0.0,844.16235,832.4686,638.1313,835.84406
0.21,0.24,0.0,904.8778,830.87195,699.99396,835.75183
0.24,0.24,0.0,964.9532,828.84686,761.7592,835.3938
0.27,0.24,0.0,1024.4313,826.6383,823.39136,834.87836
0.0,0.27,0.0,477.81534,899.4959,270.6081,894.6355
0.03,0.27,0.0,538.9598,899.1711,330.80826,895.94574
0.06,0.27,0.0,600.35333,898.44476,391.76746,896.8202
0.09,0.27,0.0,661.7415,897.61273,453.02066,897.5345
0.12,0.27,0.0,723.143,896.69415,514.4679,898.17444
0.15,0.27,0.0,784.36316,895.24585,576.34644,898.2878
0.18,0.27,0.0,845.3598,893.5889,638.3448,898.2598
0.21,0.27,0.0,906.1441,891.80835,700.3273,898.18384
0.24,0.27,0.0,966.12695,889.4513,762.2222,897.65826
0.27,0.27,0.0,1025.6595,887.00397,823.98505,897.0359
0.0,0.0,0.0,467.19968,350.86075,265.57535,345.72092
0.03,0.0,0.0,529.0283,349.76102,326.4685,345.06876
0.06,0.0,0.0,590.976,348.69046,387.94568,344.5171
0.09,0.0,0.0,652.9527,347.70825,449.7862,344.1007
0.12,0.0,0.0,714.9928,346.70566,511.92807,343.76828
0.15,0.0,0.0,777.0833,345.71347,574.135,343.5418
0.18,0.0,0.0,838.9665,344.7788,636.39087,343.23547
0.21,0.0,0.0,900.6723,343.9505,698.756,342.9818
0.24,0.0,0.0,962.01685,343.2423,761.1807,342.76584
0.27,0.0,0.0,1022.7734,342.69574,823.54224,342.6644
0.0,0.03,0.0,469.10654,412.71762,267.26086,407.42148
0.03,0.03,0.0,530.64496,411.6697,328.01065,406.9137
0.06,0.03,0.0,592.28894,410.66837,389.28,406.5288
0.09,0.03,0.0,653.9579,409.67264,450.89005,406.23105
0.12,0.03,0.0,715.69086,408.66235,512.7289,405.9507
0.15,0.03,0.0,777.44324,407.65576,574.6856,405.69186
0.18,0.03,0.0,839.1171,406.69955,636.64496,405.4593
0.21,0.03,0.0,900.5929,405.7921,698.6991,405.26578
0.24,0.03,0.0,961.7128,404.94003,760.8108,405.06073
0.27,0.03,0.0,1022.27576,404.2002,822.9472,404.91504
0.0,0.06,0.0,471.03082,473.9653,269.12308,468.6151
0.03,0.06,0.0,532.2547,473.00156,329.61636,468.31805
0.06,0.06,0.0,593.59546,472.00223,390.6676,468.03494
0.09,0.06,0.0,654.9987,471.03107,452.0055,467.76367
0.12,0.06,0.0,716.39026,470.03836,513.5774,467.5183
0.15,0.06,0.0,777.8098,469.04697,575.2216,467.29242
0.18,0.06,0.0,839.20013,468.0577,636.89886,467.10144
0.21,0.06,0.0,900.38043,467.10083,698.6474,466.93057
0.24,0.06,0.0,961.2351,466.1576,760.4661,466.74503
0.27,0.06,0.0,1021.5367,465.2353,822.2874,466.62924
0.0,0.09,0.0,472.9675,534.6401,271.07358,529.3184
0.03,0.09,0.0,533.91315,533.6434,331.3926,529.1284
0.06,0.09,0.0,594.9057,532.71533,392.0833,528.9531
0.09,0.09,0.0,655.9802,531.758,453.15533,528.7525
0.12,0.09,0.0,717.0518,530.74493,514.4453,528.52014
0.15,0.09,0.0,778.151,529.77216,575.7624,528.3233
0.18,0.09,0.0,839.2242,528.7922,637.14087,528.1642
0.21,0.09,0.0,900.1116,527.77313,698.62463,528.0585
0.24,0.09,0.0,960.61163,526.7004,760.09406,527.8707
0.27,0.09,0.0,1020.62445,525.671,821.67365,527.7707
0.0,0.12,0.0,474.9576,594.60065,273.2842,589.37225
0.03,0.12,0.0,535.56696,593.62494,333.26022,589.2949
0.06,0.12,0.0,596.2042,592.8301,393.584,589.34485
0.09,0.12,0.0,656.96545,591.82056,454.33813,589.16156
0.12,0.12,0.0,717.7252,590.79205,515.3086,588.919
0.15,0.12,0.0,778.4645,589.7962,576.32117,588.7606
0.18,0.12,0.0,839.2219,588.84454,637.4339,588.686
0.21,0.12,0.0,899.75214,587.81354,698.585,588.5925
0.24,0.12,0.0,959.8148,586.5943,759.75287,588.3753
0.27,0.12,0.0,1019.516,585.416,821.0058,588.32336
0.0,0.15,0.0,477.03177,653.80035,275.6686,648.68787
0.03,0.15,0.0,537.2399,652.9403,335.21808,648.7908
0.06,0.15,0.0,597.5374,652.1896,395.13443,649.0038
0.09,0.15,0.0,657.9448,651.1985,455.5429,648.9196
0.12,0.15,0.0,718.36816,650.1666,516.1575,648.77167
0.15,0.15,0.0,778.7526,649.16614,576.8732,648.64636
0.18,0.15,0.0,839.1391,648.1732,637.70154,648.572
0.21,0.15,0.0,899.272,647.1132,698.52966,648.5517
0.24,0.15,0.0,958.9535,645.7069,759.389,648.2986
0.27,0.15,0.0,1018.1969,644.3969,820.29016,648.216
0.0,0.18,0.0,479.10986,712.2054,278.21155,707.17847
0.03,0.18,0.0,538.8833,711.52325,337.28644,707.626
0.06,0.18,0.0,598.85535,710.7458,396.86633,707.8741
0.09,0.18,0.0,658.90094,709.7572,456.8795,707.9193
0.12,0.18,0.0,718.97095,708.80945,517.0944,707.90607
0.15,0.18,0.0,778.983,707.77936,577.4655,707.8636
0.18,0.18,0.0,838.89624,706.6885,637.9457,707.835
0.21,0.18,0.0,898.6414,705.5171,698.4727,707.8037
0.24,0.18,0.0,957.93054,704.0647,758.9896,707.5883
0.27,0.18,0.0,1016.65845,702.4524,819.48755,707.37054
0.0,0.21,0.0,481.3305,769.70734,280.96176,764.8612
0.03,0.21,0.0,540.64557,769.2186,339.47656,765.5513
0.06,0.21,0.0,600.22955,768.39294,398.70496,765.9043
0.09,0.21,0.0,659.87396,767.4287,458.33035,766.07904
0.12,0.21,0.0,719.52594,766.618,518.07214,766.33215
0.15,0.21,0.0,779.13934,765.48346,578.0933,766.30383
0.18,0.21,0.0,838.6234,764.24536,638.2223,766.2398
0.21,0.21,0.0,897.8675,762.9891,698.3947,766.24036
0.24,0.21,0.0,956.6705,761.3678,758.5517,766.0451
0.27,0.21,0.0,1014.93115,759.6187,818.6226,765.7371
0.0,0.24,0.0,483.5816,826.293,283.82364,821.58093
0.03,0.24,0.0,542.4605,825.90906,341.9048,822.5239
0.06,0.24,0.0,601.62,825.0163,400.72928,822.9302
0.09,0.24,0.0,660.8092,824.1542,459.8088,823.3393
0.12,0.24,0.0,720.0282,823.46246,519.11145,823.8874
0.15,0.24,0.0,779.172,822.1476,578.73364,823.8199
0.18,0.24,0.0,838.1503,820.79517,638.4767,823.7431
0.21,0.24,0.0,896.96387,819.47504,698.27563,823.865
0.24,0.24,0.0,955.2369,817.62866,757.99335,823.521
0.27,0.24,0.0,1012.9598,815.6686,817.64233,823.1543
0.0,0.27,0.0,485.92258,881.74976,286.88916,877.2664
0.03,0.27,0.0,544.33856,881.40485,344.5234,878.333
0.06,0.27,0.0,602.998,880.43274,402.86206,878.85236
0.09,0.27,0.0,661.7143,879.64355,461.4598,879.41724
0.12,0.27,0.0,720.4771,879.1384,520.26013,880.3003
0.15,0.27,0.0,779.10956,877.65784,579.45764,880.24634
0.18,0.27,0.0,837.5863,876.1784,638.7191,880.21423
0.21,0.27,0.0,895.88165,874.8368,698.0975,880.42535
0.24,0.27,0.0,953.5351,872.61084,757.3683,879.79175
0.27,0.27,0.0,1010.791,870.57874,816.56165,879.5284
0.0,0.0,0.0,342.59912,262.37634,156.42926,257.32114
0.03,0.0,0.0,398.06912,259.149,209.12329,254.22717
0.06,0.0,0.0,454.5027,255.9511,263.12704,251.25183
0.09,0.0,0.0,511.9713,252.88315,318.47586,248.38985
0.12,0.0,0.0,570.32153,249.83823,375.08853,245.68208
0.15,0.0,0.0,629.52795,246.84138,432.81427,243.07796
0.18,0.0,0.0,689.5052,243.87592,491.53925,240.57616
0.21,0.0,0.0,750.1935,240.94507,551.1531,238.11356
0.24,0.0,0.0,811.5769,238.1187,611.68134,235.71309
0.27,0.0,0.0,873.5263,235.36566,673.0662,233.39217
0.0,0.03,0.0,343.33798,320.37283,155.81662,314.74133
0.03,0.03,0.0,398.9406,317.6495,208.64188,312.2733
0.06,0.03,0.0,455.57138,314.94507,262.8395,309.86752
0.09,0.03,0.0,513.1377,312.34454,318.42316,307.6183
0.12,0.03,0.0,571.6027,309.7378,375.19672,305.4635
0.15,0.03,0.0,630.8562,307.15182,433.09146,303.36526
0.18,0.03,0.0,690.9327,304.54834,491.9445,301.31345
0.21,0.03,0.0,751.71326,301.9585,551.65186,299.3708
0.24,0.03,0.0,813.1965,299.43295,612.23987,297.40146
0.27,0.03,0.0,875.3038,296.97195,673.68896,295.44086
0.0,0.06,0.0,344.30167,378.65143,155.45135,372.51657
0.03,0.06,0.0,399.98218,376.403,208.4339,370.69464
0.06,0.06,0.0,456.7383,374.19272,262.79236,368.88663
0.09,0.06,0.0,514.3642,372.0056,318.5161,367.1594
0.12,0.06,0.0,572.9062,369.8575,375.4295,365.49725
0.15,0.06,0.0,632.21545,367.65128,433.4207,363.90994
0.18,0.06,0.0,692.2997,365.44794,492.36642,362.3531
0.21,0.06,0.0,753.1434,363.2185,552.16516,360.8135
0.24,0.06,0.0,814.7362,361.0083,612.83,359.3227
0.27,0.06,0.0,876.9373,358.85025,674.2888,357.75916
0.0,0.09,0.0,345.29614,437.0418,155.32321,430.5811
0.03,0.09,0.0,401.185,435.27304,208.49973,429.3304
0.06,0.09,0.0,457.91812,433.5178,262.90356,428.0843
0.09,0.09,0.0,515.6599,431.77734,318.75186,426.90833
0.12,0.09,0.0,574.2432,430.01733,375.81735,425.73114
0.15,0.09,0.0,633.57544,428.2194,433.88474,424.61194
0.18,0.09,0.0,693.6674,426.40604,492.8335,423.48822
0.21,0.09,0.0,754.5883,424.5477,552.69086,422.36203
0.24,0.09,0.0,816.2081,422.72394,613.4362,421.2827
0.27,0.09,0.0,878.44965,420.86853,674.88837,420.1587
0.0,0.12,0.0,346.5801,495.55176,155.56506,488.79755
0.03,0.12,0.0,402.52774,494.24255,208.84828,488.11243
0.06,0.12,0.0,459.18152,492.93277,263.15793,487.46378
0.09,0.12,0.0,516.99084,491.5754,319.12497,486.77826
0.12,0.12,0.0,575.6331,490.20227,376.29993,486.09314
0.15,0.12,0.0,634.9647,488.82034,434.391,485.40402
0.18,0.12,0.0,695.05414,487.40454,493.3563,484.7229
0.21,0.12,0.0,755.9496,485.94287,553.23395,484.03506
0.24,0.12,0.0,817.63184,484.48434,614.0402,483.33014
0.27,0.12,0.0,879.9141,482.99222,675.4828,482.65472
0.0,0.15,0.0,347.9898,554.0205,156.14578,547.0326
0.03,0.15,0.0,403.89435,553.18024,209.3554,546.9587
0.06,0.15,0.0,460.5568,552.3456,263.65778,546.894
0.09,0.15,0.0,518.3646,551.37305,319.66608,546.7337
0.12,0.15,0.0,576.9856,550.4208,376.8307,546.51807
0.15,0.15,0.0,636.329,549.3962,434.94995,546.28375
0.18,0.15,0.0,696.4458,548.38007,493.9273,546.04
0.21,0.15,0.0,757.318,547.3395,553.75684,545.7558
0.24,0.15,0.0,818.9817,546.2484,614.6346,545.4779
0.27,0.15,0.0,881.2546,545.1132,676.126,545.24786
0.0,0.18,0.0,349.5621,612.4114,156.9981,605.23395
0.03,0.18,0.0,405.26807,612.0862,210.01186,605.814
0.06,0.18,0.0,462.02002,611.6587,264.46634,606.2746
0.09,0.18,0.0,519.8275,611.11786,320.39114,606.6583
0.12,0.18,0.0,578.3345,610.5521,377.38742,606.9531
0.15,0.18,0.0,637.698,609.9637,435.49582,607.17664
0.18,0.18,0.0,697.7976,609.36,494.51413,607.3729
0.21,0.18,0.0,758.6756,608.73047,554.378,607.5809
0.24,0.18,0.0,820.3028,607.9673,615.19586,607.7355
0.27,0.18,0.0,882.52124,607.1634,676.83,607.91974
0.0,0.21,0.0,351.2346,670.6452,158.0347,663.3177
0.03,0.21,0.0,406.80542,670.82184,210.91107,664.5053
0.06,0.21,0.0,463.59412,670.83545,265.44522,665.5432
0.09,0.21,0.0,521.34015,670.73474,321.26538,666.44965
0.12,0.21,0.0,579.70667,670.6626,378.0526,667.3257
0.15,0.21,0.0,639.08624,670.4478,436.1386,668.03827
0.18,0.21,0.0,699.1897,670.17596,495.1925,668.70966
0.21,0.21,0.0,759.9859,669.9328,554.9897,669.3964
0.24,0.21,0.0,821.5457,669.5469,615.8124,669.9886
0.27,0.21,0.0,883.70514,669.03326,677.4445,670.599
0.0,0.24,0.0,353.01428,728.6494,159.40231,721.1453
0.03,0.24,0.0,408.46896,729.3474,212.10742,722.9688
0.06,0.24,0.0,465.27368,729.77167,266.68222,724.5624
0.09,0.24,0.0,522.85095,730.1543,322.27206,726.06244
0.12,0.24,0.0,581.0947,730.56354,378.80096,727.567
0.15,0.24,0.0,640.43634,730.735,436.9089,728.77905
0.18,0.24,0.0,700.5348,730.8397,495.90408,729.9641
0.21,0.24,0.0,761.25977,730.9949,555.64594,731.1413
0.24,0.24,0.0,822.72504,730.87524,616.4667,732.1452
0.27,0.24,0.0,884.71893,730.6491,678.07526,733.1969
0.0,0.27,0.0,354.93707,786.2326,160.89537,778.62115
0.03,0.27,0.0,410.36243,787.46625,213.6498,781.0927
0.06,0.27,0.0,467.09113,788.28723,268.15454,783.20935
0.09,0.27,0.0,524.5004,789.1594,323.58405,785.31006
0.12,0.27,0.0,582.522,790.1714,379.81683,787.5296
0.15,0.27,0.0,641.85364,790.64465,437.80643,789.2149
0.18,0.27,0.0,701.8197,791.12384,496.68744,790.8738
0.21,0.27,0.0,762.38477,791.6671,556.29913,792.6419
0.24,0.27,0.0,823.73615,791.6956,617.1671,793.9692
0.27,0.27,0.0,885.5159,791.7931,678.6543,795.52234
0.0,0.0,0.0,328.78842,246.15424,133.79245,241.1953
0.03,0.0,0.0,390.45502,246.5068,194.39429,241.60083
0.06,0.0,0.0,451.84857,247.03328,255.2617,242.27228
0.09,0.0,0.0,512.87756,247.71324,316.24527,243.20909
0.12,0.0,0.0,573.34796,248.49892,377.161,244.34006
0.15,0.0,0.0,633.24384,249.38254,437.76968,245.65636
0.18,0.0,0.0,692.4362,250.31598,497.9709,247.13394
0.21,0.0,0.0,750.9253,251.30505,557.5837,248.6717
0.24,0.0,0.0,808.6652,252.36905,616.624,250.25038
0.27,0.0,0.0,865.56604,253.53548,674.99896,251.89447
0.0,0.03,0.0,328.66388,307.2559,132.13863,301.6227
0.03,0.03,0.0,390.4975,307.4323,192.97215,302.03
0.06,0.03,0.0,452.07095,307.74503,254.0943,302.64655
0.09,0.03,0.0,513.2155,308.19547,315.30316,303.4447
0.12,0.03,0.0,573.7707,308.72507,376.43054,304.42416
0.15,0.03,0.0,633.72485,309.26572,437.1857,305.52893
0.18,0.03,0.0,692.9792,309.85016,497.50595,306.74448
0.21,0.03,0.0,751.5484,310.43726,557.227,307.9835
0.24,0.03,0.0,809.3749,311.12137,616.3163,309.25662
0.27,0.03,0.0,866.3935,311.83105,674.75323,310.61234
0.0,0.06,0.0,328.73096,368.67532,130.82962,362.49542
0.03,0.06,0.0,390.72516,368.6746,191.85144,362.86224
0.06,0.06,0.0,452.43222,368.77914,253.18074,363.35977
0.09,0.06,0.0,513.6063,368.91068,314.56577,363.99332
0.12,0.06,0.0,574.2553,369.15613,375.83603,364.77512
0.15,0.06,0.0,634.22034,369.36075,436.73187,365.63138
0.18,0.06,0.0,693.514,369.55783,497.12985,366.50845
0.21,0.06,0.0,752.12744,369.7872,556.91187,367.48276
0.24,0.06,0.0,809.99615,370.04062,616.0428,368.45972
0.27,0.06,0.0,867.08215,370.35767,674.4941,369.38684
0.0,0.09,0.0,329.0108,430.25754,129.82806,423.66434
0.03,0.09,0.0,391.08594,430.06204,191.0197,423.9605
0.06,0.09,0.0,452.85434,429.8628,252.46268,424.30698
0.09,0.09,0.0,514.1109,429.73386,313.9791,424.77646
0.12,0.09,0.0,574.7298,429.59143,375.33972,425.2868
0.15,0.09,0.0,634.71765,429.50137,436.32422,425.85992
0.18,0.09,0.0,694.0567,429.33167,496.80505,426.43036
0.21,0.09,0.0,752.67725,429.23178,556.62494,427.05685
0.24,0.09,0.0,810.5376,429.1014,615.76324,427.6812
0.27,0.09,0.0,867.72186,429.0066,674.27844,428.2984
0.0,0.12,0.0,329.47165,491.9668,129.22597,484.9931
0.03,0.12,0.0,391.6057,491.49152,190.5204,485.22226
0.06,0.12,0.0,453.3562,491.03897,251.95563,485.40936
0.09,0.12,0.0,514.6222,490.5607,313.57587,485.6878
0.12,0.12,0.0,575.24036,490.10275,374.9524,485.93622
0.15,0.12,0.0,635.20886,489.6109,435.96506,486.19577
0.18,0.12,0.0,694.56476,489.1444,496.517,486.47534
0.21,0.12,0.0,753.22723,488.6499,556.3855,486.72534
0.24,0.12,0.0,811.0259,488.18292,615.50183,487.00903
0.27,0.12,0.0,868.2469,487.6958,674.02716,487.28717
0.0,0.15,0.0,330.12466,553.6674,129.0081,546.3654
0.03,0.15,0.0,392.22092,552.9533,190.21724,546.5317
0.06,0.15,0.0,453.9224,552.2091,251.63652,546.63574
0.09,0.15,0.0,515.1527,551.4092,313.26172,546.6368
0.12,0.15,0.0,575.7595,550.58124,374.66272,546.6562
0.15,0.15,0.0,635.71875,549.7364,435.66736,546.5792
0.18,0.15,0.0,695.0682,548.9227,496.19135,546.52783
0.21,0.15,0.0,753.74426,548.1118,556.0945,546.4463
0.24,0.15,0.0,811.5212,547.2479,615.2317,546.35986
0.27,0.15,0.0,868.7147,546.3919,673.8117,546.3139
0.0,0.18,0.0,330.9167,615.2453,129.07939,607.696
0.03,0.18,0.0,392.87848,614.3084,190.16806,607.80255
0.06,0.18,0.0,454.54666,613.3072,251.54631,607.7619
0.09,0.18,0.0,515.7293,612.1944,313.0753,607.6077
0.12,0.18,0.0,576.33704,611.0227,374.4272,607.3367
0.15,0.18,0.0,636.27203,609.8546,435.41037,607.00116
0.18,0.18,0.0,695.5497,608.6826,495.89148,606.6017
0.21,0.18,0.0,754.2056,607.52814,555.80554,606.24725
0.24,0.18,0.0,812.0098,606.28796,615.00366,605.8412
0.27,0.18,0.0,869.04254,605.03217,673.5767,605.43787
0.0,0.21,0.0,331.90677,676.6,129.5345,668.81586
0.03,0.21,0.0,393.7004,675.5269,190.42152,668.9057
0.06,0.21,0.0,455.278,674.23193,251.7295,668.7425
0.09,0.21,0.0,516.37335,672.7854,313.1086,668.4073
0.12,0.21,0.0,576.9161,671.39215,374.3243,667.9655
0.15,0.21,0.0,636.8039,669.85364,435.21774,667.3585
0.18,0.21,0.0,696.0233,668.31964,495.67166,666.6832
0.21,0.21,0.0,754.63855,666.7955,555.5502,666.0527
0.24,0.21,0.0,812.4067,665.20074,614.7639,665.30566
0.27,0.21,0.0,869.35834,663.53577,673.3424,664.56573
0.0,0.24,0.0,333.06223,737.67017,130.25473,729.67224
0.03,0.24,0.0,394.70496,736.4316,190.992,729.7402
0.06,0.24,0.0,456.11118,734.8313,252.14954,729.41376
0.09,0.24,0.0,517.05383,733.18506,313.29797,728.9722
0.12,0.24,0.0,577.5795,731.5934,374.34726,728.4942
0.15,0.24,0.0,637.3411,729.67053,435.14996,727.6046
0.18,0.24,0.0,696.4669,727.7713,495.5061,726.66095
0.21,0.24,0.0,755.0707,725.9271,555.3798,725.7844
0.24,0.24,0.0,812.69696,723.8767,614.5505,724.6826
0.27,0.24,0.0,869.5537,721.79803,673.10986,723.6444
0.0,0.27,0.0,334.4886,798.28107,131.37006,790.04895
0.03,0.27,0.0,395.91858,796.86865,191.91626,790.1052
0.06,0.27,0.0,457.09833,794.9928,252.84145,789.6564
0.09,0.27,0.0,517.86914,793.159,313.78433,789.1516
0.12,0.27,0.0,578.22473,791.42914,374.60843,788.63586
0.15,0.27,0.0,637.89355,789.15247,435.2359,787.5414
0.18,0.27,0.0,696.92377,786.88336,495.46136,786.38696
0.21,0.27,0.0,755.4678,784.7478,555.23785,785.31024
0.24,0.27,0.0,812.8325,782.1744,614.318,783.80396
0.27,0.27,0.0,869.6404,779.69275,672.8735,782.48975
0.0,0.0,0.0,340.48862,262.38998,153.61125,257.34244
0.03,0.0,0.0,398.3812,261.02213,209.67445,256.08615
0.06,0.0,0.0,456.62646,259.78513,266.51666,255.03679
0.09,0.0,0.0,515.1428,258.66995,324.09787,254.15042
0.12,0.0,0.0,573.8926,257.6574,382.25153,253.46854
0.15,0.0,0.0,632.68835,256.7244,440.76703,252.93715
0.18,0.0,0.0,691.5016,255.82245,499.54675,252.55113
0.21,0.0,0.0,750.2797,255.02034,558.4881,252.24274
0.24,0.0,0.0,808.9922,254.24567,617.5051,251.97081
0.27,0.0,0.0,867.49994,253.64427,676.5652,251.76692
0.0,0.03,0.0,339.20633,319.16617,150.11978,313.55945
0.03,0.03,0.0,397.54224,317.9799,206.63332,312.5787
0.06,0.03,0.0,456.2405,316.8738,263.98462,311.76498
0.09,0.03,0.0,515.1701,315.83957,322.02783,311.0987
0.12,0.03,0.0,574.2794,314.8782,380.643,310.59338
0.15,0.03,0.0,633.4434,313.96164,439.59073,310.18774
0.18,0.03,0.0,692.6416,313.04706,498.80597,309.8752
0.21,0.03,0.0,751.7749,312.18118,558.1271,309.6226
0.24,0.03,0.0,810.8648,311.3642,617.4555,309.37378
0.27,0.03,0.0,869.7994,310.64172,676.91797,309.19504
0.0,0.06,0.0,338.09445,376.81848,146.92445,370.7199
0.03,0.06,0.0,396.831,375.75485,203.8194,370.01648
0.06,0.06,0.0,455.9273,374.75195,261.604,369.3994
0.09,0.06,0.0,515.2459,373.791,320.06586,368.91165
0.12,0.06,0.0,574.7178,372.8796,379.13113,368.5351
0.15,0.06,0.0,634.19855,371.97043,438.48877,368.22412
0.18,0.06,0.0,693.71936,371.03815,498.06638,367.96695
0.21,0.06,0.0,753.2376,370.13196,557.7515,367.736
0.24,0.06,0.0,812.70264,369.26886,617.48676,367.55743
0.27,0.06,0.0,871.98175,368.43103,677.2554,367.3427
0.0,0.09,0.0,337.1096,435.19263,143.89648,428.66812
0.03,0.09,0.0,396.27252,434.27637,201.23262,428.27585
0.06,0.09,0.0,455.67636,433.29745,259.33633,427.8268
0.09,0.09,0.0,515.3666,432.384,318.2528,427.51404
0.12,0.09,0.0,575.17096,431.53143,377.67993,427.24075
0.15,0.09,0.0,634.9862,430.63342,437.4516,427.0143
0.18,0.09,0.0,694.84375,429.67474,497.37534,426.77484
0.21,0.09,0.0,754.6837,428.7439,557.4139,426.5533
0.24,0.09,0.0,814.45905,427.86823,617.497,426.41275
0.27,0.09,0.0,874.13824,426.9423,677.5806,426.19043
0.0,0.12,0.0,336.28342,494.2813,141.18674,487.40036
0.03,0.12,0.0,395.7738,493.472,198.87762,487.2797
0.06,0.12,0.0,455.48273,492.54135,257.22812,487.04013
0.09,0.12,0.0,515.5408,491.691,316.50854,486.83322
0.12,0.12,0.0,575.6633,490.82227,376.34714,486.67786
0.15,0.12,0.0,635.7895,489.93362,436.43234,486.49728
0.18,0.12,0.0,695.96564,488.97778,496.7009,486.28528
0.21,0.12,0.0,756.13257,488.02524,557.0914,486.07858
0.24,0.12,0.0,816.2186,487.14917,617.5116,485.94464
0.27,0.12,0.0,876.2301,486.1326,677.9313,485.7499
0.0,0.15,0.0,335.62094,553.9845,138.81894,546.79706
0.03,0.15,0.0,395.35538,553.2799,196.71288,546.8944
0.06,0.15,0.0,455.38608,552.4287,255.33018,546.8611
0.09,0.15,0.0,515.72473,551.5981,314.90747,546.8632
0.12,0.15,0.0,576.17365,550.76294,375.0153,546.80176
0.15,0.15,0.0,636.61176,549.85144,435.4403,546.6787
0.18,0.15,0.0,697.0865,548.8966,496.04742,546.51044
0.21,0.15,0.0,757.5642,547.93567,556.7442,546.29016
0.24,0.15,0.0,817.9574,547.0001,617.50836,546.1965
0.27,0.15,0.0,878.24786,545.9503,678.31024,546.02747
0.0,0.18,0.0,335.12363,614.2417,136.73532,606.72327
0.03,0.18,0.0,395.0174,613.61523,194.72676,607.09845
0.06,0.18,0.0,455.37228,612.90094,253.64789,607.3379
0.09,0.18,0.0,515.96625,612.1001,313.46744,607.53033
0.12,0.18,0.0,576.6667,611.25366,373.80084,607.5417
0.15,0.18,0.0,637.4379,610.3759,434.47446,607.5436
0.18,0.18,0.0,698.1979,609.43317,495.39926,607.4199
0.21,0.18,0.0,758.97394,608.4601,556.4075,607.2839
0.24,0.18,0.0,819.67706,607.4653,617.5195,607.16376
0.27,0.18,0.0,880.18896,606.39606,678.6973,607.0176
0.0,0.21,0.0,334.77817,674.8401,134.90862,667.0914
0.03,0.21,0.0,394.8316,674.4179,192.98291,667.7762
0.06,0.21,0.0,455.4206,673.8352,252.20857,668.3107
0.09,0.21,0.0,516.2652,673.11084,312.20056,668.6774
0.12,0.21,0.0,577.21326,672.28076,372.6552,668.86536
0.15,0.21,0.0,638.23987,671.4052,433.5867,668.9569
0.18,0.21,0.0,699.3337,670.5182,494.80988,668.9641
0.21,0.21,0.0,760.4157,669.50006,556.1129,668.9056
0.24,0.21,0.0,821.37177,668.44037,617.5724,668.8077
0.27,0.21,0.0,882.1042,667.2693,679.061,668.69507
0.0,0.24,0.0,334.58157,735.86316,133.40349,727.7495
0.03,0.24,0.0,394.77222,735.63495,191.58444,728.83215
0.06,0.24,0.0,455.62918,735.1692,251.03575,729.6585
0.09,0.24,0.0,516.637,734.5765,311.0685,730.25275
0.12,0.24,0.0,577.7608,733.8353,371.62738,730.71686
0.15,0.24,0.0,639.11786,732.9916,432.7985,730.9458
0.18,0.24,0.0,700.4489,732.0271,494.275,731.06494
0.21,0.24,0.0,761.7903,730.99005,555.87994,731.10034
0.24,0.24,0.0,822.913,729.8388,617.6487,731.0207
0.27,0.24,0.0,883.8747,728.5249,679.44324,730.92267
0.0,0.27,0.0,334.63965,797.01556,132.2257,788.59125
0.03,0.27,0.0,394.99805,796.98157,190.58498,790.05725
0.06,0.27,0.0,455.98093,796.70465,250.13184,791.1596
0.09,0.27,0.0,517.13446,796.18604,310.23572,792.05176
0.12,0.27,0.0,578.4551,795.6378,370.83054,792.8334
0.15,0.27,0.0,639.9845,794.80444,432.20013,793.2205
0.18,0.27,0.0,701.5398,793.8022,493.85156,793.4843
0.21,0.27,0.0,763.06555,792.7656,555.6724,793.69434
0.24,0.27,0.0,824.3633,791.4108,617.7117,793.61163
0.27,0.27,0.0,885.45807,789.9992,679.7741,793.551
0.0,0.0,0.0,325.1889,250.72205,130.56023,245.8935
0.03,0.0,0.0,385.68372,249.07814,188.8556,244.29135
0.06,0.0,0.0,446.6583,247.62285,248.14455,242.95355
0.09,0.0,0.0,508.01178,246.29929,308.27887,241.81952
0.12,0.0,0.0,569.5622,245.10765,369.1496,240.94165
0.15,0.0,0.0,631.2937,244.00916,430.47565,240.22769
0.18,0.0,0.0,693.0729,242.988,492.15875,239.67041
0.21,0.0,0.0,754.7862,242.08409,554.0114,239.25948
0.24,0.0,0.0,816.44806,241.27998,616.0119,238.89836
0.27,0.0,0.0,877.885,240.61226,678.08875,238.63649
0.0,0.03,0.0,327.20572,312.10696,131.94925,306.5972
0.03,0.03,0.0,387.60483,310.67828,190.23535,305.37497
0.06,0.03,0.0,448.40808,309.39227,249.46889,304.36005
0.09,0.03,0.0,509.5697,308.23816,309.5206,303.47986
0.12,0.03,0.0,570.90643,307.11618,370.28287,302.8295
0.15,0.03,0.0,632.37085,306.08923,431.46713,302.26266
0.18,0.03,0.0,693.89484,305.0642,492.9387,301.86172
0.21,0.03,0.0,755.4237,304.08984,554.5678,301.52005
0.24,0.03,0.0,816.8423,303.23804,616.3131,301.2406
0.27,0.03,0.0,878.1051,302.46643,678.1559,301.01447
0.0,0.06,0.0,329.42725,373.20535,133.71968,367.108
0.03,0.06,0.0,389.6198,371.97125,191.88083,366.25818
0.06,0.06,0.0,450.2844,370.84097,251.01112,365.48236
0.09,0.06,0.0,511.19763,369.75232,310.9705,364.8825
0.12,0.06,0.0,572.27203,368.72443,371.54407,364.3663
0.15,0.06,0.0,633.4705,367.70984,432.5467,363.95123
0.18,0.06,0.0,694.68945,366.74625,493.79514,363.63632
0.21,0.06,0.0,755.9439,365.7683,555.1964,363.38953
0.24,0.06,0.0,817.1122,364.8289,616.6362,363.1494
0.27,0.06,0.0,878.1503,363.97833,678.1646,362.91077
0.0,0.09,0.0,331.8069,433.8484,135.7193,427.30392
0.03,0.09,0.0,391.84125,432.7425,193.86516,426.73795
0.06,0.09,0.0,452.21274,431.74335,252.7613,426.24326
0.09,0.09,0.0,512.8754,430.72397,312.54782,425.82327
0.12,0.09,0.0,573.70905,429.7426,372.9196,425.43707
0.15,0.09,0.0,634.5508,428.76025,433.7185,425.14474
0.18,0.09,0.0,695.4616,427.797,494.70224,424.90182
0.21,0.09,0.0,756.4395,426.84827,555.8002,424.6761
0.24,0.09,0.0,817.31287,425.86615,616.95776,424.44473
0.27,0.09,0.0,878.1177,424.97525,678.177,424.27863
0.0,0.12,0.0,334.3523,493.9866,138.13171,487.07434
0.03,0.12,0.0,394.1537,492.99286,196.08046,486.76334
0.06,0.12,0.0,454.18518,492.11237,254.68205,486.58533
0.09,0.12,0.0,514.59717,491.14276,314.27078,486.29904
0.12,0.12,0.0,575.0918,490.12973,374.41928,486.00388
0.15,0.12,0.0,635.6229,489.20038,434.91867,485.74756
0.18,0.12,0.0,696.26746,488.28516,495.63278,485.59766
0.21,0.12,0.0,756.89185,487.3702,556.42645,485.427
0.24,0.12,0.0,817.45264,486.34686,617.33655,485.17505
0.27,0.12,0.0,877.9827,485.4206,678.2083,485.0606
0.0,0.15,0.0,337.04626,553.44086,140.85449,546.2606
0.03,0.15,0.0,396.4876,552.5937,198.45905,546.2577
0.06,0.15,0.0,456.2087,551.8501,256.8342,546.3079
0.09,0.15,0.0,516.3143,550.88995,316.15356,546.1752
0.12,0.15,0.0,576.4685,549.95245,375.96762,546.0276
0.15,0.15,0.0,636.71454,548.99414,436.15695,545.84247
0.18,0.15,0.0,697.01447,548.1088,496.5267,545.72015
0.21,0.15,0.0,757.3386,547.2215,557.03925,545.60046
0.24,0.15,0.0,817.5726,546.17334,617.6249,545.36743
0.27,0.15,0.0,877.7504,545.23755,678.2746,545.2568
0.0,0.18,0.0,339.8818,612.1901,143.89714,604.8078
0.03,0.18,0.0,398.85,611.5823,201.03966,605.14825
0.06,0.18,0.0,458.32034,610.8559,259.1697,605.35297
0.09,0.18,0.0,518.0263,609.9673,318.14645,605.384
0.12,0.18,0.0,577.87103,609.1053,377.5578,605.41626
0.15,0.18,0.0,637.761,608.206,437.40005,605.3382
0.18,0.18,0.0,697.73663,607.3202,497.48032,605.253
0.21,0.18,0.0,757.75446,606.4319,557.65466,605.19586
0.24,0.18,0.0,817.6456,605.4278,617.9685,605.03784
0.27,0.18,0.0,877.4608,604.3695,678.3097,604.9117
0.0,0.21,0.0,342.78433,670.2408,147.09518,662.6541
0.03,0.21,0.0,401.36728,669.8221,203.85152,663.33264
0.06,0.21,0.0,460.44058,669.127,261.69632,663.66724
0.09,0.21,0.0,519.8148,668.3082,320.2679,663.89307
0.12,0.21,0.0,579.25543,667.6154,379.2268,664.1711
0.15,0.21,0.0,638.8063,666.7012,438.73532,664.1977
0.18,0.21,0.0,698.4723,665.76575,498.47418,664.1449
0.21,0.21,0.0,758.1126,664.9352,558.3364,664.2023
0.24,0.21,0.0,817.7001,663.90717,618.34216,664.07056
0.27,0.21,0.0,877.091,662.774,678.36273,663.95905
0.0,0.24,0.0,345.80582,727.4562,150.5239,719.7537
0.03,0.24,0.0,403.98035,727.22406,206.89813,720.68384
0.06,0.24,0.0,462.70624,726.56714,264.41644,721.1812
0.09,0.24,0.0,521.6302,725.9055,322.4806,721.6312
0.12,0.24,0.0,580.6605,725.38855,381.0166,722.21344
0.15,0.24,0.0,639.9015,724.4469,440.14633,722.2944
0.18,0.24,0.0,699.1589,723.494,499.50998,722.32404
0.21,0.24,0.0,758.46155,722.71313,559.02185,722.55347
0.24,0.24,0.0,817.61127,721.54364,618.6678,722.43164
0.27,0.24,0.0,876.61005,720.3886,678.38104,722.39124
0.0,0.27,0.0,348.9573,783.7989,154.18384,775.9221
0.03,0.27,0.0,406.72913,783.6654,210.22443,777.076
0.06,0.27,0.0,465.03445,783.0331,267.3649,777.7419
0.09,0.27,0.0,523.51044,782.5136,324.94452,778.4867
0.12,0.27,0.0,582.1123,782.2795,382.89825,779.39777
0.15,0.27,0.0,640.9425,781.27954,441.64716,779.57886
0.18,0.27,0.0,699.81647,780.3322,500.63132,779.7239
0.21,0.27,0.0,758.7023,779.6093,559.7113,780.1176
0.24,0.27,0.0,817.3989,778.21027,619.03296,779.88495
0.27,0.27,0.0,876.0253,777.04944,678.38715,779.97614
0.0,0.0,0.0,470.93912,140.86742,274.72885,136.90565
0.03,0.0,0.0,532.18036,142.0207,335.9393,138.06607
0.06,0.0,0.0,592.8286,143.36217,396.9784,139.53624
0.09,0.0,0.0,652.9044,144.84566,457.75967,141.20947
0.12,0.0,0.0,712.2731,146.46667,518.14923,143.13359
0.15,0.0,0.0,770.86017,148.2299,577.9812,145.2156
0.18,0.0,0.0,828.60394,150.16537,637.2042,147.4206
0.21,0.0,0.0,885.4195,152.23715,695.7563,149.69458
0.24,0.0,0.0,941.19385,154.5149,753.6166,152.0788
0.27,0.0,0.0,995.90436,156.97157,810.71014,154.60576
0.0,0.03,0.0,470.94443,201.36052,273.1539,196.91064
0.03,0.03,0.0,532.3541,202.27386,334.67834,198.0074
0.06,0.03,0.0,593.2208,203.35184,395.9819,199.32707
0.09,0.03,0.0,653.4005,204.51027,457.0141,200.88852
0.12,0.03,0.0,712.9246,205.79424,517.58514,202.58308
0.15,0.03,0.0,771.65454,207.15819,577.53754,204.39688
0.18,0.03,0.0,829.5931,208.63708,636.9206,206.27013
0.21,0.03,0.0,886.56335,210.20958,695.6086,208.21123
0.24,0.03,0.0,942.59625,211.97398,753.5999,210.24478
0.27,0.03,0.0,997.4551,213.83266,810.8505,212.34142
0.0,0.06,0.0,471.10056,262.3948,271.8586,257.54465
0.03,0.06,0.0,532.67395,263.10992,333.59866,258.53146
0.06,0.06,0.0,593.6191,263.8756,395.18015,259.71048
0.09,0.06,0.0,653.9172,264.70172,456.3913,261.06506
0.12,0.06,0.0,713.5194,265.5892,517.0735,262.5228
0.15,0.06,0.0,772.36115,266.55615,577.17255,264.0493
0.18,0.06,0.0,830.4198,267.57178,636.63434,265.6124
0.21,0.06,0.0,887.56055,268.67023,695.40607,267.18402
0.24,0.06,0.0,943.72656,269.9139,753.49036,268.79758
0.27,0.06,0.0,998.78015,271.28976,810.873,270.46326
0.0,0.09,0.0,471.39597,323.77625,270.77908,318.60757
0.03,0.09,0.0,533.0361,324.2317,332.75525,319.48843
0.06,0.09,0.0,594.10266,324.66052,394.50897,320.4216
0.09,0.09,0.0,654.4554,325.17508,455.89133,321.53683
0.12,0.09,0.0,714.0811,325.6865,516.6908,322.7457
0.15,0.09,0.0,772.977,326.25165,576.8507,323.95847
0.18,0.09,0.0,831.15765,326.8017,636.3866,325.16882
0.21,0.09,0.0,888.4301,327.46268,695.2232,326.41574
0.24,0.09,0.0,944.65155,328.23422,753.34296,327.6732
0.27,0.09,0.0,999.89996,329.07693,810.8361,328.90262
0.0,0.12,0.0,471.78543,385.40958,269.94855,380.06946
0.03,0.12,0.0,533.50323,385.5657,332.1186,380.75055
0.06,0.12,0.0,594.63086,385.63635,393.97305,381.43494
0.09,0.12,0.0,654.95435,385.7754,455.47284,382.26447
0.12,0.12,0.0,714.5948,385.95273,516.34955,383.1386
0.15,0.12,0.0,773.52985,386.09973,576.5387,384.02777
0.18,0.12,0.0,831.8145,386.26935,636.115,384.89203
0.21,0.12,0.0,889.1973,386.4752,695.03595,385.755
0.24,0.12,0.0,945.4039,386.7679,753.09705,386.70523
0.27,0.12,0.0,1000.792,387.08817,810.69305,387.5421
0.0,0.15,0.0,472.24744,447.15213,269.34836,441.73923
0.03,0.15,0.0,533.9793,446.91702,331.59583,442.16983
0.06,0.15,0.0,595.1319,446.67822,393.55923,442.6064
0.09,0.15,0.0,655.5101,446.4551,455.08688,443.11136
0.12,0.15,0.0,715.1406,446.24734,516.0249,443.63293
0.15,0.15,0.0,774.0684,446.05872,576.2537,444.172
0.18,0.15,0.0,832.3451,445.80118,635.86554,444.67236
0.21,0.15,0.0,889.83246,445.62204,694.77765,445.2265
0.24,0.15,0.0,946.0892,445.42633,752.9216,445.76657
0.27,0.15,0.0,1001.47845,445.29587,810.5123,446.33685
0.0,0.18,0.0,472.774,508.85284,268.94684,503.53
0.03,0.18,0.0,534.5186,508.32117,331.17023,503.65894
0.06,0.18,0.0,595.6365,507.7408,393.16034,503.8361
0.09,0.18,0.0,655.9791,507.15207,454.74576,504.02365
0.12,0.18,0.0,715.62024,506.55402,515.6808,504.20264
0.15,0.18,0.0,774.56665,505.953,575.9607,504.36652
0.18,0.18,0.0,832.8495,505.39886,635.57513,504.54526
0.21,0.18,0.0,890.2819,504.78146,694.53204,504.73416
0.24,0.18,0.0,946.65985,504.18073,752.743,504.96243
0.27,0.18,0.0,1001.939,503.58014,810.3069,505.16138
0.0,0.21,0.0,473.3605,570.6372,268.6887,565.33057
0.03,0.21,0.0,535.0813,569.70044,330.88638,565.2735
0.06,0.21,0.0,596.1364,568.7758,392.89487,565.1343
0.09,0.21,0.0,656.4861,567.7932,454.4356,564.99414
0.12,0.21,0.0,716.20264,566.8816,515.4254,564.82007
0.15,0.21,0.0,775.0953,565.9056,575.6829,564.6301
0.18,0.21,0.0,833.26044,564.905,635.28534,564.4529
0.21,0.21,0.0,890.7336,563.924,694.3005,564.32324
0.24,0.21,0.0,947.06274,562.8693,752.5524,564.1882
0.27,0.21,0.0,1002.3166,561.8026,810.1358,564.0533
0.0,0.24,0.0,473.99017,632.2885,268.62045,627.11224
0.03,0.24,0.0,535.6873,631.0699,330.73666,626.8628
0.06,0.24,0.0,596.6663,629.7382,392.66104,626.42126
0.09,0.24,0.0,656.981,628.4086,454.15192,625.974
0.12,0.24,0.0,716.7551,627.1727,515.1669,625.5364
0.15,0.24,0.0,775.584,625.7674,575.41656,624.97363
0.18,0.24,0.0,833.66833,624.40283,635.0444,624.43646
0.21,0.24,0.0,891.09076,622.9982,694.11536,623.9951
0.24,0.24,0.0,947.30475,621.50214,752.34094,623.46674
0.27,0.24,0.0,1002.5088,619.91034,809.93225,622.97675
0.0,0.27,0.0,474.73227,693.82025,268.72495,688.72894
0.03,0.27,0.0,536.3352,692.26196,330.75845,688.3013
0.06,0.27,0.0,597.1914,690.52167,392.59293,687.5715
0.09,0.27,0.0,657.49347,688.8529,453.99982,686.85236
0.12,0.27,0.0,717.28973,687.33545,514.9488,686.23566
0.15,0.27,0.0,775.973,685.4796,575.1822,685.27386
0.18,0.27,0.0,833.9951,683.7159,634.80493,684.4165
0.21,0.27,0.0,891.3894,681.9164,693.9037,683.6743
0.24,0.27,0.0,947.3446,679.8172,752.0336,682.67224
0.27,0.27,0.0,1002.5543,677.8316,809.6903,681.8298
0.0,0.0,0.0,475.6228,162.10597,287.9235,158.15797
0.03,0.0,0.0,533.8608,160.89073,345.1982,156.98907
0.06,0.0,0.0,592.1925,159.83022,402.96457,156.05571
0.09,0.0,0.0,650.66516,158.88522,461.1118,155.31502
0.12,0.0,0.0,709.1364,158.08252,519.55255,154.79048
0.15,0.0,0.0,767.4948,157.47534,578.1343,154.41997
0.18,0.0,0.0,825.69116,157.01575,636.80396,154.17471
0.21,0.0,0.0,883.6004,156.73964,695.5129,154.01749
0.24,0.0,0.0,941.1027,156.6268,754.163,153.97055
0.27,0.0,0.0,998.0751,156.82025,812.73456,154.0871
0.0,0.03,0.0,475.1657,217.91306,285.17712,213.52379
0.03,0.03,0.0,533.8389,216.7882,343.0024,212.58345
0.06,0.03,0.0,592.6589,215.7683,401.2581,211.83124
0.09,0.03,0.0,651.5437,214.8441,459.91248,211.251
0.12,0.03,0.0,710.4214,214.06082,518.7817,210.8521
0.15,0.03,0.0,769.2447,213.34451,577.84015,210.53214
0.18,0.03,0.0,827.88336,212.73074,636.9142,210.2796
0.21,0.03,0.0,886.24884,212.28503,696.04333,210.13559
0.24,0.03,0.0,944.26764,212.00714,755.10944,210.07501
0.27,0.03,0.0,1001.7194,211.96126,814.16046,210.04865
0.0,0.06,0.0,474.80746,274.72897,282.62952,269.96216
0.03,0.06,0.0,533.93225,273.70447,340.90576,269.24506
0.06,0.06,0.0,593.14923,272.69836,399.6826,268.63504
0.09,0.06,0.0,652.4128,271.80457,458.78027,268.2096
0.12,0.06,0.0,711.68506,270.96594,518.1047,267.9293
0.15,0.06,0.0,770.88336,270.1756,577.5212,267.6316
0.18,0.06,0.0,829.9637,269.46875,637.0027,267.40994
0.21,0.06,0.0,888.81757,268.8664,696.52606,267.22787
0.24,0.06,0.0,947.2838,268.4517,756.04956,267.1168
0.27,0.06,0.0,1005.20526,268.1364,815.4781,267.0464
0.0,0.09,0.0,474.5428,332.3682,280.22006,327.34872
0.03,0.09,0.0,534.0554,331.46225,339.0125,326.83975
0.06,0.09,0.0,593.65436,330.46973,398.20032,326.32632
0.09,0.09,0.0,653.2887,329.6061,457.75537,326.00797
0.12,0.09,0.0,712.921,328.75003,517.47186,325.80026
0.15,0.09,0.0,772.4967,327.925,577.2615,325.60654
0.18,0.09,0.0,832.0193,327.06586,637.10785,325.3629
0.21,0.09,0.0,891.28674,326.34998,696.9791,325.15372
0.24,0.09,0.0,950.1277,325.79343,756.8864,325.0665
0.27,0.09,0.0,1008.5145,325.22397,816.7563,324.86896
0.0,0.12,0.0,474.38406,390.83322,277.9922,385.62076
0.03,0.12,0.0,534.28326,390.02118,337.26846,385.30225
0.06,0.12,0.0,594.2083,388.98615,396.79745,384.8583
0.09,0.12,0.0,654.19006,388.12445,456.7873,384.63083
0.12,0.12,0.0,714.14404,387.2976,516.89996,384.4592
0.15,0.12,0.0,774.0504,386.4064,577.05743,384.2868
0.18,0.12,0.0,833.95465,385.46625,637.25104,384.06717
0.21,0.12,0.0,893.6385,384.61258,697.4689,383.83633
0.24,0.12,0.0,952.8249,383.9406,757.69977,383.75864
0.27,0.12,0.0,1011.66595,383.18933,817.96515,383.5529
0.0,0.15,0.0,474.3133,450.04086,275.9837,444.7125
0.03,0.15,0.0,534.5371,449.1966,335.56265,444.4841
0.06,0.15,0.0,594.80176,448.22244,395.50385,444.17075
0.09,0.15,0.0,655.1018,447.37134,455.859,443.99744
0.12,0.15,0.0,715.365,446.4992,516.3345,443.85696
0.15,0.15,0.0,775.638,445.57465,576.84424,443.68002
0.18,0.15,0.0,835.8793,444.59714,637.35474,443.47403
0.21,0.15,0.0,895.9033,443.63693,697.93976,443.26825
0.24,0.15,0.0,955.47015,442.8457,758.5171,443.19556
0.27,0.15,0.0,1014.62427,441.97092,819.1496,442.9871
0.0,0.18,0.0,474.25223,509.88904,274.07666,504.5762
0.03,0.18,0.0,534.79785,509.00702,333.9061,504.40665
0.06,0.18,0.0,595.3774,508.08875,394.25772,504.2275
0.09,0.18,0.0,656.0034,507.2297,454.95496,504.08057
0.12,0.18,0.0,716.5991,506.2991,515.7724,503.9337
0.15,0.18,0.0,777.1748,505.39035,576.6214,503.77765
0.18,0.18,0.0,837.70844,504.42206,637.49457,503.57068
0.21,0.18,0.0,898.07404,503.38437,698.4305,503.43414
0.24,0.18,0.0,958.0036,502.4104,759.31396,503.2859
0.27,0.18,0.0,1017.42114,501.41364,820.3143,503.14865
0.0,0.21,0.0,474.27722,570.31714,272.28677,565.0479
0.03,0.21,0.0,535.0921,569.4458,332.40628,565.00433
0.06,0.21,0.0,596.0069,568.55444,393.0897,564.9524
0.09,0.21,0.0,656.93787,567.6798,454.10873,564.87524
0.12,0.21,0.0,717.865,566.71436,515.18744,564.6769
0.15,0.21,0.0,778.7414,565.7756,576.39655,564.54156
0.18,0.21,0.0,839.54535,564.788,637.6225,564.4081
0.21,0.21,0.0,900.2222,563.6995,698.9077,564.23444
0.24,0.21,0.0,960.4142,562.61554,760.1845,564.14905
0.27,0.21,0.0,1020.07074,561.44714,821.4941,563.98444
0.0,0.24,0.0,474.28464,631.31836,270.65024,626.08795
0.03,0.24,0.0,535.4207,630.5039,330.98785,626.2458
0.06,0.24,0.0,596.6439,629.6573,392.01266,626.3204
0.09,0.24,0.0,657.8699,628.75696,453.2815,626.3025
0.12,0.24,0.0,719.1094,627.76996,514.6262,626.1647
0.15,0.24,0.0,780.2925,626.80225,576.1818,626.0666
0.18,0.24,0.0,841.3301,625.7582,637.78424,625.963
0.21,0.24,0.0,902.2788,624.5981,699.3976,625.8063
0.24,0.24,0.0,962.63074,623.34186,761.01636,625.6817
0.27,0.24,0.0,1022.543,621.95056,822.6145,625.48395
0.0,0.27,0.0,474.4097,692.818,269.14185,687.63495
0.03,0.27,0.0,535.7891,692.068,329.76346,687.99426
0.06,0.27,0.0,597.32715,691.2206,391.05743,688.23773
0.09,0.27,0.0,658.82477,690.32196,452.50928,688.31323
0.12,0.27,0.0,720.3616,689.3502,514.06586,688.3096
0.15,0.27,0.0,781.79553,688.32,576.0182,688.22076
0.18,0.27,0.0,843.05756,687.15137,637.9376,688.1239
0.21,0.27,0.0,904.24304,685.8805,699.9049,688.008
0.24,0.27,0.0,964.7024,684.42535,761.8031,687.81116
0.27,0.27,0.0,1024.816,682.8245,823.7343,687.5841
0.0,0.0,0.0,466.92578,145.82591,271.1025,141.95094
0.03,0.0,0.0,527.8362,144.32153,330.86774,140.46255
0.06,0.0,0.0,588.9411,143.04796,391.24698,139.23471
0.09,0.0,0.0,650.176,141.88173,452.1023,138.23482
0.12,0.0,0.0,711.4687,140.93988,513.3026,137.52689
0.15,0.0,0.0,772.6586,140.17174,574.7781,136.95354
0.18,0.0,0.0,833.6966,139.65321,636.3426,136.54756
0.21,0.0,0.0,894.41156,139.30597,697.94696,136.3294
0.24,0.0,0.0,954.66614,139.28407,759.5363,136.26521
0.27,0.0,0.0,1014.31586,139.54791,821.04004,136.36662
0.0,0.03,0.0,468.32593,207.1206,271.91858,202.76892
0.03,0.03,0.0,529.1332,205.76482,331.6352,201.60591
0.06,0.03,0.0,590.13495,204.56097,391.99667,200.6276
0.09,0.03,0.0,651.1886,203.50523,452.7883,199.8626
0.12,0.03,0.0,712.34686,202.54805,513.8814,199.27515
0.15,0.03,0.0,773.3618,201.69926,575.1609,198.79953
0.18,0.03,0.0,834.2969,201.00671,636.54224,198.46191
0.21,0.03,0.0,894.93335,200.51907,697.9936,198.21901
0.24,0.03,0.0,955.1493,200.2175,759.4122,198.11917
0.27,0.03,0.0,1014.8273,200.20584,820.86536,198.13527
0.0,0.06,0.0,469.88,268.378,272.9667,263.62988
0.03,0.06,0.0,530.5187,267.17252,332.65292,262.69238
0.06,0.06,0.0,591.3143,266.04434,392.90356,261.94836
0.09,0.06,0.0,652.18713,265.00012,453.57285,261.3716
0.12,0.06,0.0,713.1295,264.0308,514.50934,260.89584
0.15,0.06,0.0,773.96484,263.10568,575.57623,260.5325
0.18,0.06,0.0,834.75073,262.31113,636.74493,260.23557
0.21,0.06,0.0,895.27606,261.68033,697.98627,260.00546
0.24,0.06,0.0,955.3941,261.2001,759.2191,259.81714
0.27,0.06,0.0,1014.94604,260.9177,820.42773,259.75812
0.0,0.09,0.0,471.5393,329.35864,274.20523,324.30252
0.03,0.09,0.0,532.0033,328.25894,333.8808,323.58414
0.06,0.09,0.0,592.59216,327.18896,394.0041,323.0215
0.09,0.09,0.0,653.19446,326.16168,454.47864,322.57507
0.12,0.09,0.0,713.82086,325.17197,515.24493,322.21777
0.15,0.09,0.0,774.4814,324.24966,576.0516,321.8949
0.18,0.09,0.0,835.0586,323.3685,636.9756,321.63422
0.21,0.09,0.0,895.4234,322.62354,697.932,321.46066
0.24,0.09,0.0,955.3489,321.95935,758.9193,321.26056
0.27,0.09,0.0,1014.8382,321.4405,819.93854,321.12482
0.0,0.12,0.0,473.32385,389.92398,275.79868,384.69156
0.03,0.12,0.0,533.5519,388.88867,335.3324,384.13583
0.06,0.12,0.0,593.81213,387.9028,395.22522,383.7439
0.09,0.12,0.0,654.1739,386.88745,455.51392,383.40173
0.12,0.12,0.0,714.5235,385.88754,516.02216,383.07242
0.15,0.12,0.0,774.8938,384.93225,576.6001,382.8193
0.18,0.12,0.0,835.2614,384.02377,637.19214,382.60065
0.21,0.12,0.0,895.44086,383.16797,697.8877,382.42365
0.24,0.12,0.0,955.1364,382.36346,758.5857,382.19946
0.27,0.12,0.0,1014.4671,381.67673,819.37384,382.0698
0.0,0.15,0.0,475.17752,449.93912,277.57452,444.60526
0.03,0.15,0.0,535.08325,448.94165,336.8487,444.2449
0.06,0.15,0.0,595.06647,448.03473,396.51025,443.9727
0.09,0.15,0.0,655.15356,447.03387,456.60043,443.7001
0.12,0.15,0.0,715.22266,446.0338,516.8335,443.41867
0.15,0.15,0.0,775.3053,445.08997,577.1203,443.19638
0.18,0.15,0.0,835.39105,444.14896,637.453,443.0
0.21,0.15,0.0,895.30286,443.2557,697.8291,442.8526
0.24,0.15,0.0,954.7743,442.29428,758.24335,442.636
0.27,0.15,0.0,1013.86865,441.48492,818.74274,442.51413
0.0,0.18,0.0,477.03763,509.38983,279.49268,504.05627
0.03,0.18,0.0,536.6464,508.47046,338.44568,503.87903
0.06,0.18,0.0,596.32825,507.5674,397.91644,503.6681
0.09,0.18,0.0,656.1044,506.5844,457.71097,503.4046
0.12,0.18,0.0,715.8694,505.64096,517.6173,503.2251
0.15,0.18,0.0,775.6475,504.65384,577.6051,503.0036
0.18,0.18,0.0,835.4337,503.71646,637.659,502.83737
0.21,0.18,0.0,895.06024,502.7848,697.77423,502.72668
0.24,0.18,0.0,954.3087,501.75314,757.92395,502.56262
0.27,0.18,0.0,1013.05164,500.74866,818.1154,502.41656
0.0,0.21,0.0,478.92886,568.2356,281.49927,562.97253
0.03,0.21,0.0,538.191,567.4123,340.12207,562.9662
0.06,0.21,0.0,597.6135,566.4313,399.3584,562.7896
0.09,0.21,0.0,657.07074,565.47504,458.85272,562.5624
0.12,0.21,0.0,716.5296,564.61456,518.4028,562.459
0.15,0.21,0.0,775.9994,563.62494,578.1308,562.2699
0.18,0.21,0.0,835.4335,562.61945,637.92065,562.1049
0.21,0.21,0.0,894.7374,561.68353,697.7528,562.0324
0.24,0.21,0.0,953.7006,560.5952,757.5957,561.88995
0.27,0.21,0.0,1012.1429,559.46625,817.4848,561.7605
0.0,0.24,0.0,480.8085,626.50806,283.58865,621.3201
0.03,0.24,0.0,539.765,625.7375,341.90405,621.4216
0.06,0.24,0.0,598.8876,624.7173,400.88217,621.27313
0.09,0.24,0.0,658.0005,623.76733,459.97598,621.19946
0.12,0.24,0.0,717.2103,623.02466,519.20056,621.2325
0.15,0.24,0.0,776.31854,621.9541,578.6507,621.01263
0.18,0.24,0.0,835.3893,620.91156,638.155,620.82153
0.21,0.24,0.0,894.3813,619.96716,697.6767,620.8412
0.24,0.24,0.0,952.924,618.7462,757.26807,620.67145
0.27,0.24,0.0,1011.0344,617.47424,816.8309,620.5541
0.0,0.27,0.0,482.7528,684.0672,285.84464,678.9636
0.03,0.27,0.0,541.3756,683.327,343.83743,679.18085
0.06,0.27,0.0,600.1782,682.24756,402.42596,679.05664
0.09,0.27,0.0,658.9614,681.3428,461.19724,679.1114
0.12,0.27,0.0,717.7992,680.7496,520.0226,679.372
0.15,0.27,0.0,776.5703,679.5668,579.19196,679.09973
0.18,0.27,0.0,835.27014,678.4761,638.3927,678.98755
0.21,0.27,0.0,893.9314,677.5464,697.6489,679.077
0.24,0.27,0.0,951.9729,675.9893,756.8572,678.7637
0.27,0.27,0.0,1009.7762,674.7207,816.1298,678.70233
0.0,0.0,0.0,614.603,256.5386,422.97638,252.68214
0.03,0.0,0.0,672.70953,253.71968,479.8596,250.3013
0.06,0.0,0.0,731.4665,250.96718,537.5415,248.0209
0.09,0.0,0.0,790.8248,248.24081,596.0692,245.73296
0.12,0.0,0.0,850.8161,245.62567,655.384,243.51665
0.15,0.0,0.0,911.2064,243.14214,715.4801,241.34958
0.18,0.0,0.0,971.888,240.8538,776.3475,239.2348
0.21,0.0,0.0,1032.6349,238.75858,837.83325,237.18393
0.24,0.0,0.0,1093.2704,236.86961,899.85785,235.28198
0.27,0.0,0.0,1153.5717,235.28174,962.31024,233.58919
0.0,0.03,0.0,615.90967,315.04453,423.22623,311.0925
0.03,0.03,0.0,674.032,312.58472,480.19864,309.17294
0.06,0.03,0.0,732.8585,310.14,538.0159,307.33316
0.09,0.03,0.0,792.37146,307.69785,596.60535,305.49527
0.12,0.03,0.0,852.48535,305.3604,655.9959,303.68515
0.15,0.03,0.0,913.0487,303.0865,716.185,301.857
0.18,0.03,0.0,973.899,300.9667,777.1358,300.04056
0.21,0.03,0.0,1034.86,298.92703,838.7573,298.29535
0.24,0.03,0.0,1095.699,297.14392,900.9917,296.67923
0.27,0.03,0.0,1156.2224,295.54028,963.62244,295.18
0.0,0.06,0.0,617.2006,373.68512,423.56995,369.7386
0.03,0.06,0.0,675.3655,371.5958,480.61783,368.30972
0.06,0.06,0.0,734.2428,369.49896,538.5275,366.84558
0.09,0.06,0.0,793.805,367.40714,597.1621,365.42508
0.12,0.06,0.0,854.0223,365.32928,656.6012,363.98572
0.15,0.06,0.0,914.69037,363.30298,716.8025,362.5351
0.18,0.06,0.0,975.7012,361.37805,777.8383,361.0999
0.21,0.06,0.0,1036.8088,359.52036,839.5993,359.70886
0.24,0.06,0.0,1097.8247,357.77805,901.9564,358.37936
0.27,0.06,0.0,1158.5255,356.21777,964.76013,357.1203
0.0,0.09,0.0,618.4735,432.38486,423.91138,428.56973
0.03,0.09,0.0,676.70325,430.69806,481.13165,427.53372
0.06,0.09,0.0,735.57855,428.9287,539.02313,426.45428
0.09,0.09,0.0,795.2127,427.1786,597.7574,425.46252
0.12,0.09,0.0,855.47296,425.42767,657.21716,424.39334
0.15,0.09,0.0,916.213,423.68146,717.46985,423.3395
0.18,0.09,0.0,977.3009,421.97256,778.5199,422.29456
0.21,0.09,0.0,1038.5508,420.31015,840.3558,421.25497
0.24,0.09,0.0,1099.5969,418.72076,902.79626,420.2772
0.27,0.09,0.0,1160.4608,417.17273,965.70996,419.31915
0.0,0.12,0.0,619.7891,491.155,424.3966,487.50436
0.03,0.12,0.0,678.0752,489.77814,481.6926,486.8323
0.06,0.12,0.0,736.90955,488.4006,539.5444,486.18027
0.09,0.12,0.0,796.5929,486.96698,598.30304,485.5127
0.12,0.12,0.0,856.8203,485.54953,657.83685,484.87332
0.15,0.12,0.0,917.6149,484.14243,718.1276,484.22034
0.18,0.12,0.0,978.78644,482.66534,779.20245,483.59332
0.21,0.12,0.0,1040.0662,481.19247,841.05054,482.95636
0.24,0.12,0.0,1101.1401,479.7348,903.60345,482.30756
0.27,0.12,0.0,1162.013,478.26694,966.5669,481.65594
0.0,0.15,0.0,621.14325,549.8657,424.9903,546.4648
0.03,0.15,0.0,679.4079,548.8667,482.20847,546.20776
0.06,0.15,0.0,738.2572,547.8648,540.08655,545.9648
0.09,0.15,0.0,797.9384,546.8016,598.9305,545.64996
0.12,0.15,0.0,858.16626,545.7015,658.46246,545.41956
0.15,0.15,0.0,918.9165,544.57477,718.7711,545.1775
0.18,0.15,0.0,980.0466,543.4039,779.8953,544.9402
0.21,0.15,0.0,1041.3085,542.135,841.7539,544.69336
0.24,0.15,0.0,1102.3864,540.7628,904.29865,544.4029
0.27,0.15,0.0,1163.223,539.3877,967.24115,544.1
0.0,0.18,0.0,622.5256,608.53894,425.61194,605.4565
0.03,0.18,0.0,680.6868,607.9233,482.74002,605.623
0.06,0.18,0.0,739.5998,607.28754,540.6964,605.772
0.09,0.18,0.0,799.2325,606.55695,599.5445,605.8748
0.12,0.18,0.0,859.42487,605.79553,659.08417,606.0178
0.15,0.18,0.0,920.11523,604.94055,719.43506,606.19104
0.18,0.18,0.0,981.1623,603.9846,780.54724,606.32605
0.21,0.18,0.0,1042.317,602.92444,842.3956,606.4979
0.24,0.18,0.0,1103.336,601.69775,904.8883,606.531
0.27,0.18,0.0,1164.0094,600.352,967.8032,606.495
0.0,0.21,0.0,623.8589,667.1449,426.29095,664.42914
0.03,0.21,0.0,681.9815,666.93,483.31512,665.09906
0.06,0.21,0.0,740.9231,666.578,541.3565,665.5882
0.09,0.21,0.0,800.48254,666.18353,600.2008,666.08984
0.12,0.21,0.0,860.5853,665.761,659.67816,666.68677
0.15,0.21,0.0,921.2235,665.1239,720.06726,667.2168
0.18,0.21,0.0,982.0295,664.3704,781.1918,667.69055
0.21,0.21,0.0,1043.0865,663.50714,842.9811,668.20886
0.24,0.21,0.0,1103.9625,662.38995,905.41425,668.54443
0.27,0.21,0.0,1164.4584,661.0775,968.2038,668.7848
0.0,0.24,0.0,625.1594,725.639,426.9956,723.3034
0.03,0.24,0.0,683.28784,725.77856,483.99976,724.44147
0.06,0.24,0.0,742.1926,725.71423,542.09424,725.3016
0.09,0.24,0.0,801.63727,725.6078,600.86725,726.2792
0.12,0.24,0.0,861.648,725.5211,660.27924,727.32166
0.15,0.24,0.0,922.0697,725.03876,720.658,728.1342
0.18,0.24,0.0,982.745,724.45544,781.75415,728.96545
0.21,0.24,0.0,1043.585,723.7602,843.4258,729.7861
0.24,0.24,0.0,1104.1954,722.64056,905.71,730.4075
0.27,0.24,0.0,1164.4836,721.39087,968.3608,730.83295
0.0,0.27,0.0,626.51605,783.8431,427.7912,781.919
0.03,0.27,0.0,684.5691,784.27386,484.77625,783.46356
0.06,0.27,0.0,743.402,784.4054,542.8634,784.73987
0.09,0.27,0.0,802.71655,784.5756,601.5722,786.1271
0.12,0.27,0.0,862.5048,784.84814,660.8284,787.6932
0.15,0.27,0.0,922.75555,784.53503,721.2036,788.77747
0.18,0.27,0.0,983.2324,784.0522,782.1857,789.92737
0.21,0.27,0.0,1043.8065,783.51935,843.7374,791.1192
0.24,0.27,0.0,1104.0955,782.37476,905.8348,791.77936
0.27,0.27,0.0,1164.1317,781.14233,968.2709,792.4674
0.0,0.0,0.0,614.6648,239.75586,413.74423,235.73221
0.03,0.0,0.0,675.79456,240.76181,475.86215,237.178
0.06,0.0,0.0,736.11505,241.85638,537.3805,238.81102
0.09,0.0,0.0,795.6628,242.98787,598.2836,240.485
0.12,0.0,0.0,854.33856,244.25732,658.5069,242.20811
0.15,0.0,0.0,911.99756,245.6346,718.0442,243.99702
0.18,0.0,0.0,968.5868,247.15327,776.8277,245.84059
0.21,0.0,0.0,1023.96735,248.82582,834.81,247.72832
0.24,0.0,0.0,1078.004,250.63724,891.90106,249.73302
0.27,0.0,0.0,1130.689,252.62288,948.0627,251.85233
0.0,0.03,0.0,615.18787,301.47363,413.0929,297.36
0.03,0.03,0.0,676.3591,302.09247,475.36423,298.595
0.06,0.03,0.0,736.78394,302.7583,537.0205,299.90775
0.09,0.03,0.0,796.40283,303.46948,597.98175,301.25803
0.12,0.03,0.0,855.1765,304.27646,658.29846,302.66058
0.15,0.03,0.0,912.96106,305.14493,717.87036,304.05228
0.18,0.03,0.0,969.72284,306.1472,776.7478,305.45953
0.21,0.03,0.0,1025.2281,307.25317,834.8567,306.96097
0.24,0.03,0.0,1079.4727,308.48407,892.08984,308.5218
0.27,0.03,0.0,1132.2644,309.82877,948.40753,310.1296
0.0,0.06,0.0,615.723,363.36176,412.55832,359.28238
0.03,0.06,0.0,676.8774,363.61414,474.91467,360.24176
0.06,0.06,0.0,737.38446,363.90112,536.6701,361.22043
0.09,0.06,0.0,797.0534,364.19644,597.7272,362.23254
0.12,0.06,0.0,855.87695,364.53003,658.04047,363.27704
0.15,0.06,0.0,913.76135,364.94342,717.6309,364.30328
0.18,0.06,0.0,970.6368,365.41766,776.59894,365.33682
0.21,0.06,0.0,1026.2952,365.9797,834.80896,366.4085
0.24,0.06,0.0,1080.622,366.62964,892.166,367.47714
0.27,0.06,0.0,1133.5457,367.38922,948.5995,368.6791
0.0,0.09,0.0,616.2642,425.33264,412.1561,421.38486
0.03,0.09,0.0,677.40125,425.23376,474.60443,422.01413
0.06,0.09,0.0,737.9629,425.12015,536.3697,422.6463
0.09,0.09,0.0,797.6453,424.99402,597.509,423.31152
0.12,0.09,0.0,856.4763,424.92078,657.7815,423.97888
0.15,0.09,0.0,914.4223,424.87878,717.4211,424.6186
0.18,0.09,0.0,971.3928,424.84885,776.424,425.2966
0.21,0.09,0.0,1027.1826,424.89062,834.7275,425.97583
0.24,0.09,0.0,1081.4912,425.0126,892.05896,426.71014
0.27,0.09,0.0,1134.57,425.13675,948.6774,427.4538
0.0,0.12,0.0,616.8409,487.36,411.7812,483.62564
0.03,0.12,0.0,677.96576,486.87024,474.2638,483.8831
0.06,0.12,0.0,738.5523,486.3737,536.11566,484.15497
0.09,0.12,0.0,798.217,485.87424,597.2102,484.42795
0.12,0.12,0.0,856.9994,485.39285,657.5315,484.72565
0.15,0.12,0.0,914.9825,484.88516,717.18976,485.0245
0.18,0.12,0.0,972.0476,484.3963,776.2723,485.3483
0.21,0.12,0.0,1027.8229,483.94882,834.6255,485.68063
0.24,0.12,0.0,1082.0927,483.4839,891.9532,486.0001
0.27,0.12,0.0,1135.244,483.02155,948.6073,486.32834
0.0,0.15,0.0,617.34875,549.34076,411.46863,545.92004
0.03,0.15,0.0,678.5028,548.4806,473.95847,545.82733
0.06,0.15,0.0,739.09283,547.62585,535.8529,545.7702
0.09,0.15,0.0,798.7076,546.7389,596.93036,545.6588
0.12,0.15,0.0,857.49426,545.83325,657.3166,545.56134
0.15,0.15,0.0,915.4392,544.88904,716.9962,545.4976
0.18,0.15,0.0,972.4288,543.9362,776.0908,545.4703
0.21,0.15,0.0,1028.2793,542.9842,834.4621,545.4576
0.24,0.15,0.0,1082.4999,541.9337,891.7953,545.3611
0.27,0.15,0.0,1135.5408,540.89545,948.407,545.2636
0.0,0.18,0.0,617.87976,611.2839,411.2279,608.211
0.03,0.18,0.0,679.0794,610.0508,473.6983,607.82635
0.06,0.18,0.0,739.5486,608.81006,535.53827,607.37866
0.09,0.18,0.0,799.13367,607.50903,596.6439,606.90454
0.12,0.18,0.0,857.948,606.19806,657.08826,606.4553
0.15,0.18,0.0,915.81647,604.8092,716.7985,606.0474
0.18,0.18,0.0,972.6799,603.4141,775.8576,605.6475
0.21,0.18,0.0,1028.4395,601.9242,834.2232,605.2479
0.24,0.18,0.0,1082.7079,600.3449,891.6036,604.73926
0.27,0.18,0.0,1135.5554,598.6785,948.06104,604.1812
0.0,0.21,0.0,618.4511,673.13257,411.09253,670.4595
0.03,0.21,0.0,679.6471,671.55554,473.49512,669.79553
0.06,0.21,0.0,739.99384,669.8702,535.3186,668.9927
0.09,0.21,0.0,799.5083,668.14417,596.41626,668.1474
0.12,0.21,0.0,858.3433,666.4484,656.9036,667.39185
0.15,0.21,0.0,916.0753,664.5878,716.6105,666.5719
0.18,0.21,0.0,972.74097,662.6175,775.59656,665.7657
0.21,0.21,0.0,1028.4143,660.6524,833.9477,664.9862
0.24,0.21,0.0,1082.5793,658.4881,891.28253,664.0077
0.27,0.21,0.0,1135.3116,656.2436,947.6651,663.02576
0.0,0.24,0.0,619.0948,734.82025,411.10312,732.55096
0.03,0.24,0.0,680.2156,732.8574,473.4048,731.64404
0.06,0.24,0.0,740.3905,730.7165,535.1266,730.474
0.09,0.24,0.0,799.8486,728.55237,596.1861,729.31665
0.12,0.24,0.0,858.66406,726.4671,656.7349,728.317
0.15,0.24,0.0,916.1546,724.0344,716.3518,727.0457
0.18,0.24,0.0,972.6417,721.5718,775.2937,725.78394
0.21,0.24,0.0,1028.202,719.0855,833.572,724.56714
0.24,0.24,0.0,1082.1349,716.30524,890.801,723.1632
0.27,0.24,0.0,1134.7379,713.452,947.07434,721.6362
0.0,0.27,0.0,619.76544,796.14996,411.2663,794.3528
0.03,0.27,0.0,680.72015,793.79425,473.44855,793.1669
0.06,0.27,0.0,740.7185,791.1589,534.99854,791.6355
0.09,0.27,0.0,800.0482,788.55756,596.0169,790.1853
0.12,0.27,0.0,858.7961,786.0896,656.53284,788.96484
0.15,0.27,0.0,916.04034,783.1091,716.0614,787.21216
0.18,0.27,0.0,972.3335,780.09326,774.8881,785.5278
0.21,0.27,0.0,1027.7618,777.1062,833.1978,783.9739
0.24,0.27,0.0,1081.3071,773.6037,890.082,781.9364
0.27,0.27,0.0,1133.8759,770.2363,946.3562,779.9781
0.0,0.0,0.0,612.5019,256.43723,420.62564,252.67384
0.03,0.0,0.0,671.37787,255.57268,479.37958,252.27031
0.06,0.0,0.0,730.20886,254.7801,538.2927,251.91176
0.09,0.0,0.0,788.95776,254.02507,597.27124,251.65793
0.12,0.0,0.0,847.5178,253.39087,656.32544,251.48099
0.15,0.0,0.0,905.77783,252.93799,715.3991,251.32605
0.18,0.0,0.0,963.62476,252.61589,774.4544,251.28922
0.21,0.0,0.0,1020.8855,252.47874,833.37885,251.28879
0.24,0.0,0.0,1077.3804,252.5163,892.1171,251.43082
0.27,0.0,0.0,1132.999,252.7845,950.5564,251.746
0.0,0.03,0.0,613.16095,313.71704,419.31686,309.8679
0.03,0.03,0.0,672.38086,312.81903,478.47903,309.52573
0.06,0.03,0.0,731.5928,311.9699,537.7903,309.27554
0.09,0.03,0.0,790.71643,311.17078,597.1602,309.0955
0.12,0.03,0.0,849.6844,310.47705,656.5722,308.92474
0.15,0.03,0.0,908.3638,309.84747,716.00665,308.76093
0.18,0.03,0.0,966.66364,309.3399,775.4457,308.6133
0.21,0.03,0.0,1024.3502,308.97238,834.78455,308.57785
0.24,0.03,0.0,1081.2992,308.73346,893.9734,308.6327
0.27,0.03,0.0,1137.3141,308.7249,952.86676,308.75974
0.0,0.06,0.0,613.8236,371.7428,418.07877,367.8692
0.03,0.06,0.0,673.368,370.8708,477.6598,367.64087
0.06,0.06,0.0,732.9434,369.9838,537.3338,367.4306
0.09,0.06,0.0,792.4215,369.12534,597.02795,367.24097
0.12,0.06,0.0,851.7613,368.3146,656.80884,367.09836
0.15,0.06,0.0,910.83417,367.58954,716.58545,366.9372
0.18,0.06,0.0,969.5142,366.8852,776.40326,366.75525
0.21,0.06,0.0,1027.648,366.316,836.15045,366.68185
0.24,0.06,0.0,1084.9856,365.8613,895.7467,366.62714
0.27,0.06,0.0,1141.4048,365.52966,955.07983,366.66434
0.0,0.09,0.0,614.52094,430.43262,416.88812,426.6309
0.03,0.09,0.0,674.40466,429.57986,476.85367,426.46906
0.06,0.09,0.0,734.28644,428.6281,536.8871,426.22458
0.09,0.09,0.0,794.10767,427.75244,596.961,426.08347
0.12,0.09,0.0,853.7989,426.89404,657.0413,425.93912
0.15,0.09,0.0,913.2187,426.05643,717.14935,425.79858
0.18,0.09,0.0,972.3352,425.20584,777.3453,425.61456
0.21,0.09,0.0,1030.7986,424.4266,837.51135,425.4776
0.24,0.09,0.0,1088.4155,423.77435,897.46454,425.4715
0.27,0.09,0.0,1145.2091,423.09866,957.1686,425.35486
0.0,0.12,0.0,615.2352,489.78247,415.76236,486.13596
0.03,0.12,0.0,675.44086,488.94333,476.10248,486.01736
0.06,0.12,0.0,735.6464,487.9355,536.4474,485.7608
0.09,0.12,0.0,795.77795,487.03403,596.87317,485.6292
0.12,0.12,0.0,855.7761,486.12524,657.3081,485.50708
0.15,0.12,0.0,915.5255,485.19028,717.741,485.3774
0.18,0.12,0.0,974.9771,484.21698,778.3082,485.17047
0.21,0.12,0.0,1033.78,483.2339,838.80035,485.0332
0.24,0.12,0.0,1091.6342,482.3654,899.09985,484.96066
0.27,0.12,0.0,1148.757,481.3563,959.16187,484.77313
0.0,0.15,0.0,615.96564,549.7623,414.707,546.3422
0.03,0.15,0.0,676.48706,548.8773,475.33206,546.20386
0.06,0.15,0.0,736.99194,547.887,536.0018,546.0082
0.09,0.15,0.0,797.4421,546.9718,596.7864,545.88336
0.12,0.15,0.0,857.66785,545.98816,657.5765,545.73236
0.15,0.15,0.0,917.7624,544.9419,718.37463,545.61035
0.18,0.15,0.0,977.4751,543.8654,779.26685,545.449
0.21,0.15,0.0,1036.5618,542.68805,840.0892,545.2859
0.24,0.15,0.0,1094.6724,541.5277,900.6997,545.16077
0.27,0.15,0.0,1151.9548,540.29376,961.0571,544.9236
0.0,0.18,0.0,616.71497,610.3378,413.68243,607.1776
0.03,0.18,0.0,677.5248,609.4072,474.56052,607.1045
0.06,0.18,0.0,738.338,608.4608,535.60175,606.948
0.09,0.18,0.0,799.0314,607.4581,596.6999,606.8395
0.12,0.18,0.0,859.6034,606.41284,657.83374,606.71857
0.15,0.18,0.0,919.9169,605.25415,718.99567,606.5748
0.18,0.18,0.0,979.802,604.02075,780.17487,606.42523
0.21,0.18,0.0,1039.1068,602.6448,841.3293,606.25244
0.24,0.18,0.0,1097.4639,601.21686,902.2571,605.9942
0.27,0.18,0.0,1154.852,599.64844,962.8188,605.69745
0.0,0.21,0.0,617.4942,671.4573,412.71982,668.6401
0.03,0.21,0.0,678.60876,670.4933,473.8972,668.6184
0.06,0.21,0.0,739.6495,669.5027,535.2384,668.5635
0.09,0.21,0.0,800.6492,668.44135,596.6618,668.45715
0.12,0.21,0.0,861.4687,667.2985,658.1276,668.3155
0.15,0.21,0.0,922.00433,666.01654,719.609,668.1862
0.18,0.21,0.0,981.9456,664.59326,781.0963,668.00165
0.21,0.21,0.0,1041.4375,663.0197,842.5368,667.7603
0.24,0.21,0.0,1099.9442,661.2644,903.66156,667.4207
0.27,0.21,0.0,1157.4304,659.38794,964.49146,666.9492
0.0,0.24,0.0,618.2798,733.0069,411.88,730.551
0.03,0.24,0.0,679.6555,732.0976,473.27957,730.7135
0.06,0.24,0.0,740.95856,731.03076,534.9247,730.7476
0.09,0.24,0.0,802.14594,729.8888,596.6281,730.6714
0.12,0.24,0.0,863.2475,728.6477,658.40735,730.56464
0.15,0.24,0.0,923.8397,727.1302,720.183,730.37836
0.18,0.24,0.0,983.9262,725.49536,781.9378,730.16046
0.21,0.24,0.0,1043.5449,723.6681,843.6216,729.7913
0.24,0.24,0.0,1102.0776,721.6091,904.9613,729.317
0.27,0.24,0.0,1159.6599,719.3056,965.9445,728.6545
0.0,0.27,0.0,619.0917,794.89935,411.15826,792.8619
0.03,0.27,0.0,680.69073,793.9265,472.784,793.1156
0.06,0.27,0.0,742.1888,792.77386,534.6875,793.23315
0.09,0.27,0.0,803.5428,791.4913,596.6455,793.20874
0.12,0.27,0.0,864.851,790.1331,658.6765,793.1861
0.15,0.27,0.0,925.5008,788.4179,720.6874,792.9278
0.18,0.27,0.0,985.6787,786.5062,782.6894,792.6384
0.21,0.27,0.0,1045.3867,784.4243,844.60516,792.19305
0.24,0.27,0.0,1103.8135,781.9776,906.0061,791.4623
0.27,0.27,0.0,1161.4946,779.3185,967.14825,790.6046
0.0,0.0,0.0,610.19025,244.36182,409.55118,240.4547
0.03,0.0,0.0,671.9008,243.30238,471.1275,239.85751
0.06,0.0,0.0,733.62195,242.34666,532.85266,239.37549
0.09,0.0,0.0,795.281,241.49919,594.7998,238.98056
0.12,0.0,0.0,856.7498,240.78226,656.8108,238.68584
0.15,0.0,0.0,917.92633,240.2105,718.8642,238.46199
0.18,0.0,0.0,978.53986,239.89429,780.8863,238.32011
0.21,0.0,0.0,1038.5321,239.76593,842.8118,238.33226
0.24,0.0,0.0,1097.6862,239.89407,904.50183,238.49762
0.27,0.0,0.0,1155.8123,240.25966,965.80945,238.88367
0.0,0.03,0.0,611.3623,306.4116,410.5814,302.4462
0.03,0.03,0.0,672.8505,305.35733,471.97113,301.93726
0.06,0.03,0.0,734.3409,304.34467,533.5494,301.5755
0.09,0.03,0.0,795.74347,303.45377,595.2048,301.28638
0.12,0.03,0.0,857.01544,302.614,656.94543,301.00204
0.15,0.03,0.0,918.0129,301.91916,718.7479,300.77908
0.18,0.03,0.0,978.54443,301.36124,780.5678,300.59583
0.21,0.03,0.0,1038.4512,300.98138,842.3047,300.51608
0.24,0.03,0.0,1097.5052,300.8072,903.8258,300.54208
0.27,0.03,0.0,1155.5935,300.8124,965.031,300.73825
0.0,0.06,0.0,612.5639,368.01508,411.7663,364.02875
0.03,0.06,0.0,673.7365,366.99014,472.95953,363.6676
0.06,0.06,0.0,734.9598,365.9701,534.2616,363.3472
0.09,0.06,0.0,796.1199,365.01822,595.645,363.10895
0.12,0.06,0.0,857.1598,364.15512,657.1055,362.85077
0.15,0.06,0.0,917.93,363.30618,718.6058,362.62952
0.18,0.06,0.0,978.32434,362.53433,780.14606,362.46378
0.21,0.06,0.0,1038.0553,361.96616,841.6672,362.30014
0.24,0.06,0.0,1096.9857,361.47763,903.02747,362.2308
0.27,0.06,0.0,1154.9204,361.1594,964.05475,362.30536
0.0,0.09,0.0,613.7732,429.02985,412.99884,425.16376
0.03,0.09,0.0,674.6332,428.02283,473.94498,424.8524
0.06,0.09,0.0,735.56525,427.0314,534.9833,424.6311
0.09,0.09,0.0,796.44946,426.05606,596.0894,424.35623
0.12,0.09,0.0,857.2016,425.0631,657.2691,424.1369
0.15,0.09,0.0,917.721,424.15555,718.4509,423.91287
0.18,0.09,0.0,977.92505,423.30887,779.7143,423.74457
0.21,0.09,0.0,1037.4574,422.4999,840.9816,423.61182
0.24,0.09,0.0,1096.1416,421.77487,902.0846,423.49527
0.27,0.09,0.0,1153.9908,421.14117,962.9401,423.47488
0.0,0.12,0.0,614.9818,489.44702,414.30927,485.7718
0.03,0.12,0.0,675.5472,488.43045,474.99414,485.47522
0.06,0.12,0.0,736.1463,487.51907,535.7077,485.3288
0.09,0.12,0.0,796.7357,486.47867,596.55133,485.04605
0.12,0.12,0.0,857.1708,485.41455,657.38745,484.8122
0.15,0.12,0.0,917.3976,484.45544,718.3018,484.5978
0.18,0.12,0.0,977.3342,483.51495,779.31165,484.5138
0.21,0.12,0.0,1036.6565,482.56317,840.30347,484.37216
0.24,0.12,0.0,1095.0239,481.56174,901.1023,484.2108
0.27,0.12,0.0,1152.6405,480.67725,961.6797,484.12598
0.0,0.15,0.0,616.1893,549.21515,415.69067,545.7843
0.03,0.15,0.0,676.436,548.202,476.02786,545.5324
0.06,0.15,0.0,736.7157,547.3258,536.4487,545.4199
0.09,0.15,0.0,796.93713,546.2827,596.9996,545.1606
0.12,0.15,0.0,857.0759,545.208,657.5701,544.9292
0.15,0.15,0.0,916.99176,544.1449,718.17206,544.7911
0.18,0.15,0.0,976.58624,543.1146,778.8544,544.65826
0.21,0.15,0.0,1035.587,542.05383,839.5699,544.5756
0.24,0.15,0.0,1093.667,540.76666,900.02625,544.3339
0.27,0.15,0.0,1150.9777,539.5858,960.28925,544.2012
0.0,0.18,0.0,617.4017,608.3097,417.1028,605.1861
0.03,0.18,0.0,677.29425,607.38007,477.08453,605.055
0.06,0.18,0.0,737.2442,606.4338,537.2041,604.91425
0.09,0.18,0.0,797.1005,605.3633,597.45605,604.69293
0.12,0.18,0.0,856.93054,604.3148,657.7132,604.53864
0.15,0.18,0.0,916.46246,603.1969,718.02826,604.3822
0.18,0.18,0.0,975.6458,602.0152,778.4027,604.26044
0.21,0.18,0.0,1034.3206,600.7687,838.7697,604.1618
0.24,0.18,0.0,1092.0969,599.328,898.93823,603.90485
0.27,0.18,0.0,1148.9698,597.80347,958.7682,603.6251
0.0,0.21,0.0,618.58453,666.75653,418.56018,663.9217
0.03,0.21,0.0,678.14453,665.87305,478.17752,663.9563
0.06,0.21,0.0,737.7475,664.8516,538.0157,663.7842
0.09,0.21,0.0,797.2603,663.7252,597.9202,663.5705
0.12,0.21,0.0,856.6811,662.71893,657.88324,663.5648
0.15,0.21,0.0,915.8611,661.434,717.8788,663.3703
0.18,0.21,0.0,974.57056,660.08276,777.91797,663.1888
0.21,0.21,0.0,1032.8545,658.7147,837.9425,663.0933
0.24,0.21,0.0,1090.27,657.0601,897.7065,662.7623
0.27,0.21,0.0,1146.7456,655.2809,957.16656,662.3571
0.0,0.24,0.0,619.7674,724.48425,420.08704,722.00903
0.03,0.24,0.0,678.99335,723.6479,479.33698,722.16406
0.06,0.24,0.0,738.20483,722.45245,538.8402,721.95123
0.09,0.24,0.0,797.3517,721.3175,598.4293,721.8166
0.12,0.24,0.0,856.4131,720.3603,658.062,721.95685
0.15,0.24,0.0,915.0877,718.8855,717.71967,721.6765
0.18,0.24,0.0,973.34265,717.35046,777.3874,721.4341
0.21,0.24,0.0,1031.2004,715.8606,837.02094,721.2994
0.24,0.24,0.0,1088.1115,713.8904,896.35974,720.8129
0.27,0.24,0.0,1144.2083,711.8527,955.4406,720.32666
0.0,0.27,0.0,620.9676,781.36755,421.72034,779.28796
0.03,0.27,0.0,679.81805,780.4626,480.56604,779.4709
0.06,0.27,0.0,738.6052,779.1298,539.7452,779.24756
0.09,0.27,0.0,797.30505,777.96576,598.92816,779.20435
0.12,0.27,0.0,856.0128,777.0498,658.196,779.5399
0.15,0.27,0.0,914.1375,775.3374,717.5025,779.1339
0.18,0.27,0.0,971.9393,773.64453,776.7726,778.82965
0.21,0.27,0.0,1029.376,772.01544,836.0505,778.7552
0.24,0.27,0.0,1085.6472,769.67267,894.8657,777.96234
0.27,0.27,0.0,1141.4059,767.4583,953.5231,777.395
0.0,0.0,0.0,477.8377,357.77026,285.9531,352.71164
0.03,0.0,0.0,535.15564,355.49133,341.4873,350.8955
0.06,0.0,0.0,593.24927,353.24005,398.06708,349.15854
0.09,0.0,0.0,652.1343,350.98438,455.68433,347.45853
0.12,0.0,0.0,711.787,348.6809,514.2513,345.79773
0.15,0.0,0.0,772.14734,346.42706,573.5971,344.1809
0.18,0.0,0.0,833.2196,344.15918,633.81195,342.59747
0.21,0.0,0.0,894.7974,341.95477,694.847,340.93567
0.24,0.0,0.0,956.8185,339.85394,756.65814,339.33646
0.27,0.0,0.0,1019.0122,337.87042,819.33527,337.74268
0.0,0.03,0.0,479.0759,416.57007,286.1058,411.39642
0.03,0.03,0.0,536.4448,414.69272,341.76877,410.04712
0.06,0.03,0.0,594.58844,412.85257,398.4398,408.79327
0.09,0.03,0.0,653.52344,410.9698,456.17935,407.55557
0.12,0.03,0.0,713.186,409.06284,514.78534,406.35648
0.15,0.03,0.0,773.59186,407.1398,574.1988,405.15567
0.18,0.03,0.0,834.7109,405.21835,634.4395,403.91476
0.21,0.03,0.0,896.38696,403.30627,695.4688,402.70862
0.24,0.03,0.0,958.4789,401.4536,757.35364,401.51535
0.27,0.03,0.0,1020.8178,399.64282,820.08765,400.34332
0.0,0.06,0.0,480.39722,475.43936,286.41608,470.21835
0.03,0.06,0.0,537.7725,473.9894,342.14484,469.43732
0.06,0.06,0.0,595.9538,472.49615,398.91727,468.56378
0.09,0.06,0.0,654.865,471.0021,456.6596,467.76663
0.12,0.06,0.0,714.56824,469.47012,515.32434,466.9653
0.15,0.06,0.0,774.98535,467.91702,574.758,466.1626
0.18,0.06,0.0,836.15796,466.34116,635.0348,465.36996
0.21,0.06,0.0,897.87164,464.74854,696.10693,464.56937
0.24,0.06,0.0,960.02313,463.16705,758.0517,463.78104
0.27,0.06,0.0,1022.37634,461.6033,820.7876,462.97205
0.0,0.09,0.0,481.68805,534.28973,286.84494,529.1054
0.03,0.09,0.0,539.1364,533.2147,342.63168,528.7834
0.06,0.09,0.0,597.24786,532.12683,399.36703,528.43365
0.09,0.09,0.0,656.22687,531.0148,457.16895,528.05444
0.12,0.09,0.0,715.9539,529.8485,515.89276,527.65814
0.15,0.09,0.0,776.34753,528.69794,575.3606,527.2418
0.18,0.09,0.0,837.51587,527.47565,635.64636,526.8641
0.21,0.09,0.0,899.25085,526.2721,696.80585,526.4745
0.24,0.09,0.0,961.40985,524.99506,758.71265,526.1362
0.27,0.09,0.0,1023.7711,523.60443,821.49274,525.791
0.0,0.12,0.0,483.05255,593.12646,287.4634,588.04193
0.03,0.12,0.0,540.5503,592.42206,343.2725,588.18427
0.06,0.12,0.0,598.6002,591.7629,399.88022,588.33997
0.09,0.12,0.0,657.5731,591.0367,457.74945,588.38837
0.12,0.12,0.0,717.3305,590.2247,516.4937,588.3883
0.15,0.12,0.0,777.7309,589.4258,575.9716,588.3945
0.18,0.12,0.0,838.8358,588.59894,636.2855,588.45056
0.21,0.12,0.0,900.55615,587.67755,697.4006,588.50977
0.24,0.12,0.0,962.6235,586.6529,759.43604,588.54333
0.27,0.12,0.0,1024.9224,585.53033,822.1963,588.61584
0.0,0.15,0.0,484.5549,651.8292,288.31046,646.8536
0.03,0.15,0.0,541.93964,651.5803,343.99103,647.5298
0.06,0.15,0.0,599.9813,651.31744,400.57413,648.2101
0.09,0.15,0.0,658.97144,650.9765,458.4032,648.6961
0.12,0.15,0.0,718.6733,650.5142,517.098,649.157
0.15,0.15,0.0,779.0409,650.05225,576.6111,649.5852
0.18,0.15,0.0,840.10974,649.575,636.92413,650.0779
0.21,0.15,0.0,901.69604,648.9584,698.04425,650.5739
0.24,0.15,0.0,963.6535,648.1341,760.06976,650.95404
0.27,0.15,0.0,1025.8368,647.2417,822.8206,651.40955
0.0,0.18,0.0,486.10715,710.38947,289.35812,705.48755
0.03,0.18,0.0,543.3418,710.58215,344.817,706.75525
0.06,0.18,0.0,601.4582,710.7146,401.40262,707.91394
0.09,0.18,0.0,660.38995,710.68634,459.1481,708.90674
0.12,0.18,0.0,719.99304,710.66986,517.74786,709.884
0.15,0.18,0.0,780.292,710.5465,577.23376,710.7703
0.18,0.18,0.0,841.25214,710.35236,637.5641,711.67413
0.21,0.18,0.0,902.73676,710.0058,698.7007,712.57544
0.24,0.18,0.0,964.4973,709.4308,760.6678,713.377
0.27,0.18,0.0,1026.4359,708.62585,823.36115,714.0954
0.0,0.21,0.0,487.7624,768.6119,290.57684,763.86694
0.03,0.21,0.0,544.83344,769.2985,345.82834,765.75336
0.06,0.21,0.0,602.93146,769.77826,402.41202,767.3749
0.09,0.21,0.0,661.75714,770.1447,460.0793,768.82764
0.12,0.21,0.0,721.2295,770.54846,518.441,770.40314
0.15,0.21,0.0,781.4314,770.66266,577.9172,771.72095
0.18,0.21,0.0,842.2716,770.7008,638.24445,772.9946
0.21,0.21,0.0,903.54376,770.63403,699.2921,774.32684
0.24,0.21,0.0,965.10834,770.22986,761.1805,775.47833
0.27,0.21,0.0,1026.8096,769.58,823.7771,776.5336
0.0,0.24,0.0,489.44174,826.4368,291.95654,821.8246
0.03,0.24,0.0,546.43567,827.593,347.03253,824.2915
0.06,0.24,0.0,604.4443,828.35754,403.61276,826.3837
0.09,0.24,0.0,663.14264,829.1588,461.04697,828.46173
0.12,0.24,0.0,722.4198,829.9629,519.22345,830.5767
0.15,0.24,0.0,782.5108,830.3511,578.6623,832.2968
0.18,0.24,0.0,843.119,830.5712,638.9036,833.9638
0.21,0.24,0.0,904.14136,830.75385,699.8209,835.7719
0.24,0.24,0.0,965.47455,830.436,761.60565,837.1739
0.27,0.24,0.0,1026.8394,829.8851,824.02423,838.4925
0.0,0.27,0.0,491.25595,883.6415,293.58493,879.2748
0.03,0.27,0.0,548.11884,885.1816,348.57166,882.24567
0.06,0.27,0.0,606.03265,886.2853,405.0412,884.8138
0.09,0.27,0.0,664.48755,887.4349,462.24973,887.4157
0.12,0.27,0.0,723.51654,888.72894,520.1417,890.2043
0.15,0.27,0.0,783.42474,889.2488,579.4662,892.2744
0.18,0.27,0.0,843.76904,889.70844,639.5416,894.38745
0.21,0.27,0.0,904.5409,890.1284,700.27466,896.58746
0.24,0.27,0.0,965.4718,889.7713,761.92413,898.1427
0.27,0.27,0.0,1026.5767,889.40955,824.05505,899.8257
