0.0,0.0,0.0,479.43262,162.32773,291.09042,159.86562
0.03,0.0,0.0,536.44714,158.82166,345.88492,156.4632
0.06,0.0,0.0,594.2358,155.42645,401.76825,153.2375
0.09,0.0,0.0,652.79083,152.10728,458.70477,150.16406
0.12,0.0,0.0,712.0552,148.91753,516.6726,147.24149
0.15,0.0,0.0,771.9558,145.87077,575.47205,144.43388
0.18,0.0,0.0,832.36475,142.96732,635.11694,141.7291
0.21,0.0,0.0,893.22437,140.25504,695.51245,139.14626
0.24,0.0,0.0,954.3225,137.80191,756.56134,136.65979
0.27,0.0,0.0,1015.58246,135.60977,818.2413,134.37254
0.0,0.03,0.0,480.22272,220.12358,290.41284,217.14816
0.03,0.03,0.0,537.38184,217.07579,345.43817,214.32314
0.06,0.03,0.0,595.33936,214.06142,401.5465,211.59537
0.09,0.03,0.0,654.05634,211.11774,458.70996,209.03525
0.12,0.03,0.0,713.4404,208.28296,516.8202,206.58025
0.15,0.03,0.0,773.4947,205.45253,575.77637,204.23134
0.18,0.03,0.0,834.1164,202.75598,635.57135,201.90193
0.21,0.03,0.0,895.1723,200.24702,696.06067,199.67174
0.24,0.03,0.0,956.5763,197.88425,757.3046,197.48857
0.27,0.03,0.0,1018.10596,195.7944,819.1605,195.44432
0.0,0.06,0.0,481.12302,278.37128,289.95786,274.91595
0.03,0.06,0.0,538.4135,275.76144,345.18466,272.6432
0.06,0.06,0.0,596.4825,273.16174,401.47366,270.4746
0.09,0.06,0.0,655.2564,270.57645,458.78476,268.40524
0.12,0.06,0.0,714.74194,268.04037,517.0484,266.4196
0.15,0.06,0.0,774.9302,265.5347,576.11597,264.47653
0.18,0.06,0.0,835.6965,263.053,635.9942,262.5365
0.21,0.06,0.0,896.9658,260.72134,696.56836,260.66098
0.24,0.06,0.0,958.60095,258.57736,757.94495,258.82938
0.27,0.06,0.0,1020.3875,256.5598,819.92236,257.02536
0.0,0.09,0.0,482.07483,336.88745,289.73166,333.0537
0.03,0.09,0.0,539.54047,334.71796,345.19382,331.32986
0.06,0.09,0.0,597.5755,332.47708,401.52716,329.59323
0.09,0.09,0.0,656.4417,330.28943,458.98248,328.01776
0.12,0.09,0.0,716.01263,328.1181,517.3896,326.518
0.15,0.09,0.0,776.2629,325.89957,576.52057,325.0048
0.18,0.09,0.0,837.1429,323.68265,636.3698,323.47427
0.21,0.09,0.0,898.5805,321.61746,697.0517,321.94217
0.24,0.09,0.0,960.3702,319.6531,758.478,320.47903
0.27,0.09,0.0,1022.39185,317.79883,820.59106,318.96487
0.0,0.12,0.0,483.1312,395.62222,289.71066,391.47824
0.03,0.12,0.0,540.7238,393.84064,345.36874,390.2514
0.06,0.12,0.0,598.72534,391.96283,401.68408,389.02347
0.09,0.12,0.0,657.61707,390.14133,459.2833,387.87332
0.12,0.12,0.0,717.28723,388.31967,517.80444,386.7898
0.15,0.12,0.0,777.55206,386.43887,576.9367,385.67047
0.18,0.12,0.0,838.47986,384.5778,636.80316,384.54373
0.21,0.12,0.0,900.04407,382.7369,697.4661,383.38022
0.24,0.12,0.0,961.9691,381.09494,758.96606,382.27377
0.27,0.12,0.0,1024.1254,379.38876,821.09827,381.1057
0.0,0.15,0.0,484.27704,454.41895,289.95688,450.02243
0.03,0.15,0.0,541.83887,452.95844,345.5586,449.25522
0.06,0.15,0.0,599.87744,451.5289,401.99323,448.524
0.09,0.15,0.0,658.8089,450.05124,459.6537,447.80698
0.12,0.15,0.0,718.5002,448.5714,518.2231,447.113
0.15,0.15,0.0,778.7979,447.0808,577.38214,446.3712
0.18,0.15,0.0,839.79755,445.55035,637.25885,445.64996
0.21,0.15,0.0,901.4015,444.04825,697.86914,444.8908
0.24,0.15,0.0,963.43146,442.63184,759.3945,444.16324
0.27,0.15,0.0,1025.6558,441.18683,821.5682,443.3713
0.0,0.18,0.0,485.42987,513.2681,290.32248,508.66013
0.03,0.18,0.0,542.8954,512.1784,345.81628,508.3758
0.06,0.18,0.0,601.0849,511.08914,402.42328,508.08908
0.09,0.18,0.0,660.03986,509.9761,460.11215,507.76007
0.12,0.18,0.0,719.6452,508.8453,518.5783,507.43878
0.15,0.18,0.0,779.9726,507.73914,577.75415,507.10483
0.18,0.18,0.0,841.02563,506.60318,637.69696,506.74673
0.21,0.18,0.0,902.66736,505.44357,698.34314,506.421
0.24,0.18,0.0,964.72095,504.2525,759.7715,506.04507
0.27,0.18,0.0,1026.9547,503.1115,822.0388,505.63962
0.0,0.21,0.0,486.5127,572.134,290.7721,567.2511
0.03,0.21,0.0,544.00244,571.39825,346.21527,567.4674
0.06,0.21,0.0,602.28845,570.65497,402.9423,567.6022
0.09,0.21,0.0,661.241,569.9033,460.59753,567.67346
0.12,0.21,0.0,720.7962,569.1817,518.9007,567.76855
0.15,0.21,0.0,781.1816,568.4337,578.1653,567.79565
0.18,0.21,0.0,842.23773,567.62445,638.1236,567.8418
0.21,0.21,0.0,903.84485,566.81116,698.75073,567.91486
0.24,0.21,0.0,965.8865,565.96686,760.17896,567.9105
0.27,0.21,0.0,1028.0916,564.9854,822.4517,567.94055
0.0,0.24,0.0,487.62732,630.9963,291.32605,625.80035
0.03,0.24,0.0,545.09973,630.68744,346.7806,626.50543
0.06,0.24,0.0,603.4828,630.2633,403.5542,627.06323
0.09,0.24,0.0,662.40717,629.8622,461.05197,627.5889
0.12,0.24,0.0,721.9448,629.5576,519.26154,628.1309
0.15,0.24,0.0,782.36005,629.12195,578.53876,628.50653
0.18,0.24,0.0,843.37585,628.67084,638.5155,628.9547
0.21,0.24,0.0,904.9176,628.21906,699.124,629.4364
0.24,0.24,0.0,966.8505,627.58325,760.61664,629.8248
0.27,0.24,0.0,1028.9708,626.81805,822.80634,630.20087
0.0,0.27,0.0,488.77365,689.82886,292.07248,684.1515
0.03,0.27,0.0,546.2974,689.8411,347.5081,685.346
0.06,0.27,0.0,604.68555,689.77045,404.24887,686.33527
0.09,0.27,0.0,663.5736,689.7488,461.6363,687.3371
0.12,0.27,0.0,723.05914,689.905,519.61176,688.403
0.15,0.27,0.0,783.45795,689.7286,578.9492,689.1522
0.18,0.27,0.0,844.3954,689.5665,638.9123,689.97363
0.21,0.27,0.0,905.8669,689.46783,699.4675,690.8977
0.24,0.27,0.0,967.64325,688.9412,760.9694,691.5452
0.27,0.27,0.0,1029.6351,688.4142,823.0458,692.30975
0.0,0.0,0.0,472.61484,347.42746,269.1005,343.31888
0.03,0.0,0.0,535.1547,347.95245,331.7451,344.33545
0.06,0.0,0.0,596.998,348.5048,394.1104,345.52295
0.09,0.0,0.0,658.044,349.0779,456.0813,346.77994
0.12,0.0,0.0,718.3479,349.6454,517.49347,348.11978
0.15,0.0,0.0,777.8871,350.29254,578.254,349.49158
0.18,0.0,0.0,836.6188,350.8885,638.1823,350.85666
0.21,0.0,0.0,894.43506,351.5908,697.3869,352.21658
0.24,0.0,0.0,951.2777,352.3891,755.8933,353.53268
0.27,0.0,0.0,1007.03827,353.2426,813.6285,354.89014
0.0,0.03,0.0,472.887,409.87814,268.25705,405.42276
0.03,0.03,0.0,535.51935,410.01627,331.0231,406.21985
0.06,0.03,0.0,597.37506,410.21585,393.53976,407.11322
0.09,0.03,0.0,658.4308,410.39914,455.58063,408.08752
0.12,0.03,0.0,718.744,410.59338,517.03754,409.09146
0.15,0.03,0.0,778.3153,410.81503,577.7744,410.09998
0.18,0.03,0.0,837.0883,411.0092,637.74286,411.07343
0.21,0.03,0.0,894.9816,411.28125,697.0015,412.0757
0.24,0.03,0.0,951.92444,411.5742,755.48096,413.01782
0.27,0.03,0.0,1007.77106,411.9522,813.252,413.9601
0.0,0.06,0.0,473.19772,472.36456,267.63083,467.63342
0.03,0.06,0.0,535.8637,472.13425,330.43,468.23657
0.06,0.06,0.0,597.7633,471.93655,393.00366,468.83237
0.09,0.06,0.0,658.7965,471.74628,455.10004,469.44308
0.12,0.06,0.0,719.125,471.5466,516.5985,470.0942
0.15,0.06,0.0,778.673,471.3684,577.35345,470.70834
0.18,0.06,0.0,837.52344,471.2007,637.337,471.30658
0.21,0.06,0.0,895.4474,471.01825,696.5711,471.9204
0.24,0.06,0.0,952.4243,470.8974,755.0831,472.5135
0.27,0.06,0.0,1008.2925,470.78357,812.87506,473.07486
0.0,0.09,0.0,473.52393,534.94867,267.17856,529.903
0.03,0.09,0.0,536.176,534.30035,330.01056,530.2828
0.06,0.09,0.0,598.1079,533.6896,392.57202,530.5841
0.09,0.09,0.0,659.1878,533.0912,454.67307,530.83417
0.12,0.09,0.0,719.4669,532.5134,516.13837,531.0644
0.15,0.09,0.0,779.00916,531.9413,576.8843,531.32104
0.18,0.09,0.0,837.9243,531.4139,636.9061,531.524
0.21,0.09,0.0,895.8953,530.86096,696.1791,531.7671
0.24,0.09,0.0,952.76276,530.2665,754.62506,531.99866
0.27,0.09,0.0,1008.69775,529.69257,812.4958,532.2065
0.0,0.12,0.0,473.93787,597.4581,266.93872,592.0954
0.03,0.12,0.0,536.53174,596.4612,329.7252,592.21045
0.06,0.12,0.0,598.46173,595.47253,392.16772,592.2818
0.09,0.12,0.0,659.5789,594.48535,454.25958,592.2209
0.12,0.12,0.0,719.78845,593.50476,515.6844,592.0474
0.15,0.12,0.0,779.3421,592.5464,576.40356,591.90497
0.18,0.12,0.0,838.2333,591.6223,636.47345,591.77356
0.21,0.12,0.0,896.248,590.66895,695.77496,591.6415
0.24,0.12,0.0,952.9778,589.60474,754.1909,591.4498
0.27,0.12,0.0,1008.9022,588.52826,812.01984,591.2976
0.0,0.15,0.0,474.3515,659.90173,266.94925,654.1538
0.03,0.15,0.0,536.8886,658.557,329.53726,654.0355
0.06,0.15,0.0,598.79706,657.2808,391.91052,653.8825
0.09,0.15,0.0,659.88324,655.8782,453.90356,653.51086
0.12,0.15,0.0,720.10693,654.5005,515.27637,652.9808
0.15,0.15,0.0,779.6303,653.1327,575.98236,652.4881
0.18,0.15,0.0,838.4741,651.7986,636.0275,651.9998
0.21,0.15,0.0,896.45557,650.4158,695.34753,651.5253
0.24,0.15,0.0,953.11554,648.8364,753.7358,650.87805
0.27,0.15,0.0,1008.87933,647.25604,811.48914,650.3386
0.0,0.18,0.0,474.81677,722.2036,267.1717,715.87384
0.03,0.18,0.0,537.2897,720.61383,329.55954,715.6546
0.06,0.18,0.0,599.1269,718.94446,391.75964,715.2416
0.09,0.18,0.0,660.1357,717.16144,453.6181,714.53265
0.12,0.18,0.0,720.41644,715.41736,514.8954,713.7927
0.15,0.18,0.0,779.89746,713.5964,575.5219,712.9542
0.18,0.18,0.0,838.61237,711.8182,635.5284,712.11884
0.21,0.18,0.0,896.45544,709.9359,694.8229,711.2667
0.24,0.18,0.0,953.0975,707.92645,753.2496,710.2732
0.27,0.18,0.0,1008.61584,705.7878,810.88043,709.2399
0.0,0.21,0.0,475.44345,784.2043,267.66238,777.1757
0.03,0.21,0.0,537.81494,782.38104,329.82257,776.87476
0.06,0.21,0.0,599.45526,780.28766,391.8161,776.17175
0.09,0.21,0.0,660.4018,778.158,453.49747,775.2957
0.12,0.21,0.0,720.6972,776.0919,514.6363,774.36194
0.15,0.21,0.0,780.0126,773.82367,575.1863,773.1615
0.18,0.21,0.0,838.5998,771.52094,635.0754,771.95856
0.21,0.21,0.0,896.321,769.21796,694.29443,770.7331
0.24,0.21,0.0,952.8427,766.66785,752.6665,769.369
0.27,0.21,0.0,1008.1918,763.9803,810.2052,767.858
0.0,0.24,0.0,476.21127,845.7815,268.46103,837.9596
0.03,0.24,0.0,538.3841,843.6478,330.31635,837.5157
0.06,0.24,0.0,599.8723,841.181,392.08862,836.58057
0.09,0.24,0.0,660.6942,838.744,453.48965,835.5568
0.12,0.24,0.0,720.9213,836.3771,514.51117,834.4876
0.15,0.24,0.0,780.10114,833.60876,574.832,832.95776
0.18,0.24,0.0,838.4539,830.83545,634.5944,831.3923
0.21,0.24,0.0,896.05945,828.0642,693.7656,829.8868
0.24,0.24,0.0,952.3189,824.92236,751.9697,827.99634
0.27,0.24,0.0,1007.5045,821.70544,809.3775,826.10596
0.0,0.27,0.0,477.09634,906.6732,269.533,897.9663
0.03,0.27,0.0,539.052,904.2182,331.1005,897.3828
0.06,0.27,0.0,600.29877,901.39844,392.54608,896.2642
0.09,0.27,0.0,660.9793,898.6992,453.68756,895.09894
0.12,0.27,0.0,721.0633,896.08923,514.482,893.98474
0.15,0.27,0.0,780.0038,892.74774,574.5917,892.0818
0.18,0.27,0.0,838.1672,889.50757,634.15356,890.18823
0.21,0.27,0.0,895.6095,886.30975,693.1832,888.4077
0.24,0.27,0.0,951.48627,882.5212,751.1144,886.0091
0.27,0.27,0.0,1006.5747,878.8402,808.4511,883.72
0.0,0.0,0.0,477.43192,359.08643,283.1045,355.04492
0.03,0.0,0.0,536.8577,358.3406,341.60187,354.83823
0.06,0.0,0.0,596.29254,357.64627,400.5009,354.70786
0.09,0.0,0.0,655.6723,356.91525,459.70105,354.65527
0.12,0.0,0.0,715.0423,356.24796,519.0649,354.71524
0.15,0.0,0.0,774.34326,355.5827,578.459,354.7957
0.18,0.0,0.0,833.5277,354.96603,637.8388,354.86624
0.21,0.0,0.0,892.5354,354.36536,697.1893,354.93698
0.24,0.0,0.0,951.18005,353.9124,756.4663,355.01242
0.27,0.0,0.0,1009.3591,353.53363,815.72516,355.11566
0.0,0.03,0.0,477.1932,417.52695,280.91486,413.1607
0.03,0.03,0.0,536.94806,416.761,339.80878,413.07443
0.06,0.03,0.0,596.7079,416.07413,399.10153,413.0294
0.09,0.03,0.0,656.4288,415.36386,458.65015,413.06805
0.12,0.03,0.0,716.105,414.64514,518.3774,413.15112
0.15,0.03,0.0,775.73895,413.9422,578.0969,413.24377
0.18,0.03,0.0,835.3117,413.2395,637.7794,413.29037
0.21,0.03,0.0,894.65857,412.5928,697.44275,413.34967
0.24,0.03,0.0,953.71326,411.9888,757.1,413.40396
0.27,0.03,0.0,1012.25037,411.45505,816.6679,413.48895
0.0,0.06,0.0,476.94272,476.60175,278.8738,471.97766
0.03,0.06,0.0,537.03485,475.8711,338.0495,472.0313
0.06,0.06,0.0,597.16156,475.13754,397.73773,472.078
0.09,0.06,0.0,657.1893,474.39984,457.63956,472.12665
0.12,0.06,0.0,717.1712,473.67834,517.6894,472.21637
0.15,0.06,0.0,777.1249,472.96423,577.73346,472.28705
0.18,0.06,0.0,837.0376,472.21277,637.7278,472.32645
0.21,0.06,0.0,896.7444,471.49057,697.7251,472.39603
0.24,0.06,0.0,956.1307,470.7896,757.67175,472.40848
0.27,0.06,0.0,1015.01306,470.1195,817.5915,472.4299
0.0,0.09,0.0,476.67505,536.3243,276.9249,531.43774
0.03,0.09,0.0,537.16144,535.6057,336.49847,531.63446
0.06,0.09,0.0,597.55054,534.8086,396.37573,531.6985
0.09,0.09,0.0,657.9154,534.0656,456.6226,531.80695
0.12,0.09,0.0,718.231,533.35254,516.9885,531.92114
0.15,0.09,0.0,778.5173,532.61786,577.37756,531.97577
0.18,0.09,0.0,838.7453,531.7865,637.67914,531.95026
0.21,0.09,0.0,898.82526,531.0419,697.9975,531.9831
0.24,0.09,0.0,958.43494,530.2498,758.2329,532.07556
0.27,0.09,0.0,1017.60266,529.3942,818.4892,532.02264
0.0,0.12,0.0,476.46063,596.69183,275.19476,591.4645
0.03,0.12,0.0,537.2727,595.9863,335.02435,591.81683
0.06,0.12,0.0,597.95776,595.1664,395.08667,591.9604
0.09,0.12,0.0,658.6706,594.3895,455.60464,592.10516
0.12,0.12,0.0,719.30096,593.66956,516.3103,592.2099
0.15,0.12,0.0,779.8731,592.90576,576.9865,592.2873
0.18,0.12,0.0,840.46014,592.0628,637.6397,592.27295
0.21,0.12,0.0,900.79755,591.19073,698.2867,592.2749
0.24,0.12,0.0,960.5949,590.3071,758.8067,592.3111
0.27,0.12,0.0,1020.09064,589.28,819.35205,592.25275
0.0,0.15,0.0,476.31757,657.6611,273.66318,651.9664
0.03,0.15,0.0,537.39075,656.9597,333.60458,652.46356
0.06,0.15,0.0,598.36346,656.172,393.90833,652.7732
0.09,0.15,0.0,659.41504,655.39886,454.6891,652.99585
0.12,0.15,0.0,720.3855,654.6077,515.65826,653.1196
0.15,0.15,0.0,781.2558,653.8044,576.62134,653.21136
0.18,0.15,0.0,842.06055,652.9,637.5645,653.17944
0.21,0.15,0.0,902.6644,651.91974,698.5163,653.1758
0.24,0.15,0.0,962.6981,650.885,759.3842,653.1591
0.27,0.15,0.0,1022.30225,649.6736,820.15314,653.07404
0.0,0.18,0.0,476.24365,719.13684,272.3364,712.81995
0.03,0.18,0.0,537.5098,718.4911,332.33575,713.5123
0.06,0.18,0.0,598.8093,717.7583,392.88818,714.03516
0.09,0.18,0.0,660.14246,717.0,453.85074,714.34845
0.12,0.18,0.0,721.40247,716.16223,514.9765,714.5487
0.15,0.18,0.0,782.5616,715.21704,576.2168,714.70074
0.18,0.18,0.0,843.5449,714.25867,637.47925,714.68805
0.21,0.18,0.0,904.4013,713.1478,698.71576,714.6414
0.24,0.18,0.0,964.6384,711.8772,759.8632,714.56305
0.27,0.18,0.0,1024.303,710.40564,820.87177,714.3588
0.0,0.21,0.0,476.25995,780.93896,271.24426,773.8934
0.03,0.21,0.0,537.72943,780.41016,331.30084,774.8672
0.06,0.21,0.0,599.31354,779.70074,392.05023,775.52386
0.09,0.21,0.0,660.8719,778.89294,453.1485,775.98706
0.12,0.21,0.0,722.3683,778.0287,514.401,776.35223
0.15,0.21,0.0,783.76306,777.03595,575.9119,776.4696
0.18,0.21,0.0,844.97205,775.9004,637.4298,776.53845
0.21,0.21,0.0,905.9251,774.61993,698.8861,776.49994
0.24,0.21,0.0,966.32855,773.1448,760.2874,776.3193
0.27,0.21,0.0,1026.0935,771.437,821.50446,776.019
0.0,0.24,0.0,476.43683,842.95917,270.4202,835.07196
0.03,0.24,0.0,538.0682,842.5225,330.57443,836.3001
0.06,0.24,0.0,599.8339,841.8248,391.4548,837.1252
0.09,0.24,0.0,661.6012,841.05695,452.59592,837.80493
0.12,0.24,0.0,723.3324,840.1847,513.97437,838.31146
0.15,0.24,0.0,784.8559,839.00287,575.63885,838.49097
0.18,0.24,0.0,846.2112,837.7415,637.34436,838.5482
0.21,0.24,0.0,907.29065,836.2967,699.01807,838.5309
0.24,0.24,0.0,967.70575,834.5192,760.5753,838.245
0.27,0.24,0.0,1027.5402,832.49945,821.9186,837.7854
0.0,0.27,0.0,476.72806,904.9697,269.9032,896.1244
0.03,0.27,0.0,538.5195,904.6416,330.11142,897.5838
0.06,0.27,0.0,600.42395,903.9534,391.041,898.61554
0.09,0.27,0.0,662.29254,903.15955,452.22653,899.49646
0.12,0.27,0.0,724.17615,902.37897,513.63727,900.24225
0.15,0.27,0.0,785.8303,901.0046,575.4356,900.48846
0.18,0.27,0.0,847.25287,899.5232,637.26636,900.5674
0.21,0.27,0.0,908.432,897.9262,699.0918,900.5578
0.24,0.27,0.0,968.77844,895.789,760.70557,900.05945
0.27,0.27,0.0,1028.699,893.5441,822.2192,899.48206
0.0,0.0,0.0,468.4949,351.81665,265.38577,347.76993
0.03,0.0,0.0,530.7343,350.90817,326.49838,347.35263
0.06,0.0,0.0,593.04803,350.10025,388.20227,347.0957
0.09,0.0,0.0,655.32556,349.28235,450.23807,346.94843
0.12,0.0,0.0,717.6097,348.4661,512.5706,346.88757
0.15,0.0,0.0,779.931,347.66666,574.96155,346.92868
0.18,0.0,0.0,842.0575,346.92816,637.36316,346.93448
0.21,0.0,0.0,904.0181,346.31607,699.7224,346.91833
0.24,0.0,0.0,965.5803,345.80173,762.1504,346.9569
0.27,0.0,0.0,1026.6238,345.45496,824.4167,347.09064
0.0,0.03,0.0,470.19662,413.9673,267.00037,409.6045
0.03,0.03,0.0,532.1887,413.13107,327.9287,409.3967
0.06,0.03,0.0,594.2188,412.31076,389.43198,409.26794
0.09,0.03,0.0,656.18274,411.49393,451.25107,409.21255
0.12,0.03,0.0,718.18585,410.6707,513.2809,409.2157
0.15,0.03,0.0,780.1751,409.86533,575.3587,409.22818
0.18,0.03,0.0,842.0735,409.0934,637.438,409.26266
0.21,0.03,0.0,903.8275,408.3806,699.4784,409.27936
0.24,0.03,0.0,965.17957,407.77512,761.5487,409.30386
0.27,0.03,0.0,1025.9951,407.235,823.5669,409.36313
0.0,0.06,0.0,471.9416,475.60797,268.7866,470.98294
0.03,0.06,0.0,533.6377,474.74774,329.48105,470.9239
0.06,0.06,0.0,595.34766,473.92868,390.732,470.89102
0.09,0.06,0.0,657.03143,473.11847,452.24847,470.89035
0.12,0.06,0.0,718.7375,472.29233,513.97705,470.9022
0.15,0.06,0.0,780.4024,471.49606,575.7597,470.9208
0.18,0.06,0.0,842.02905,470.6792,637.51086,470.94998
0.21,0.06,0.0,903.5045,469.9728,699.2026,470.95746
0.24,0.06,0.0,964.6276,469.21164,760.9511,471.0086
0.27,0.06,0.0,1025.1825,468.51883,822.6554,471.01624
0.0,0.09,0.0,473.67047,536.6124,270.74402,531.7122
0.03,0.09,0.0,535.0802,535.72046,331.18698,531.7693
0.06,0.09,0.0,596.47595,534.94666,392.05743,531.88165
0.09,0.09,0.0,657.85974,534.13983,453.26456,531.9375
0.12,0.09,0.0,719.2194,533.2961,514.7049,531.90906
0.15,0.09,0.0,780.5661,532.4946,576.1195,531.92316
0.18,0.09,0.0,841.9315,531.73004,637.53564,531.9743
0.21,0.09,0.0,903.1298,530.9597,698.9482,532.01605
0.24,0.09,0.0,963.857,530.0756,760.347,532.0059
0.27,0.09,0.0,1024.1813,529.27057,821.7438,532.0674
0.0,0.12,0.0,475.41776,597.0078,272.88324,591.7961
0.03,0.12,0.0,536.5363,596.0979,333.02573,591.9312
0.06,0.12,0.0,597.55133,595.43097,393.42923,592.2715
0.09,0.12,0.0,658.6692,594.56647,454.32654,592.3207
0.12,0.12,0.0,719.73114,593.6552,515.4273,592.2678
0.15,0.12,0.0,780.7813,592.86035,576.50836,592.28217
0.18,0.12,0.0,841.81757,592.1412,637.5927,592.3782
0.21,0.12,0.0,902.6772,591.3445,698.71014,592.4472
0.24,0.12,0.0,963.00494,590.3019,759.73,592.3488
0.27,0.12,0.0,1022.98944,589.3937,820.77704,592.4367
0.0,0.15,0.0,477.22116,656.6772,275.2238,651.0394
0.03,0.15,0.0,537.9264,655.88885,334.90005,651.3942
0.06,0.15,0.0,598.6409,655.2505,394.92548,651.8612
0.09,0.15,0.0,659.47095,654.3785,455.437,651.9662
0.12,0.15,0.0,720.20905,653.46136,516.1476,651.9514
0.15,0.15,0.0,780.9255,652.63477,576.8563,652.00055
0.18,0.15,0.0,841.57874,651.82446,637.62463,652.0872
0.21,0.15,0.0,902.0879,651.0081,698.3993,652.20905
0.24,0.15,0.0,962.0347,649.8499,759.0912,652.0723
0.27,0.15,0.0,1021.5925,648.7124,819.75665,652.0698
0.0,0.18,0.0,479.06296,715.6406,277.7638,709.4422
0.03,0.18,0.0,539.3518,715.0159,336.87064,710.11206
0.06,0.18,0.0,599.7486,714.32196,396.5112,710.5692
0.09,0.18,0.0,660.2117,713.4448,456.61343,710.78076
0.12,0.18,0.0,720.64197,712.5885,516.88007,710.9057
0.15,0.18,0.0,780.98474,711.7026,577.26044,710.99896
0.18,0.18,0.0,841.26245,710.8421,637.66876,711.09247
0.21,0.18,0.0,901.3537,709.88245,698.067,711.19946
0.24,0.18,0.0,960.92645,708.6394,758.4364,711.1112
0.27,0.18,0.0,1019.97784,707.2238,818.6721,710.9373
0.0,0.21,0.0,480.94904,773.7883,280.39746,766.95605
0.03,0.21,0.0,540.8148,773.29944,339.0111,767.84766
0.06,0.21,0.0,600.8747,772.5089,398.32172,768.31964
0.09,0.21,0.0,660.9584,771.6788,457.9238,768.6833
0.12,0.21,0.0,721.02765,770.9598,517.67303,769.0966
0.15,0.21,0.0,780.98193,769.9496,577.67395,769.147
0.18,0.21,0.0,840.82184,768.9251,637.6929,769.2265
0.21,0.21,0.0,900.42206,767.8799,697.72595,769.35596
0.24,0.21,0.0,959.585,766.4973,757.69836,769.20996
0.27,0.21,0.0,1018.1777,764.9052,817.5234,768.98596
0.0,0.24,0.0,482.9295,831.0251,283.23605,823.4219
0.03,0.24,0.0,542.39166,830.62024,341.3903,824.4791
0.06,0.24,0.0,602.04584,829.7582,400.20026,825.0594
0.09,0.24,0.0,661.6803,829.0221,459.27847,825.6445
0.12,0.24,0.0,721.3562,828.41046,518.54364,826.28357
0.15,0.24,0.0,780.877,827.2,578.1257,826.33685
0.18,0.24,0.0,840.2465,826.0292,637.72034,826.3939
0.21,0.24,0.0,899.4316,824.9391,697.31213,826.59064
0.24,0.24,0.0,958.04224,823.2878,756.86237,826.27246
0.27,0.24,0.0,1016.143,821.50073,816.2422,825.9409
0.0,0.27,0.0,484.96863,887.1865,286.28836,878.7617
0.03,0.27,0.0,544.0001,886.75696,343.94568,879.9258
0.06,0.27,0.0,603.1907,885.87445,402.25455,880.5705
0.09,0.27,0.0,662.38153,885.1977,460.7934,881.3547
0.12,0.27,0.0,721.59595,884.75024,519.53186,882.3611
0.15,0.27,0.0,780.65436,883.3547,578.6101,882.3272
0.18,0.27,0.0,839.53076,882.06396,637.75,882.43585
0.21,0.27,0.0,898.2423,880.91473,696.8938,882.7149
0.24,0.27,0.0,956.27203,878.8795,755.90857,882.13806
0.27,0.27,0.0,1013.91296,877.03656,814.8176,881.84357
0.0,0.0,0.0,342.75076,262.74765,155.70868,258.76627
0.03,0.0,0.0,398.74875,259.66748,208.61331,255.91237
0.06,0.0,0.0,455.70294,256.7385,262.8583,253.21909
0.09,0.0,0.0,513.5751,253.8116,318.41208,250.61444
0.12,0.0,0.0,572.32574,250.98483,375.2517,248.139
0.15,0.0,0.0,631.86304,248.2102,433.1608,245.81653
0.18,0.0,0.0,692.14355,245.43436,492.08017,243.58516
0.21,0.0,0.0,753.11774,242.71465,551.88495,241.42668
0.24,0.0,0.0,814.7442,240.0671,612.512,239.30861
0.27,0.0,0.0,876.952,237.52087,673.9591,237.24338
0.0,0.03,0.0,343.39316,321.08163,155.01219,316.4177
0.03,0.03,0.0,399.5365,318.50284,208.05312,314.17828
0.06,0.03,0.0,456.64633,316.05673,262.4939,312.0445
0.09,0.03,0.0,514.65314,313.5622,318.2483,310.00323
0.12,0.03,0.0,573.52234,311.19,375.24213,308.1039
0.15,0.03,0.0,633.0902,308.7585,433.32507,306.29782
0.18,0.03,0.0,693.4541,306.38638,492.34015,304.51523
0.21,0.03,0.0,754.50507,303.98685,552.22235,302.8327
0.24,0.03,0.0,816.24725,301.63235,612.93286,301.1679
0.27,0.03,0.0,878.60547,299.35004,674.43713,299.47223
0.0,0.06,0.0,344.18008,379.7015,154.5841,374.38162
0.03,0.06,0.0,400.4352,377.62863,207.76462,372.7768
0.06,0.06,0.0,457.64587,375.59006,262.32498,371.21136
0.09,0.06,0.0,515.7863,373.56998,318.21307,369.72363
0.12,0.06,0.0,574.70166,371.5825,375.36603,368.36346
0.15,0.06,0.0,634.3146,369.57428,433.54782,367.01294
0.18,0.06,0.0,694.67737,367.5499,492.64993,365.69794
0.21,0.06,0.0,755.80176,365.5097,552.60675,364.42993
0.24,0.06,0.0,817.6375,363.48083,613.33984,363.15543
0.27,0.06,0.0,880.0988,361.48752,674.87555,361.9185
0.0,0.09,0.0,345.0431,438.4875,154.39638,432.5605
0.03,0.09,0.0,401.50095,436.86032,207.80545,431.60947
0.06,0.09,0.0,458.74594,435.2331,262.32327,430.58362
0.09,0.09,0.0,516.90375,433.6181,318.33655,429.60684
0.12,0.09,0.0,575.8972,432.0161,375.64087,428.71973
0.15,0.09,0.0,635.5461,430.42236,433.89136,427.8384
0.18,0.09,0.0,695.88025,428.75214,492.98917,426.9512
0.21,0.09,0.0,757.0491,427.10666,552.974,426.1281
0.24,0.09,0.0,818.9459,425.45273,613.8023,425.25952
0.27,0.09,0.0,881.47437,423.78012,675.28827,424.3816
0.0,0.12,0.0,346.10614,497.37793,154.59396,490.88885
0.03,0.12,0.0,402.66504,496.19516,208.09082,490.46317
0.06,0.12,0.0,459.81284,494.96103,262.53424,490.03543
0.09,0.12,0.0,518.03375,493.75748,318.60767,489.59827
0.12,0.12,0.0,577.09863,492.5094,376.0121,489.17883
0.15,0.12,0.0,636.7591,491.2746,434.2872,488.71967
0.18,0.12,0.0,697.0994,490.03903,493.38846,488.27682
0.21,0.12,0.0,758.256,488.7449,553.3439,487.8194
0.24,0.12,0.0,820.23676,487.46225,614.2707,487.3382
0.27,0.12,0.0,882.77893,486.19656,675.6756,486.8441
0.0,0.15,0.0,347.32233,556.26654,155.13408,549.19147
0.03,0.15,0.0,403.75354,555.52155,208.51758,549.3843
0.06,0.15,0.0,460.9325,554.74695,262.95166,549.5383
0.09,0.15,0.0,519.2127,553.88434,319.05847,549.60535
0.12,0.15,0.0,578.2902,553.04535,376.47626,549.6159
0.15,0.15,0.0,637.97174,552.1298,434.72592,549.62604
0.18,0.15,0.0,698.34326,551.2928,493.8292,549.57654
0.21,0.15,0.0,759.4775,550.44196,553.726,549.5472
0.24,0.15,0.0,821.4481,549.4982,614.60266,549.43024
0.27,0.15,0.0,884.05756,548.6026,676.0922,549.36426
0.0,0.18,0.0,348.5876,615.0998,155.96136,607.4072
0.03,0.18,0.0,404.8988,614.8776,209.0842,608.2289
0.06,0.18,0.0,462.17004,614.4915,263.68494,608.9268
0.09,0.18,0.0,520.42316,614.0408,319.7547,609.5193
0.12,0.18,0.0,579.4281,613.53516,376.90485,610.0298
0.15,0.18,0.0,639.1193,613.08606,435.14648,610.4867
0.18,0.18,0.0,699.522,612.60864,494.2354,610.8864
0.21,0.18,0.0,760.6913,612.1542,554.1607,611.25037
0.24,0.18,0.0,822.6298,611.61993,614.96564,611.5991
0.27,0.18,0.0,885.19116,611.01764,676.54895,611.8751
0.0,0.21,0.0,349.97247,673.8836,156.9768,665.4372
0.03,0.21,0.0,406.13882,674.099,209.97655,666.8831
0.06,0.21,0.0,463.5068,674.12964,264.64072,668.116
0.09,0.21,0.0,521.7125,674.10114,320.58923,669.253
0.12,0.21,0.0,580.53375,674.10254,377.4779,670.3178
0.15,0.21,0.0,640.3183,673.9856,435.6793,671.22705
0.18,0.21,0.0,700.74176,673.8786,494.74118,672.0587
0.21,0.21,0.0,761.8547,673.8059,554.58105,672.8965
0.24,0.21,0.0,823.7487,673.61926,615.37555,673.6494
0.27,0.21,0.0,886.2362,673.3275,676.93414,674.36993
0.0,0.24,0.0,351.4459,732.43225,158.23941,723.1915
0.03,0.24,0.0,407.58484,733.14746,211.18489,725.2368
0.06,0.24,0.0,464.92548,733.5878,265.85114,727.0241
0.09,0.24,0.0,522.9579,734.058,321.51178,728.7358
0.12,0.24,0.0,581.6887,734.5569,378.1398,730.4171
0.15,0.24,0.0,641.4595,734.79584,436.29242,731.7843
0.18,0.24,0.0,701.9122,735.056,495.30356,733.1309
0.21,0.24,0.0,762.9646,735.3812,555.00653,734.45703
0.24,0.24,0.0,824.7702,735.43286,615.80396,735.5731
0.27,0.24,0.0,887.1187,735.4,677.3117,736.68353
0.0,0.27,0.0,353.083,790.6651,159.81596,780.5308
0.03,0.27,0.0,409.18857,791.8156,212.7499,783.1538
0.06,0.27,0.0,466.43597,792.70245,267.2546,785.46686
0.09,0.27,0.0,524.34326,793.6416,322.67203,787.7853
0.12,0.27,0.0,582.8539,794.72363,378.9796,790.1345
0.15,0.27,0.0,642.60596,795.2974,437.08026,791.999
0.18,0.27,0.0,702.969,795.88293,495.9354,793.77765
0.21,0.27,0.0,763.93195,796.6042,555.49066,795.6893
0.24,0.27,0.0,825.6687,796.8054,616.2629,797.10846
0.27,0.27,0.0,887.81354,797.0998,677.6402,798.67633
0.0,0.0,0.0,328.9964,246.19191,133.33897,242.45282
0.03,0.0,0.0,391.2964,246.80637,194.16469,243.1784
0.06,0.0,0.0,453.26535,247.62016,255.2787,244.18163
0.09,0.0,0.0,514.7263,248.53146,316.4902,245.37955
0.12,0.0,0.0,575.59894,249.60374,377.61783,246.80377
0.15,0.0,0.0,635.80347,250.73764,438.43066,248.38954
0.18,0.0,0.0,695.2621,251.9123,498.77094,250.14468
0.21,0.0,0.0,753.99677,253.14406,558.5565,251.95279
0.24,0.0,0.0,811.92847,254.40668,617.67236,253.82762
0.27,0.0,0.0,869.0149,255.79724,676.1282,255.76431
0.0,0.03,0.0,328.74023,307.688,131.59029,303.137
0.03,0.03,0.0,391.23254,308.10947,192.70634,303.81586
0.06,0.03,0.0,453.33292,308.67065,254.04585,304.72754
0.09,0.03,0.0,514.9485,309.35492,315.44977,305.7931
0.12,0.03,0.0,575.9075,310.1323,376.7538,307.06342
0.15,0.03,0.0,636.1597,310.91235,437.73413,308.42267
0.18,0.03,0.0,695.6866,311.69318,498.1803,309.91537
0.21,0.03,0.0,754.4867,312.51913,558.0478,311.4483
0.24,0.03,0.0,812.50684,313.41837,617.22833,313.0254
0.27,0.03,0.0,869.70355,314.31067,675.737,314.56512
0.0,0.06,0.0,328.65466,369.4968,130.20999,364.16934
0.03,0.06,0.0,391.29877,369.73148,191.4775,364.82846
0.06,0.06,0.0,453.5602,370.00583,253.0033,365.6385
0.09,0.06,0.0,515.24396,370.38376,314.59308,366.54895
0.12,0.06,0.0,576.23224,370.81796,376.03873,367.60498
0.15,0.06,0.0,636.5106,371.25873,437.1068,368.68344
0.18,0.06,0.0,696.0757,371.63733,497.68887,369.8692
0.21,0.06,0.0,754.9057,372.0957,557.5983,371.08328
0.24,0.06,0.0,812.9688,372.557,616.8312,372.33545
0.27,0.06,0.0,870.2298,373.06052,675.3213,373.50983
0.0,0.09,0.0,328.70288,431.55078,129.24162,425.46848
0.03,0.09,0.0,391.48032,431.48776,190.60562,426.07666
0.06,0.09,0.0,453.8272,431.44583,252.18568,426.69858
0.09,0.09,0.0,515.5716,431.49564,313.90628,427.4475
0.12,0.09,0.0,576.58386,431.562,375.44382,428.24667
0.15,0.09,0.0,636.8513,431.6207,436.58405,429.0701
0.18,0.09,0.0,696.4699,431.66943,497.23233,429.9129
0.21,0.09,0.0,755.31476,431.73605,557.19403,430.7509
0.24,0.09,0.0,813.34894,431.81638,616.3603,431.63364
0.27,0.09,0.0,870.754,431.89246,674.8914,432.4522
0.0,0.12,0.0,328.95944,493.69543,128.57127,486.90295
0.03,0.12,0.0,391.7789,493.3175,190.02994,487.4361
0.06,0.12,0.0,454.11713,492.98926,251.58731,487.89847
0.09,0.12,0.0,515.90265,492.66016,313.38333,488.46313
0.12,0.12,0.0,576.9033,492.35007,374.93076,488.96436
0.15,0.12,0.0,637.1831,492.01566,436.0976,489.47626
0.18,0.12,0.0,696.8086,491.69702,496.77814,489.94855
0.21,0.12,0.0,755.7012,491.42288,556.7674,490.47556
0.24,0.12,0.0,813.70593,491.1418,615.92694,490.95886
0.27,0.12,0.0,871.12177,490.84128,674.4631,491.43588
0.0,0.15,0.0,329.34756,555.8615,128.29489,548.3548
0.03,0.15,0.0,392.12607,555.20483,189.68811,548.7845
0.06,0.15,0.0,454.46744,554.56647,251.18062,549.192
0.09,0.15,0.0,516.227,553.8645,312.95627,549.4657
0.12,0.15,0.0,577.24054,553.1262,374.53177,549.68964
0.15,0.15,0.0,637.5289,552.4418,435.68774,549.89355
0.18,0.15,0.0,697.1493,551.76074,496.3177,550.0488
0.21,0.15,0.0,756.07983,551.1492,556.3246,550.2117
0.24,0.15,0.0,814.0817,550.4749,615.4882,550.2924
0.27,0.15,0.0,871.46265,549.79065,674.03455,550.4169
0.0,0.18,0.0,329.87726,617.9312,128.33838,609.6796
0.03,0.18,0.0,392.51718,617.0589,189.54662,610.07666
0.06,0.18,0.0,454.82944,616.10394,251.0903,610.3051
0.09,0.18,0.0,516.524,615.0292,312.73035,610.39386
0.12,0.18,0.0,577.5341,613.95996,374.17032,610.389
0.15,0.18,0.0,637.8669,612.90045,435.27142,610.2779
0.18,0.18,0.0,697.4374,611.8584,495.8722,610.1284
0.21,0.18,0.0,756.38226,610.8833,555.84973,609.8914
0.24,0.18,0.0,814.4157,609.8259,615.0677,609.6609
0.27,0.18,0.0,871.6872,608.75354,673.55066,609.4087
0.0,0.21,0.0,330.53442,679.8661,128.70454,670.7718
0.03,0.21,0.0,393.07254,678.806,189.7707,671.1144
0.06,0.21,0.0,455.262,677.5028,251.18965,671.2077
0.09,0.21,0.0,516.88196,676.11597,312.68097,671.0959
0.12,0.21,0.0,577.8842,674.7756,373.95706,670.9358
0.15,0.21,0.0,638.149,673.3464,434.96945,670.51306
0.18,0.21,0.0,697.7099,671.91547,495.46548,670.0625
0.21,0.21,0.0,756.6484,670.5714,555.42773,669.5659
0.24,0.21,0.0,814.7017,669.1212,614.6257,668.9777
0.27,0.21,0.0,871.8829,667.6148,673.1232,668.3534
0.0,0.24,0.0,331.37793,741.5843,129.4238,731.55206
0.03,0.24,0.0,393.75748,740.2741,190.3081,731.8393
0.06,0.24,0.0,455.76093,738.6771,251.5464,731.7599
0.09,0.24,0.0,517.30786,737.0825,312.77985,731.5617
0.12,0.24,0.0,578.2957,735.51245,373.8918,731.2717
0.15,0.24,0.0,638.45776,733.66486,434.74152,730.59076
0.18,0.24,0.0,697.9942,731.8723,495.14243,729.8226
0.21,0.24,0.0,756.92303,730.1904,555.01447,729.104
0.24,0.24,0.0,814.82294,728.2651,614.1493,728.15076
0.27,0.24,0.0,871.9319,726.3345,672.6191,727.1934
0.0,0.27,0.0,332.47864,802.88257,130.55882,791.8064
0.03,0.27,0.0,394.6284,801.35284,191.18962,792.0147
0.06,0.27,0.0,456.4712,799.50244,252.18802,791.8309
0.09,0.27,0.0,517.8219,797.66125,313.19025,791.5079
0.12,0.27,0.0,578.7167,795.9376,374.01666,791.2464
0.15,0.27,0.0,638.7947,793.69403,434.68277,790.27673
0.18,0.27,0.0,698.2173,791.53015,494.91013,789.31396
0.21,0.27,0.0,757.082,789.5052,554.68805,788.35736
0.24,0.27,0.0,814.75903,787.0461,613.67584,786.9758
0.27,0.27,0.0,871.85187,784.7038,672.13824,785.7394
0.0,0.0,0.0,340.61777,262.58203,153.0922,258.60452
0.03,0.0,0.0,399.09702,261.43387,209.39047,257.6543
0.06,0.0,0.0,457.87827,260.42044,266.5156,256.90634
0.09,0.0,0.0,516.84863,259.55826,324.30035,256.32703
0.12,0.0,0.0,575.9949,258.7799,382.7234,255.90938
0.15,0.0,0.0,635.13214,258.06415,441.45126,255.68036
0.18,0.0,0.0,694.24207,257.40762,500.4222,255.5928
0.21,0.0,0.0,753.28485,256.79547,559.5014,255.56163
0.24,0.0,0.0,812.18744,256.2415,618.6235,255.58746
0.27,0.0,0.0,870.97064,255.8318,677.744,255.69131
0.0,0.03,0.0,339.20285,319.76205,149.50401,315.07053
0.03,0.03,0.0,398.1488,318.73615,206.271,314.35916
0.06,0.03,0.0,457.38376,317.80048,263.87988,313.83844
0.09,0.03,0.0,516.8026,317.0221,322.17484,313.4623
0.12,0.03,0.0,576.2866,316.2901,380.971,313.21704
0.15,0.03,0.0,635.75226,315.58502,440.15103,313.09555
0.18,0.03,0.0,695.2421,314.89883,499.53284,313.06363
0.21,0.03,0.0,754.65497,314.21426,558.9874,313.0933
0.24,0.03,0.0,813.9682,313.59738,618.43915,313.16052
0.27,0.03,0.0,873.124,313.05267,677.9196,313.24542
0.0,0.06,0.0,337.94357,377.75613,146.25063,372.43195
0.03,0.06,0.0,397.2841,376.86545,203.3746,371.9782
0.06,0.06,0.0,456.9183,376.02383,261.39224,371.6445
0.09,0.06,0.0,516.7165,375.25107,320.09167,371.45407
0.12,0.06,0.0,576.5914,374.55606,379.34726,371.35196
0.15,0.06,0.0,636.407,373.86154,438.92282,371.3076
0.18,0.06,0.0,696.2187,373.13486,498.66846,371.30603
0.21,0.06,0.0,755.9588,372.39447,558.4957,371.3824
0.24,0.06,0.0,815.6584,371.7324,618.2989,371.47635
0.27,0.06,0.0,875.1854,371.08838,678.0764,371.49756
0.0,0.09,0.0,336.7548,436.4918,143.18532,430.50317
0.03,0.09,0.0,396.53473,435.7452,200.77368,430.4055
0.06,0.09,0.0,456.5278,434.90637,259.0612,430.20987
0.09,0.09,0.0,516.69006,434.1623,318.15677,430.15314
0.12,0.09,0.0,576.90497,433.5008,377.81992,430.21072
0.15,0.09,0.0,637.06433,432.79626,437.7455,430.2477
0.18,0.09,0.0,697.15857,432.00897,497.84598,430.22324
0.21,0.09,0.0,757.30536,431.2611,558.0147,430.32187
0.24,0.09,0.0,817.2667,430.57895,618.15826,430.4225
0.27,0.09,0.0,877.19904,429.83813,678.2012,430.4125
0.0,0.12,0.0,335.7046,496.0179,140.47096,489.36844
0.03,0.12,0.0,395.87854,495.35574,198.37453,489.5147
0.06,0.12,0.0,456.1389,494.48547,256.8602,489.53336
0.09,0.12,0.0,516.6861,493.7903,316.31818,489.5959
0.12,0.12,0.0,577.24097,493.07156,376.38968,489.73755
0.15,0.12,0.0,637.6866,492.36942,436.61453,489.81998
0.18,0.12,0.0,698.1316,491.56067,497.0423,489.8299
0.21,0.12,0.0,758.59033,490.7629,557.5575,489.83865
0.24,0.12,0.0,818.90405,490.0767,618.01276,489.9942
0.27,0.12,0.0,879.1637,489.298,678.3991,489.9476
0.0,0.15,0.0,334.81592,556.16364,138.05908,548.80865
0.03,0.15,0.0,395.23523,555.5129,196.1312,549.19556
0.06,0.15,0.0,455.79416,554.75055,254.9104,549.4461
0.09,0.15,0.0,516.6472,554.033,314.64557,549.6856
0.12,0.15,0.0,577.5432,553.34076,374.9731,549.8945
0.15,0.15,0.0,638.33295,552.5567,435.50452,550.0251
0.18,0.15,0.0,699.089,551.7505,496.25165,550.0746
0.21,0.15,0.0,759.8758,550.9537,557.0225,550.06805
0.24,0.15,0.0,820.50244,550.23145,617.80176,550.17535
0.27,0.15,0.0,881.0508,549.4306,678.5477,550.168
0.0,0.18,0.0,334.04504,616.87555,135.92754,608.75714
0.03,0.18,0.0,394.5896,616.3187,194.04616,609.422
0.06,0.18,0.0,455.52283,615.6763,253.15413,609.92914
0.09,0.18,0.0,516.6392,614.9668,313.13602,610.3329
0.12,0.18,0.0,577.8259,614.1994,373.6231,610.6277
0.15,0.18,0.0,638.9576,613.44025,434.41922,610.8298
0.18,0.18,0.0,700.06085,612.6504,495.43146,610.963
0.21,0.18,0.0,761.14435,611.8383,556.5248,610.9509
0.24,0.18,0.0,822.1178,611.0309,617.62933,610.999
0.27,0.18,0.0,882.88965,610.192,678.6773,611.0144
0.0,0.21,0.0,333.35092,678.0668,134.06662,669.0919
0.03,0.21,0.0,394.08438,677.6786,192.32968,670.0177
0.06,0.21,0.0,455.318,677.1139,251.68216,670.8066
0.09,0.21,0.0,516.69604,676.45953,311.7577,671.4308
0.12,0.21,0.0,578.10834,675.68317,372.35425,671.8447
0.15,0.21,0.0,639.5816,674.9225,433.4087,672.1346
0.18,0.21,0.0,700.9781,674.13727,494.68542,672.3335
0.21,0.21,0.0,762.4002,673.31665,556.0225,672.4179
0.24,0.21,0.0,823.6409,672.43585,617.44507,672.4743
0.27,0.21,0.0,884.6919,671.47485,678.82654,672.4696
0.0,0.24,0.0,332.82227,739.6847,132.49567,729.6761
0.03,0.24,0.0,393.78735,739.44556,190.92538,730.96204
0.06,0.24,0.0,455.23242,739.02124,250.46321,732.02527
0.09,0.24,0.0,516.78705,738.4681,310.59204,732.83484
0.12,0.24,0.0,578.42725,737.76776,371.25534,733.4941
0.15,0.24,0.0,640.19104,737.0105,432.49527,733.9274
0.18,0.24,0.0,701.9114,736.1783,493.9854,734.2142
0.21,0.24,0.0,763.59454,735.3211,555.6017,734.40295
0.24,0.24,0.0,825.0667,734.2994,617.27844,734.4398
0.27,0.24,0.0,886.3271,733.1869,678.9347,734.4089
0.0,0.27,0.0,332.53156,801.51935,131.31305,790.37366
0.03,0.27,0.0,393.64087,801.4579,189.90974,791.9963
0.06,0.27,0.0,455.28574,801.1399,249.53754,793.3497
0.09,0.27,0.0,517.02576,800.7197,309.6853,794.44147
0.12,0.27,0.0,578.8209,800.1795,370.33987,795.3993
0.15,0.27,0.0,640.8315,799.3953,431.7435,795.9731
0.18,0.27,0.0,702.7806,798.5353,493.38998,796.38385
0.21,0.27,0.0,764.7172,797.63055,555.1399,796.7334
0.24,0.27,0.0,826.3405,796.4401,617.0976,796.7492
0.27,0.27,0.0,887.7788,795.1629,679.0068,796.7342
0.0,0.0,0.0,325.32654,250.89499,130.14748,247.15663
0.03,0.0,0.0,386.44925,249.47377,188.7155,245.85812
0.06,0.0,0.0,447.9364,248.22983,248.21266,244.80165
0.09,0.0,0.0,509.7189,247.15558,308.55054,243.94197
0.12,0.0,0.0,571.7154,246.20105,369.64075,243.33641
0.15,0.0,0.0,633.7516,245.31927,431.16852,242.91223
0.18,0.0,0.0,695.794,244.53665,493.01968,242.65619
0.21,0.0,0.0,757.8257,243.82631,555.0601,242.53897
0.24,0.0,0.0,819.6931,243.20348,617.1446,242.48196
0.27,0.0,0.0,881.3784,242.75038,679.2997,242.5413
0.0,0.03,0.0,327.23026,312.67923,131.50706,308.1045
0.03,0.03,0.0,388.18112,311.43018,189.97177,307.17526
0.06,0.03,0.0,449.55667,310.34854,249.40562,306.4151
0.09,0.03,0.0,511.18787,309.39447,309.70505,305.8617
0.12,0.03,0.0,572.92957,308.49924,370.6272,305.40936
0.15,0.03,0.0,634.7044,307.6845,432.04507,305.16476
0.18,0.03,0.0,696.5056,306.8856,493.6713,305.02982
0.21,0.03,0.0,758.27527,306.11124,555.44165,305.00586
0.24,0.03,0.0,819.9648,305.425,617.2858,304.9853
0.27,0.03,0.0,881.4897,304.8591,679.20624,305.03836
0.0,0.06,0.0,329.29245,374.12366,133.17802,368.82523
0.03,0.06,0.0,390.10022,373.0868,191.55356,368.22153
0.06,0.06,0.0,451.2974,372.10355,250.89294,367.76346
0.09,0.06,0.0,512.68317,371.24777,311.02426,367.42258
0.12,0.06,0.0,574.1616,370.40213,371.79697,367.17612
0.15,0.06,0.0,635.67615,369.55185,432.95636,367.01886
0.18,0.06,0.0,697.1642,368.7907,494.39926,366.99033
0.21,0.06,0.0,758.6596,368.0026,555.9271,366.99414
0.24,0.06,0.0,820.12604,367.27625,617.4698,367.02374
0.27,0.06,0.0,881.3752,366.58838,679.00244,367.04294
0.0,0.09,0.0,331.44806,435.20212,135.1766,429.179
0.03,0.09,0.0,392.12985,434.21948,193.45934,428.86
0.06,0.09,0.0,453.02078,433.3775,252.50432,428.67612
0.09,0.09,0.0,514.2146,432.54297,312.48282,428.5068
0.12,0.09,0.0,575.4355,431.68503,373.04523,428.39258
0.15,0.09,0.0,636.60394,430.9252,434.02646,428.35025
0.18,0.09,0.0,697.7902,430.13574,495.1579,428.3631
0.21,0.09,0.0,759.0179,429.35098,556.3892,428.4145
0.24,0.09,0.0,820.13916,428.54416,617.6307,428.42648
0.27,0.09,0.0,881.2214,427.84622,678.8558,428.47275
0.0,0.12,0.0,333.80466,495.72458,137.51361,489.0636
0.03,0.12,0.0,394.2725,494.83496,195.63321,489.02902
0.06,0.12,0.0,454.81195,494.1137,254.35168,489.11362
0.09,0.12,0.0,515.7191,493.29535,314.09564,489.09445
0.12,0.12,0.0,576.67444,492.37915,374.47543,489.0467
0.15,0.12,0.0,637.5296,491.6008,435.11862,489.05676
0.18,0.12,0.0,698.4162,490.83926,495.93967,489.1275
0.21,0.12,0.0,759.3381,490.1128,556.8412,489.20847
0.24,0.12,0.0,820.161,489.28818,617.80176,489.1685
0.27,0.12,0.0,880.9544,488.56683,678.67914,489.2565
0.0,0.15,0.0,336.30237,555.63745,140.23033,548.3155
0.03,0.15,0.0,396.36334,554.8757,197.95062,548.58105
0.06,0.15,0.0,456.6018,554.23535,256.39026,548.92236
0.09,0.15,0.0,517.23627,553.40106,315.87747,549.043
0.12,0.15,0.0,577.8472,552.5118,375.92218,549.08325
0.15,0.15,0.0,638.4481,551.71295,436.2274,549.1606
0.18,0.15,0.0,699.01,550.9547,496.72104,549.2723
0.21,0.15,0.0,759.6399,550.2957,557.2875,549.38574
0.24,0.15,0.0,820.1506,549.44446,617.9317,549.30725
0.27,0.15,0.0,880.6261,548.68506,678.51135,549.3923
0.0,0.18,0.0,338.83133,614.90265,143.18636,606.8782
0.03,0.18,0.0,398.46857,614.33075,200.49504,607.51117
0.06,0.18,0.0,458.4628,613.6752,258.69183,607.9786
0.09,0.18,0.0,518.73706,612.8389,317.79355,608.25543
0.12,0.18,0.0,579.0164,612.05493,377.3674,608.4763
0.15,0.18,0.0,639.3022,611.2616,437.35095,608.61475
0.18,0.18,0.0,699.5981,610.51904,497.51,608.74854
0.21,0.18,0.0,759.8916,609.84406,557.76904,608.8876
0.24,0.18,0.0,820.1123,609.0374,618.0541,608.89105
0.27,0.18,0.0,880.20715,608.1787,678.3439,608.89966
0.0,0.21,0.0,341.4835,673.46173,146.3459,664.746
0.03,0.21,0.0,400.70358,673.08545,203.25749,665.6239
0.06,0.21,0.0,460.3945,672.38855,261.21674,666.2247
0.09,0.21,0.0,520.2796,671.65173,319.8746,666.6555
0.12,0.21,0.0,580.1544,671.031,378.94635,667.1391
0.15,0.21,0.0,640.1605,670.17896,438.5288,667.3475
0.18,0.21,0.0,700.1439,669.4079,498.346,667.523
0.21,0.21,0.0,760.1264,668.7686,558.20575,667.7486
0.24,0.21,0.0,820.01465,667.90216,618.1809,667.77637
0.27,0.21,0.0,879.71576,666.9887,678.1681,667.803
0.0,0.24,0.0,344.21478,731.2976,149.74356,721.7308
0.03,0.24,0.0,403.05853,731.0249,206.27524,722.9008
0.06,0.24,0.0,462.37646,730.3392,263.87872,723.6061
0.09,0.24,0.0,521.829,729.79254,322.01083,724.33185
0.12,0.24,0.0,581.347,729.3111,380.59323,725.07043
0.15,0.24,0.0,640.9925,728.44617,439.8222,725.33246
0.18,0.24,0.0,700.62604,727.65466,499.20715,725.56085
0.21,0.24,0.0,760.28925,727.0196,558.68243,725.9122
0.24,0.24,0.0,819.7847,726.0303,618.30786,725.8945
0.27,0.24,0.0,879.12006,725.03827,677.9175,725.94727
0.0,0.27,0.0,347.0614,788.2419,153.40436,777.7921
0.03,0.27,0.0,405.51413,788.02454,209.567,779.08777
0.06,0.27,0.0,464.4461,787.4162,266.74258,779.9999
0.09,0.27,0.0,523.43933,786.99994,324.3742,780.96124
0.12,0.27,0.0,582.51276,786.81586,382.39386,782.08167
0.15,0.27,0.0,641.80994,785.84467,441.16162,782.3541
0.18,0.27,0.0,701.1211,785.0442,500.14175,782.7337
0.21,0.27,0.0,760.3995,784.4811,559.2278,783.2582
0.24,0.27,0.0,819.4518,783.22144,618.4616,783.0981
0.27,0.27,0.0,878.36945,782.22723,677.69824,783.2703
0.0,0.0,0.0,472.52588,140.41116,275.06958,138.01482
0.03,0.0,0.0,534.2306,141.82335,336.50104,139.484
0.06,0.0,0.0,595.28534,143.46545,397.75232,141.24765
0.09,0.0,0.0,655.68866,145.22105,458.72488,143.2329
0.12,0.0,0.0,715.3421,147.11603,519.2852,145.4461
0.15,0.0,0.0,774.19305,149.15219,579.2932,147.85141
0.18,0.0,0.0,832.1573,151.32117,638.5921,150.32231
0.21,0.0,0.0,889.1814,153.61075,697.2191,152.91023
0.24,0.0,0.0,945.1638,156.11406,755.0654,155.59181
0.27,0.0,0.0,1000.0741,158.75008,812.1195,158.42099
0.0,0.03,0.0,472.43484,201.2585,273.37207,198.29195
0.03,0.03,0.0,534.3426,202.47147,335.09662,199.66466
0.06,0.03,0.0,595.57007,203.77881,396.65042,201.25334
0.09,0.03,0.0,656.1035,205.22665,457.8452,203.11124
0.12,0.03,0.0,715.88434,206.73228,518.5874,205.0992
0.15,0.03,0.0,774.85626,208.32777,578.71265,207.20174
0.18,0.03,0.0,832.9982,210.01424,638.1762,209.37009
0.21,0.03,0.0,890.20746,211.82974,696.9215,211.59413
0.24,0.03,0.0,946.4111,213.76495,754.91876,213.88742
0.27,0.03,0.0,1001.51807,215.88998,812.12836,216.2431
0.0,0.06,0.0,472.49234,262.6618,271.95218,259.1183
0.03,0.06,0.0,534.5099,263.5934,333.91492,260.39584
0.06,0.06,0.0,595.88916,264.61258,395.70624,261.81995
0.09,0.06,0.0,656.5119,265.69714,457.09396,263.46286
0.12,0.06,0.0,716.35913,266.8061,517.9824,265.21933
0.15,0.06,0.0,775.433,267.97403,578.21405,267.0118
0.18,0.06,0.0,833.7101,269.19617,637.77423,268.8503
0.21,0.06,0.0,891.08386,270.5082,696.58905,270.69534
0.24,0.06,0.0,947.4583,271.96143,754.6752,272.60162
0.27,0.06,0.0,1002.6771,273.51102,811.95557,274.51093
0.0,0.09,0.0,472.68942,324.3783,270.7587,320.40347
0.03,0.09,0.0,534.77795,325.06186,332.95715,321.5573
0.06,0.09,0.0,596.24335,325.71005,394.90326,322.76624
0.09,0.09,0.0,656.9291,326.4206,456.46548,324.1223
0.12,0.09,0.0,716.79736,327.1979,517.43787,325.6101
0.15,0.09,0.0,775.8982,327.9188,577.7241,327.089
0.18,0.09,0.0,834.3354,328.67783,637.36487,328.57617
0.21,0.09,0.0,891.85504,329.5213,696.2345,330.05313
0.24,0.09,0.0,948.2262,330.52676,754.2949,331.56787
0.27,0.09,0.0,1003.66656,331.5286,811.71875,333.0083
0.0,0.12,0.0,472.92838,386.33383,269.86078,382.01175
0.03,0.12,0.0,535.09283,386.69244,332.19223,382.9521
0.06,0.12,0.0,596.6153,386.96832,394.26105,383.9172
0.09,0.12,0.0,657.2786,387.3263,455.91452,385.01633
0.12,0.12,0.0,717.1512,387.6731,516.9399,386.14462
0.15,0.12,0.0,776.31213,388.0409,577.2712,387.31998
0.18,0.12,0.0,834.8407,388.35345,636.94464,388.42648
0.21,0.12,0.0,892.4692,388.75653,695.8774,389.4964
0.24,0.12,0.0,948.8585,389.29373,753.87305,390.6302
0.27,0.12,0.0,1004.457,389.8253,811.38763,391.67343
0.0,0.15,0.0,473.22983,448.42886,269.15234,443.82346
0.03,0.15,0.0,535.46387,448.36346,331.55164,444.51587
0.06,0.15,0.0,596.9999,448.31677,393.7251,445.2262
0.09,0.15,0.0,657.6441,448.30157,455.39752,445.97086
0.12,0.15,0.0,717.5164,448.25848,516.4773,446.7382
0.15,0.15,0.0,776.70447,448.21146,576.82666,447.54056
0.18,0.15,0.0,835.2257,448.15305,636.47925,448.27496
0.21,0.15,0.0,892.9353,448.13068,695.4477,448.97058
0.24,0.15,0.0,949.4183,448.21768,753.4937,449.72632
0.27,0.15,0.0,1005.0123,448.25266,810.95776,450.43707
0.0,0.18,0.0,473.55743,510.50073,268.6929,505.6916
0.03,0.18,0.0,535.8025,510.09488,331.02417,506.09033
0.06,0.18,0.0,597.30853,509.69785,393.20868,506.51157
0.09,0.18,0.0,657.94257,509.24478,454.9234,506.9828
0.12,0.18,0.0,717.8849,508.81458,516.006,507.37646
0.15,0.18,0.0,777.06824,508.4171,576.3766,507.75342
0.18,0.18,0.0,835.55133,508.00687,636.0218,508.12866
0.21,0.18,0.0,893.2682,507.61,694.9699,508.5034
0.24,0.18,0.0,949.90497,507.21185,753.10846,508.8845
0.27,0.18,0.0,1005.3965,506.77283,810.4804,509.197
0.0,0.21,0.0,473.91583,572.6826,268.3117,567.5207
0.03,0.21,0.0,536.143,571.84985,330.67007,567.7408
0.06,0.21,0.0,597.59454,571.0304,392.83203,567.8542
0.09,0.21,0.0,658.2733,570.19885,454.4811,567.9525
0.12,0.21,0.0,718.28876,569.43304,515.6093,567.9815
0.15,0.21,0.0,777.43835,568.6034,575.92175,567.97205
0.18,0.21,0.0,835.8668,567.84265,635.55273,567.9577
0.21,0.21,0.0,893.6077,567.0442,694.52,567.9592
0.24,0.21,0.0,950.18835,566.2272,752.65643,568.00366
0.27,0.21,0.0,1005.6751,565.3438,810.057,567.9572
0.0,0.24,0.0,474.29547,634.83405,268.16754,629.2919
0.03,0.24,0.0,536.4751,633.66327,330.44275,629.3064
0.06,0.24,0.0,597.8794,632.4044,392.4926,629.0916
0.09,0.24,0.0,658.5771,631.18353,454.10602,628.8441
0.12,0.24,0.0,718.65814,630.0835,515.1797,628.6018
0.15,0.24,0.0,777.7435,628.8477,575.4537,628.20056
0.18,0.24,0.0,836.1307,627.649,635.0884,627.8145
0.21,0.24,0.0,893.8515,626.4687,694.0802,627.52484
0.24,0.24,0.0,950.31226,625.1774,752.1916,627.0992
0.27,0.24,0.0,1005.7375,623.7928,809.58624,626.68646
0.0,0.27,0.0,474.73047,696.88477,268.2524,690.8271
0.03,0.27,0.0,536.8389,695.3472,330.38803,690.61835
0.06,0.27,0.0,598.1788,693.6736,392.28757,690.1068
0.09,0.27,0.0,658.8739,692.097,453.79196,689.625
0.12,0.27,0.0,719.0126,690.7126,514.7928,689.1476
0.15,0.27,0.0,778.014,689.002,575.0376,688.36316
0.18,0.27,0.0,836.3225,687.3938,634.62067,687.6132
0.21,0.27,0.0,894.0329,685.7911,693.6588,686.96783
0.24,0.27,0.0,950.2289,683.9037,751.61786,686.095
0.27,0.27,0.0,1005.6908,682.0703,809.0508,685.3183
0.0,0.0,0.0,477.26282,161.9313,288.36652,159.37042
0.03,0.0,0.0,535.9135,160.93974,345.84274,158.49623
0.06,0.0,0.0,594.6535,160.11435,403.82004,157.86221
0.09,0.0,0.0,653.40533,159.38805,462.14215,157.38663
0.12,0.0,0.0,712.18036,158.81284,520.75543,157.13338
0.15,0.0,0.0,770.80505,158.40111,579.49347,157.04182
0.18,0.0,0.0,829.2601,158.145,638.2552,157.101
0.21,0.0,0.0,887.41675,158.02142,697.0442,157.23256
0.24,0.0,0.0,945.16925,158.1388,755.7204,157.48207
0.27,0.0,0.0,1002.3905,158.53197,814.2417,157.91904
0.0,0.03,0.0,476.6981,218.02591,285.51413,214.97906
0.03,0.03,0.0,535.82574,217.14952,343.49252,214.30551
0.06,0.03,0.0,595.01196,216.35345,402.01422,213.84787
0.09,0.03,0.0,654.1802,215.66385,460.81204,213.52412
0.12,0.03,0.0,713.3621,215.06824,519.8789,213.40205
0.15,0.03,0.0,772.4349,214.55527,579.0412,213.36554
0.18,0.03,0.0,831.3518,214.10812,638.23334,213.40599
0.21,0.03,0.0,889.9774,213.85115,697.3999,213.53612
0.24,0.03,0.0,948.2202,213.7706,756.52313,213.745
0.27,0.03,0.0,1005.93677,213.91563,815.5108,214.0523
0.0,0.06,0.0,476.23914,275.1494,282.83655,271.625
0.03,0.06,0.0,535.74664,274.3538,341.30222,271.1393
0.06,0.06,0.0,595.376,273.56155,400.25867,270.8134
0.09,0.06,0.0,654.94293,272.88083,459.53113,270.64847
0.12,0.06,0.0,714.4906,272.24625,519.05725,270.63837
0.15,0.06,0.0,773.95013,271.64438,578.5836,270.61267
0.18,0.06,0.0,833.32245,271.11337,638.20465,270.69788
0.21,0.06,0.0,892.41266,270.68973,697.7425,270.77814
0.24,0.06,0.0,951.1198,270.4391,757.2276,270.92758
0.27,0.06,0.0,1009.3192,270.3413,816.6297,271.15054
0.0,0.09,0.0,475.83508,333.10788,280.29285,329.16434
0.03,0.09,0.0,535.7968,332.41998,339.30515,328.9395
0.06,0.09,0.0,595.7286,331.5979,398.64023,328.68344
0.09,0.09,0.0,655.691,330.88562,458.37836,328.61252
0.12,0.09,0.0,715.5821,330.26743,518.2783,328.71033
0.15,0.09,0.0,775.4419,329.62326,578.22003,328.77182
0.18,0.09,0.0,835.1912,328.95786,638.1287,328.75974
0.21,0.09,0.0,894.74274,328.39175,698.0605,328.81097
0.24,0.09,0.0,953.83215,328.00928,757.89404,328.98935
0.27,0.09,0.0,1012.50964,327.6771,817.69403,329.0456
0.0,0.12,0.0,475.5559,391.87994,277.99478,387.59805
0.03,0.12,0.0,535.89856,391.24652,337.417,387.5345
0.06,0.12,0.0,596.1629,390.38318,397.11896,387.36035
0.09,0.12,0.0,656.45886,389.66818,457.26752,387.36948
0.12,0.12,0.0,716.67975,389.07687,517.5661,387.52377
0.15,0.12,0.0,776.8818,388.3738,577.8372,387.61346
0.18,0.12,0.0,837.0218,387.60925,638.0882,387.60605
0.21,0.12,0.0,896.97876,386.90128,698.33167,387.58655
0.24,0.12,0.0,956.4337,386.4687,758.49915,387.7609
0.27,0.12,0.0,1015.52704,385.92004,818.6908,387.74014
0.0,0.15,0.0,475.28796,451.39798,275.85477,446.83035
0.03,0.15,0.0,535.94934,450.69754,335.61072,446.84265
0.06,0.15,0.0,596.60657,449.8739,395.67996,446.76422
0.09,0.15,0.0,657.2012,449.1883,456.21375,446.86276
0.12,0.15,0.0,717.7536,448.51028,516.876,447.00854
0.15,0.15,0.0,778.2922,447.76312,577.47095,447.09323
0.18,0.15,0.0,838.7884,446.97815,638.0488,447.0902
0.21,0.15,0.0,899.13806,446.22467,698.5918,447.05447
0.24,0.15,0.0,958.95917,445.65063,759.0943,447.16098
0.27,0.15,0.0,1018.3907,444.97168,819.5883,447.18036
0.0,0.18,0.0,475.0366,511.57687,273.84305,506.7426
0.03,0.18,0.0,536.056,510.79068,333.83823,506.832
0.06,0.18,0.0,597.0299,510.0431,394.35272,506.91653
0.09,0.18,0.0,657.93036,509.34433,455.2044,507.04123
0.12,0.18,0.0,718.85016,508.5909,516.1319,507.12115
0.15,0.18,0.0,779.6736,507.84805,577.085,507.19543
0.18,0.18,0.0,840.47723,507.06723,637.9923,507.19986
0.21,0.18,0.0,901.195,506.2555,698.846,507.19974
0.24,0.18,0.0,961.40564,505.5057,759.66284,507.23303
0.27,0.18,0.0,1021.0853,504.7297,820.5108,507.28412
0.0,0.21,0.0,474.78864,572.3896,271.9674,567.2192
0.03,0.21,0.0,536.0895,571.5972,332.21024,567.46106
0.06,0.21,0.0,597.4466,570.8538,393.07306,567.6751
0.09,0.21,0.0,658.6954,570.09125,454.19174,567.8174
0.12,0.21,0.0,719.9205,569.29297,515.40106,567.8385
0.15,0.21,0.0,781.1114,568.5584,576.6661,567.92584
0.18,0.21,0.0,842.2091,567.7684,637.89233,567.9329
0.21,0.21,0.0,903.188,566.8952,699.116,567.9314
0.24,0.21,0.0,963.69495,566.0101,760.2729,567.9918
0.27,0.21,0.0,1023.6462,565.073,821.39435,567.971
0.0,0.24,0.0,474.54214,633.81464,270.2351,628.2449
0.03,0.24,0.0,536.17706,633.1126,330.73218,628.6645
0.06,0.24,0.0,597.86426,632.33386,391.8868,628.9838
0.09,0.24,0.0,659.4532,631.58704,453.2176,629.17426
0.12,0.24,0.0,721.0211,630.72864,514.64154,629.26715
0.15,0.24,0.0,782.4911,629.943,576.2543,629.3049
0.18,0.24,0.0,843.8675,629.11816,637.82275,629.3679
0.21,0.24,0.0,905.13324,628.1634,699.36646,629.3429
0.24,0.24,0.0,965.8315,627.1475,760.86584,629.3525
0.27,0.24,0.0,1025.9937,625.97546,822.2256,629.30286
0.0,0.27,0.0,474.36786,695.8165,268.69632,689.7144
0.03,0.27,0.0,536.29846,695.162,329.43463,690.3192
0.06,0.27,0.0,598.29016,694.408,390.795,690.76935
0.09,0.27,0.0,660.1691,693.6101,452.28726,691.0506
0.12,0.27,0.0,722.07477,692.7967,513.92444,691.23065
0.15,0.27,0.0,783.8628,691.93066,575.865,691.28955
0.18,0.27,0.0,845.44226,690.97363,637.747,691.3503
0.21,0.27,0.0,907.0039,689.911,699.60645,691.32043
0.24,0.27,0.0,967.7584,688.6768,761.3344,691.26306
0.27,0.27,0.0,1028.1729,687.3178,823.0374,691.11194
0.0,0.0,0.0,468.4239,145.41623,271.36218,142.98792
0.03,0.0,0.0,529.831,144.16075,331.37137,141.76129
0.06,0.0,0.0,591.33075,143.11217,391.99377,140.84737
0.09,0.0,0.0,652.9836,142.2351,453.072,140.16414
0.12,0.0,0.0,714.5954,141.51387,514.4995,139.73051
0.15,0.0,0.0,776.10706,141.0039,576.118,139.49042
0.18,0.0,0.0,837.3903,140.66367,637.82153,139.41112
0.21,0.0,0.0,898.37604,140.56401,699.5185,139.4892
0.24,0.0,0.0,958.8906,140.73663,761.1241,139.75829
0.27,0.0,0.0,1018.78845,141.2155,822.6068,140.1965
0.0,0.03,0.0,469.75662,207.11673,272.04892,204.09204
0.03,0.03,0.0,531.0458,206.00488,332.0404,203.17912
0.06,0.03,0.0,592.4278,205.0226,392.62506,202.48714
0.09,0.03,0.0,653.87994,204.17537,453.61646,202.02666
0.12,0.03,0.0,715.3183,203.45338,514.9137,201.74977
0.15,0.03,0.0,776.65936,202.8202,576.3623,201.57516
0.18,0.03,0.0,837.82465,202.36075,637.86816,201.53539
0.21,0.03,0.0,898.7761,202.05255,699.3958,201.58708
0.24,0.03,0.0,959.24335,201.99376,760.80457,201.79688
0.27,0.03,0.0,1019.13116,202.16687,822.2174,202.09248
0.0,0.06,0.0,471.23553,268.71512,273.02557,265.1965
0.03,0.06,0.0,532.33246,267.74048,332.9478,264.5352
0.06,0.06,0.0,593.5438,266.82324,393.4295,264.06097
0.09,0.06,0.0,654.7394,265.9973,454.28177,263.7679
0.12,0.06,0.0,715.969,265.22305,515.4206,263.59937
0.15,0.06,0.0,777.1124,264.52466,576.64355,263.51462
0.18,0.06,0.0,838.1624,263.9501,637.9272,263.50446
0.21,0.06,0.0,898.9376,263.48376,699.2112,263.54108
0.24,0.06,0.0,959.3081,263.20728,760.4538,263.6513
0.27,0.06,0.0,1019.12384,263.11478,821.5904,263.8452
0.0,0.09,0.0,472.78372,330.0366,274.22495,326.07742
0.03,0.09,0.0,533.725,329.14273,334.11685,325.6403
0.06,0.09,0.0,594.67267,328.28778,394.40533,325.34225
0.09,0.09,0.0,655.61456,327.42776,455.0639,325.18207
0.12,0.09,0.0,716.5747,326.64514,516.03046,325.08865
0.15,0.09,0.0,777.4678,325.92825,577.0024,325.03363
0.18,0.09,0.0,838.3152,325.25342,637.98773,325.0771
0.21,0.09,0.0,898.94037,324.66678,699.0026,325.1567
0.24,0.09,0.0,959.1117,324.22327,759.94696,325.17838
0.27,0.09,0.0,1018.8683,323.9082,820.8686,325.30063
0.0,0.12,0.0,474.45706,390.9469,275.71255,386.64825
0.03,0.12,0.0,535.13525,390.06982,335.4621,386.3617
0.06,0.12,0.0,595.7944,389.29364,395.4819,386.24362
0.09,0.12,0.0,656.447,388.4528,455.99268,386.16882
0.12,0.12,0.0,717.1157,387.64062,516.67,386.09427
0.15,0.12,0.0,777.73615,386.8474,577.37756,386.10934
0.18,0.12,0.0,838.3472,386.13876,638.0598,386.14832
0.21,0.12,0.0,898.8058,385.47885,698.7552,386.2062
0.24,0.12,0.0,958.73376,384.86108,759.4086,386.20972
0.27,0.12,0.0,1018.3501,384.40433,820.0897,386.2719
0.0,0.15,0.0,476.15842,451.31107,277.3987,446.70975
0.03,0.15,0.0,536.54376,450.4437,336.88327,446.63528
0.06,0.15,0.0,596.8938,449.68713,396.69455,446.6137
0.09,0.15,0.0,657.28827,448.8821,456.9427,446.55307
0.12,0.15,0.0,717.62317,448.0464,517.3496,446.5389
0.15,0.15,0.0,777.963,447.25845,577.7512,446.54572
0.18,0.15,0.0,838.29913,446.51105,638.1178,446.60318
0.21,0.15,0.0,898.5227,445.8338,698.5056,446.6634
0.24,0.15,0.0,958.24493,445.0677,758.84,446.64008
0.27,0.15,0.0,1017.5871,444.48236,819.1836,446.69125
0.0,0.18,0.0,477.88483,511.0759,279.27426,506.26627
0.03,0.18,0.0,537.90753,510.3,338.363,506.3248
0.06,0.18,0.0,598.00836,509.5106,397.97244,506.3805
0.09,0.18,0.0,658.0764,508.6554,457.94745,506.38223
0.12,0.18,0.0,718.12286,507.8359,517.99084,506.35858
0.15,0.18,0.0,778.1747,507.08,578.08026,506.39764
0.18,0.18,0.0,838.2082,506.3294,638.157,506.43677
0.21,0.18,0.0,898.1405,505.6085,698.2355,506.5155
0.24,0.18,0.0,957.6524,504.81055,758.2515,506.5076
0.27,0.18,0.0,1016.67554,504.0297,818.2861,506.49924
0.0,0.21,0.0,479.5254,570.30554,281.2103,565.2228
0.03,0.21,0.0,539.2953,569.5534,339.9932,565.4391
0.06,0.21,0.0,599.07086,568.65137,399.35504,565.4805
0.09,0.21,0.0,658.8819,567.8064,458.95377,565.5075
0.12,0.21,0.0,718.61633,567.1033,518.6485,565.61395
0.15,0.21,0.0,778.3766,566.2923,578.438,565.56976
0.18,0.21,0.0,838.0501,565.5076,638.2243,565.6001
0.21,0.21,0.0,897.6829,564.7936,697.94617,565.70483
0.24,0.21,0.0,956.9044,563.9211,757.6903,565.71155
0.27,0.21,0.0,1015.63367,563.0296,817.38495,565.69495
0.0,0.24,0.0,481.2067,628.94653,283.24725,623.51514
0.03,0.24,0.0,540.64923,628.20465,341.72858,623.8582
0.06,0.24,0.0,600.1677,627.26526,400.77097,623.8953
0.09,0.24,0.0,659.6353,626.4869,459.9887,624.0465
0.12,0.24,0.0,719.1084,625.8559,519.2836,624.2595
0.15,0.24,0.0,778.5015,624.931,578.7593,624.1529
0.18,0.24,0.0,837.8785,624.1169,638.213,624.18646
0.21,0.24,0.0,897.17487,623.3896,697.66473,624.3494
0.24,0.24,0.0,956.01605,622.367,757.0904,624.27356
0.27,0.24,0.0,1014.3515,621.299,816.46594,624.2583
0.0,0.27,0.0,482.90277,686.96326,285.48535,681.04987
0.03,0.27,0.0,542.02606,686.18744,343.5831,681.4866
0.06,0.27,0.0,601.22205,685.20483,402.2896,681.5629
0.09,0.27,0.0,660.36896,684.45245,461.06952,681.7974
0.12,0.27,0.0,719.58685,683.98505,519.9556,682.26056
0.15,0.27,0.0,778.63776,682.9638,579.1094,682.099
0.18,0.27,0.0,837.6482,682.0568,638.24536,682.10986
0.21,0.27,0.0,896.5905,681.3196,697.3789,682.3598
0.24,0.27,0.0,954.92053,680.0232,756.4542,682.1202
0.27,0.27,0.0,1012.9445,678.9306,815.4909,682.14325
0.0,0.0,0.0,616.9914,257.4836,423.18127,255.13275
0.03,0.0,0.0,675.3838,254.87065,480.19626,253.01198
0.06,0.0,0.0,734.41705,252.31238,538.02765,250.97029
0.09,0.0,0.0,794.06335,249.795,596.6485,248.94075
0.12,0.0,0.0,854.3284,247.38171,656.0578,247.0092
0.15,0.0,0.0,914.958,245.1185,716.17584,245.06618
0.18,0.0,0.0,975.8977,243.00517,777.0025,243.21286
0.21,0.0,0.0,1036.905,241.10303,838.4134,241.42285
0.24,0.0,0.0,1097.7935,239.43723,900.2853,239.77943
0.27,0.0,0.0,1158.4055,238.06114,962.5412,238.30551
0.0,0.03,0.0,618.15643,316.2714,423.31647,313.74286
0.03,0.03,0.0,676.6194,314.00287,480.43042,312.05603
0.06,0.03,0.0,735.73645,311.74188,538.35876,310.44928
0.09,0.03,0.0,795.4698,309.52188,597.0819,308.86575
0.12,0.03,0.0,855.8575,307.36276,656.53357,307.2636
0.15,0.03,0.0,916.6537,305.2946,716.71234,305.69632
0.18,0.03,0.0,977.75006,303.34854,777.6065,304.14307
0.21,0.03,0.0,1038.9912,301.589,839.1299,302.62192
0.24,0.03,0.0,1100.1307,299.97827,901.18787,301.2142
0.27,0.03,0.0,1160.9359,298.5902,963.6313,299.9204
0.0,0.06,0.0,619.3329,375.21417,423.54788,372.55145
0.03,0.06,0.0,677.7937,373.30603,480.73923,371.33868
0.06,0.06,0.0,736.9502,371.37848,538.72485,370.1168
0.09,0.06,0.0,796.77637,369.46622,597.4926,368.92996
0.12,0.06,0.0,857.2649,367.57532,657.0095,367.72495
0.15,0.06,0.0,918.1888,365.76257,717.1779,366.49716
0.18,0.06,0.0,979.4839,364.0214,778.1252,365.26654
0.21,0.06,0.0,1040.8477,362.38315,839.73517,364.0672
0.24,0.06,0.0,1102.1279,360.87756,901.9046,362.92267
0.27,0.06,0.0,1163.1421,359.55066,964.49493,361.8728
0.0,0.09,0.0,620.4711,434.18274,423.78964,431.4831
0.03,0.09,0.0,679.0071,432.63818,481.1692,430.69165
0.06,0.09,0.0,738.1591,431.07,539.11426,429.84866
0.09,0.09,0.0,798.0436,429.4798,597.90375,429.02744
0.12,0.09,0.0,858.5412,427.9427,657.4098,428.2209
0.15,0.09,0.0,919.5617,426.41815,717.61487,427.3725
0.18,0.09,0.0,980.9592,424.9158,778.57825,426.48077
0.21,0.09,0.0,1042.4718,423.46265,840.26373,425.62576
0.24,0.09,0.0,1103.8245,422.09143,902.5028,424.82416
0.27,0.09,0.0,1164.9781,420.79663,965.16766,424.01724
0.0,0.12,0.0,621.62915,493.19614,424.18445,490.4909
0.03,0.12,0.0,680.2018,492.0092,481.60562,490.03137
0.06,0.12,0.0,739.3222,490.79675,539.4874,489.60532
0.09,0.12,0.0,799.2838,489.5476,598.3254,489.14377
0.12,0.12,0.0,859.7855,488.34454,657.8515,488.69412
0.15,0.12,0.0,920.8492,487.10406,718.06384,488.24997
0.18,0.12,0.0,982.28674,485.8708,779.0123,487.76486
0.21,0.12,0.0,1043.8654,484.64374,840.7091,487.26196
0.24,0.12,0.0,1105.2479,483.406,903.01483,486.75714
0.27,0.12,0.0,1166.4619,482.18893,965.7237,486.26144
0.0,0.15,0.0,622.81256,552.2342,424.65717,549.4744
0.03,0.15,0.0,681.36053,551.37714,482.0038,549.4312
0.06,0.15,0.0,740.5009,550.5588,539.8786,549.4034
0.09,0.15,0.0,800.47125,549.6804,598.73663,549.27686
0.12,0.15,0.0,861.012,548.7757,658.29114,549.17035
0.15,0.15,0.0,922.03937,547.8763,718.4989,549.08527
0.18,0.15,0.0,983.48096,546.894,779.4625,548.97516
0.21,0.15,0.0,1045.0137,545.8876,841.131,548.9121
0.24,0.15,0.0,1106.401,544.7671,903.4345,548.7246
0.27,0.15,0.0,1167.5723,543.62854,966.06793,548.5185
0.0,0.18,0.0,623.9708,611.2974,425.1245,608.42896
0.03,0.18,0.0,682.47314,610.80054,482.30536,608.8079
0.06,0.18,0.0,741.68616,610.3371,540.3347,609.1308
0.09,0.18,0.0,801.6147,609.76886,599.2012,609.38257
0.12,0.18,0.0,862.144,609.2324,658.6927,609.6968
0.15,0.18,0.0,923.1008,608.5562,718.91943,609.9481
0.18,0.18,0.0,984.45,607.884,779.87054,610.235
0.21,0.18,0.0,1045.9253,607.05804,841.5095,610.5022
0.24,0.18,0.0,1107.2483,606.0992,903.7376,610.66327
0.27,0.18,0.0,1168.2454,604.9927,966.31256,610.7052
0.0,0.21,0.0,625.08844,670.3495,425.66397,667.29834
0.03,0.21,0.0,683.6097,670.22205,482.77243,668.1229
0.06,0.21,0.0,742.8717,670.00214,540.82935,668.7956
0.09,0.21,0.0,802.7295,669.8068,599.647,669.44824
0.12,0.21,0.0,863.1612,669.5826,659.06433,670.15125
0.15,0.21,0.0,924.05853,669.16095,719.3083,670.77893
0.18,0.21,0.0,985.26685,668.65155,780.2262,671.38477
0.21,0.21,0.0,1046.5917,668.0179,841.7899,671.9807
0.24,0.21,0.0,1107.8036,667.1495,903.908,672.4137
0.27,0.21,0.0,1168.6376,666.0994,966.34436,672.7237
0.0,0.24,0.0,626.1748,729.3528,426.2336,726.0086
0.03,0.24,0.0,684.7117,729.5634,483.30154,727.28125
0.06,0.24,0.0,743.9885,729.5925,541.3922,728.314
0.09,0.24,0.0,803.73676,729.6919,600.0874,729.4029
0.12,0.24,0.0,864.062,729.78906,659.3899,730.522
0.15,0.24,0.0,924.817,729.5142,719.6475,731.4631
0.18,0.24,0.0,985.8526,729.176,780.4998,732.3715
0.21,0.24,0.0,1047.0017,728.74036,841.9622,733.3356
0.24,0.24,0.0,1108.0046,727.9175,903.9134,733.93005
0.27,0.24,0.0,1168.6353,726.88226,966.18567,734.42456
0.0,0.27,0.0,627.28845,788.0695,426.95706,784.38293
0.03,0.27,0.0,685.82275,788.5675,483.97272,786.0553
0.06,0.27,0.0,744.9877,788.8501,542.0069,787.47107
0.09,0.27,0.0,804.6489,789.2194,600.5846,788.9858
0.12,0.27,0.0,864.816,789.65106,659.7186,790.6329
0.15,0.27,0.0,925.4081,789.5162,719.932,791.7904
0.18,0.27,0.0,986.18646,789.27893,780.6575,792.9868
0.21,0.27,0.0,1047.1442,789.02484,841.9475,794.25256
0.24,0.27,0.0,1107.8247,788.135,903.73566,794.97266
0.27,0.27,0.0,1168.2278,787.1739,965.77734,795.6899
0.0,0.0,0.0,617.14655,240.57472,414.3606,238.00882
0.03,0.0,0.0,678.5856,241.83208,476.6602,239.8058
0.06,0.0,0.0,739.1904,243.16003,538.3356,241.73009
0.09,0.0,0.0,798.9658,244.49829,599.39417,243.66199
0.12,0.0,0.0,857.8221,245.99414,659.70526,245.6727
0.15,0.0,0.0,915.7065,247.6292,719.2342,247.75757
0.18,0.0,0.0,972.48914,249.37308,777.9831,249.85394
0.21,0.0,0.0,1028.0228,251.23914,835.88574,252.03067
0.24,0.0,0.0,1082.3054,253.25768,892.8405,254.2772
0.27,0.0,0.0,1135.1805,255.45107,948.80365,256.64362
0.0,0.03,0.0,617.51135,302.60217,413.57108,299.85403
0.03,0.03,0.0,679.0528,303.455,476.0204,301.35992
0.06,0.03,0.0,739.71185,304.33057,537.8443,302.97406
0.09,0.03,0.0,799.5285,305.27975,598.9513,304.61014
0.12,0.03,0.0,858.5127,306.29398,659.317,306.27667
0.15,0.03,0.0,916.515,307.3667,718.90155,307.93604
0.18,0.03,0.0,973.4626,308.57452,777.69543,309.6045
0.21,0.03,0.0,1029.1884,309.8883,835.68567,311.30185
0.24,0.03,0.0,1083.6161,311.3226,892.7952,313.08545
0.27,0.03,0.0,1136.6603,312.92206,948.9262,314.88608
0.0,0.06,0.0,617.934,364.79025,412.931,361.9643
0.03,0.06,0.0,679.41974,365.27545,475.4705,363.19803
0.06,0.06,0.0,740.1622,365.7532,537.33875,364.4353
0.09,0.06,0.0,800.06866,366.2545,598.5275,365.72623
0.12,0.06,0.0,859.0993,366.81558,658.88763,367.028
0.15,0.06,0.0,917.175,367.402,718.50146,368.27945
0.18,0.06,0.0,974.2594,368.09122,777.35626,369.5199
0.21,0.06,0.0,1030.1072,368.86166,835.43787,370.7816
0.24,0.06,0.0,1084.656,369.7508,892.62006,372.08615
0.27,0.06,0.0,1137.7971,370.66965,948.80865,373.45996
0.0,0.09,0.0,618.3335,427.0668,412.3455,424.20987
0.03,0.09,0.0,679.76215,427.15796,474.95316,425.10242
0.06,0.09,0.0,740.5768,427.21655,536.9184,425.99695
0.09,0.09,0.0,800.5188,427.32864,598.1369,426.8906
0.12,0.09,0.0,859.5503,427.456,658.44916,427.80408
0.15,0.09,0.0,917.708,427.59177,718.0454,428.67224
0.18,0.09,0.0,974.95056,427.79892,777.0021,429.50775
0.21,0.09,0.0,1030.9181,428.06387,835.1758,430.37146
0.24,0.09,0.0,1085.399,428.33917,892.2943,431.25845
0.27,0.09,0.0,1138.7169,428.69327,948.6414,432.11185
0.0,0.12,0.0,618.7211,489.3673,411.86584,486.5579
0.03,0.12,0.0,680.147,489.0734,474.50525,487.05624
0.06,0.12,0.0,741.03204,488.7442,536.5178,487.57327
0.09,0.12,0.0,800.9382,488.4496,597.6901,488.0593
0.12,0.12,0.0,859.94916,488.15802,657.9982,488.5671
0.15,0.12,0.0,918.1046,487.86954,717.5765,489.02844
0.18,0.12,0.0,975.43005,487.6134,776.5756,489.52237
0.21,0.12,0.0,1031.5201,487.35345,834.804,489.98215
0.24,0.12,0.0,1085.89,487.0961,891.90094,490.4379
0.27,0.12,0.0,1139.3046,486.86755,948.2836,490.88638
0.0,0.15,0.0,619.06537,551.7304,411.44653,548.8796
0.03,0.15,0.0,680.5185,550.9885,474.0755,548.99884
0.06,0.15,0.0,741.3835,550.314,536.0729,549.15576
0.09,0.15,0.0,801.2779,549.6136,597.24335,549.2532
0.12,0.15,0.0,860.3038,548.8813,657.55884,549.346
0.15,0.15,0.0,918.4568,548.1809,717.1746,549.4162
0.18,0.15,0.0,975.72473,547.4351,776.1392,549.54376
0.21,0.15,0.0,1031.8265,546.68243,834.37665,549.64105
0.24,0.15,0.0,1086.237,545.86487,891.4834,549.64954
0.27,0.15,0.0,1139.51,545.0307,947.79944,549.6857
0.0,0.18,0.0,619.3692,614.0207,411.0756,611.1361
0.03,0.18,0.0,680.9225,612.94025,473.6669,610.9565
0.06,0.18,0.0,741.6687,611.8634,535.5979,610.71094
0.09,0.18,0.0,801.55115,610.7358,596.7566,610.40564
0.12,0.18,0.0,860.6227,609.6019,657.11505,610.1405
0.15,0.18,0.0,918.71204,608.4396,716.7342,609.8277
0.18,0.18,0.0,975.8415,607.2213,775.6403,609.5607
0.21,0.18,0.0,1031.8806,605.96313,833.82214,609.2765
0.24,0.18,0.0,1086.3643,604.5817,891.0328,608.83954
0.27,0.18,0.0,1139.4554,603.1666,947.1652,608.39374
0.0,0.21,0.0,619.73975,676.3952,410.8183,673.2682
0.03,0.21,0.0,681.3202,674.91394,473.3294,672.8137
0.06,0.21,0.0,741.94556,673.38464,535.1605,672.17035
0.09,0.21,0.0,801.7836,671.7806,596.27466,671.49133
0.12,0.21,0.0,860.88696,670.2615,656.7069,670.8655
0.15,0.21,0.0,918.8564,668.5836,716.2599,670.14124
0.18,0.21,0.0,975.8206,666.82697,775.1281,669.44617
0.21,0.21,0.0,1031.7727,665.07336,833.2664,668.74164
0.24,0.21,0.0,1086.1747,663.1352,890.3754,667.89886
0.27,0.21,0.0,1139.146,661.0859,946.4464,666.9524
0.0,0.24,0.0,620.1299,738.645,410.69113,735.231
0.03,0.24,0.0,681.6139,736.7358,473.05286,734.48
0.06,0.24,0.0,742.13605,734.7096,534.7762,733.4632
0.09,0.24,0.0,801.96686,732.7273,595.81635,732.4664
0.12,0.24,0.0,861.0465,730.75977,656.28326,731.51636
0.15,0.24,0.0,918.80756,728.5108,715.7794,730.34766
0.18,0.24,0.0,975.596,726.25635,774.5407,729.2079
0.21,0.24,0.0,1031.4559,723.96387,832.64734,728.1029
0.24,0.24,0.0,1085.6246,721.389,889.5686,726.7335
0.27,0.24,0.0,1138.5197,718.72833,945.54266,725.2888
0.0,0.27,0.0,620.507,800.5697,410.7101,796.774
0.03,0.27,0.0,681.8885,798.24524,472.89813,795.71765
0.06,0.27,0.0,742.28485,795.6706,534.4605,794.3893
0.09,0.27,0.0,801.9813,793.22766,595.4449,793.0509
0.12,0.27,0.0,861.0871,790.94653,655.84686,791.9047
0.15,0.27,0.0,918.54706,788.10614,715.20844,790.2285
0.18,0.27,0.0,975.1654,785.25653,773.8688,788.6463
0.21,0.27,0.0,1030.9269,782.42944,831.93677,787.1307
0.24,0.27,0.0,1084.7153,779.18384,888.54047,785.1347
0.27,0.27,0.0,1137.5875,775.9845,944.4823,783.2451
0.0,0.0,0.0,614.8879,257.4991,421.29837,255.00777
0.03,0.0,0.0,674.0478,256.85437,480.24695,254.87619
0.06,0.0,0.0,733.1433,256.22495,539.29834,254.84966
0.09,0.0,0.0,792.1115,255.67813,598.4086,254.85706
0.12,0.0,0.0,850.94037,255.22246,657.5659,254.96024
0.15,0.0,0.0,909.4497,254.96455,716.6586,255.10265
0.18,0.0,0.0,967.5542,254.82979,775.6508,255.30681
0.21,0.0,0.0,1025.0433,254.877,834.535,255.57932
0.24,0.0,0.0,1081.8434,255.07312,893.11304,255.94618
0.27,0.0,0.0,1137.7769,255.4995,951.3822,256.50757
0.0,0.03,0.0,615.4138,315.05484,419.8566,312.40012
0.03,0.03,0.0,674.94293,314.36667,479.2176,312.34897
0.06,0.03,0.0,734.3959,313.69415,538.64923,312.33786
0.09,0.03,0.0,793.74896,313.06482,598.1599,312.4206
0.12,0.03,0.0,852.9938,312.54245,657.6448,312.53183
0.15,0.03,0.0,911.94,312.08325,717.09283,312.64557
0.18,0.03,0.0,970.4723,311.7591,776.47687,312.76083
0.21,0.03,0.0,1028.4083,311.59625,835.71265,312.93527
0.24,0.03,0.0,1085.6409,311.55188,894.7595,313.2043
0.27,0.03,0.0,1141.966,311.72,953.4063,313.5574
0.0,0.06,0.0,615.96216,373.3423,418.47824,370.57516
0.03,0.06,0.0,675.812,372.6436,478.24612,370.58914
0.06,0.06,0.0,735.5851,371.9121,538.05304,370.6546
0.09,0.06,0.0,795.3434,371.25012,597.886,370.72598
0.12,0.06,0.0,854.9216,370.6226,657.7182,370.82816
0.15,0.06,0.0,914.26044,370.0694,717.4946,370.91162
0.18,0.06,0.0,973.2253,369.56433,777.2306,370.95175
0.21,0.06,0.0,1031.6163,369.17407,836.84607,371.0589
0.24,0.06,0.0,1089.2275,368.95325,896.303,371.24982
0.27,0.06,0.0,1145.9595,368.78632,955.34357,371.4608
0.0,0.09,0.0,616.4987,432.2581,417.17642,429.44736
0.03,0.09,0.0,676.65924,431.59314,477.32153,429.55682
0.06,0.09,0.0,736.7874,430.79208,537.46405,429.5599
0.09,0.09,0.0,796.90265,430.07782,597.63885,429.66342
0.12,0.09,0.0,856.7977,429.45776,657.7892,429.77432
0.15,0.09,0.0,916.52856,428.79633,717.8501,429.8339
0.18,0.09,0.0,975.89825,428.14432,777.94336,429.81253
0.21,0.09,0.0,1034.7001,427.56082,837.9873,429.88034
0.24,0.09,0.0,1092.572,427.1203,897.69257,429.9845
0.27,0.09,0.0,1149.7162,426.65842,957.13727,430.04425
0.0,0.12,0.0,617.03156,491.85913,415.90872,489.0412
0.03,0.12,0.0,677.5304,491.1923,476.42203,489.1578
0.06,0.12,0.0,738.01587,490.34628,536.8858,489.15897
0.09,0.12,0.0,798.41144,489.6017,597.3973,489.22598
0.12,0.12,0.0,858.614,488.96133,657.82104,489.34244
0.15,0.12,0.0,918.6804,488.21417,718.21704,489.39813
0.18,0.12,0.0,978.46246,487.43317,778.6426,489.37393
0.21,0.12,0.0,1037.5575,486.64774,839.0204,489.35532
0.24,0.12,0.0,1095.7032,486.01886,899.0562,489.4422
0.27,0.12,0.0,1153.1603,485.24722,958.86566,489.4091
0.0,0.15,0.0,617.5632,552.11066,414.70578,549.27234
0.03,0.15,0.0,678.41327,551.3681,475.49277,549.3985
0.06,0.15,0.0,739.2034,550.55835,536.2609,549.3762
0.09,0.15,0.0,799.9092,549.82935,597.1215,549.45325
0.12,0.15,0.0,860.45886,549.08704,657.8993,549.515
0.15,0.15,0.0,920.82874,548.27545,718.604,549.5608
0.18,0.15,0.0,980.8332,547.4003,779.3489,549.5324
0.21,0.15,0.0,1040.2794,546.44214,840.0232,549.48206
0.24,0.15,0.0,1098.6659,545.5067,900.35034,549.5087
0.27,0.15,0.0,1156.2908,544.4975,960.41693,549.3938
0.0,0.18,0.0,618.0913,613.0383,413.5721,610.0933
0.03,0.18,0.0,679.2566,612.2712,474.56647,610.2248
0.06,0.18,0.0,740.3947,611.50653,535.6645,610.28235
0.09,0.18,0.0,801.3832,610.6901,596.83716,610.32196
0.12,0.18,0.0,862.2605,609.84283,657.9266,610.3603
0.15,0.18,0.0,922.847,608.9342,718.97186,610.40094
0.18,0.18,0.0,983.08026,607.9128,779.99615,610.35785
0.21,0.18,0.0,1042.7125,606.7869,840.94763,610.2617
0.24,0.18,0.0,1101.4095,605.5756,901.63104,610.13196
0.27,0.18,0.0,1159.1428,604.304,961.84973,609.9247
0.0,0.21,0.0,618.63763,674.6353,412.48654,671.43097
0.03,0.21,0.0,680.11993,673.8032,473.72296,671.62946
0.06,0.21,0.0,741.52783,672.9796,535.1363,671.7342
0.09,0.21,0.0,802.80914,672.0861,596.5754,671.78357
0.12,0.21,0.0,863.99365,671.16077,657.97864,671.78314
0.15,0.21,0.0,924.7652,670.114,719.32196,671.7662
0.18,0.21,0.0,985.13074,668.8908,780.6131,671.7036
0.21,0.21,0.0,1044.9458,667.56335,841.8448,671.56085
0.24,0.21,0.0,1103.8455,666.0641,902.73193,671.3021
0.27,0.21,0.0,1161.7041,664.44116,963.1612,670.92706
0.0,0.24,0.0,619.17316,736.7097,411.50272,733.2352
0.03,0.24,0.0,680.96814,735.8975,472.96512,733.5089
0.06,0.24,0.0,742.617,735.00885,534.614,733.7137
0.09,0.24,0.0,804.1658,734.0233,596.3097,733.74884
0.12,0.24,0.0,865.6069,732.94366,657.9888,733.8025
0.15,0.24,0.0,926.52313,731.67505,719.64374,733.7034
0.18,0.24,0.0,987.00323,730.27936,781.1712,733.5657
0.21,0.24,0.0,1046.9984,728.73035,842.63727,733.3199
0.24,0.24,0.0,1105.8807,726.86786,903.6342,732.87646
0.27,0.24,0.0,1163.8689,724.879,964.2434,732.25366
0.0,0.27,0.0,619.7343,799.18176,410.66953,795.2264
0.03,0.27,0.0,681.7579,798.33563,472.30386,795.69434
0.06,0.27,0.0,743.63116,797.2877,534.2094,795.95435
0.09,0.27,0.0,805.4185,796.2026,596.06085,796.03534
0.12,0.27,0.0,867.08307,795.0169,657.9962,796.1389
0.15,0.27,0.0,928.0622,793.5339,719.85126,795.94885
0.18,0.27,0.0,988.6452,791.89124,781.6126,795.6765
0.21,0.27,0.0,1048.7772,790.0112,843.2687,795.331
0.24,0.27,0.0,1107.5892,787.827,904.3561,794.65314
0.27,0.27,0.0,1165.6515,785.4327,965.0879,793.8263
0.0,0.0,0.0,612.56555,245.30669,410.21893,242.78345
0.03,0.0,0.0,674.5991,244.4778,471.96463,242.41568
0.06,0.0,0.0,736.59045,243.7238,533.90485,242.24568
0.09,0.0,0.0,798.4737,243.0739,595.98047,242.16327
0.12,0.0,0.0,860.1832,242.57541,658.0261,242.17993
0.15,0.0,0.0,921.57526,242.23335,720.1003,242.24182
0.18,0.0,0.0,982.4488,242.07884,782.0743,242.38545
0.21,0.0,0.0,1042.67,242.19872,843.9076,242.71062
0.24,0.0,0.0,1102.0637,242.48207,905.4395,243.11761
0.27,0.0,0.0,1160.485,243.09018,966.4955,243.74986
0.0,0.03,0.0,613.62885,307.62234,411.14676,304.92532
0.03,0.03,0.0,675.4218,306.81198,472.69113,304.70706
0.06,0.03,0.0,737.13605,305.99634,534.4416,304.65143
0.09,0.03,0.0,798.78937,305.2878,596.2108,304.61935
0.12,0.03,0.0,860.3054,304.65338,658.02563,304.6275
0.15,0.03,0.0,921.5254,304.13297,719.8231,304.66382
0.18,0.03,0.0,982.3328,303.80493,781.568,304.75058
0.21,0.03,0.0,1042.469,303.62723,843.1834,304.91263
0.24,0.03,0.0,1101.8011,303.64514,904.5402,305.18475
0.27,0.03,0.0,1160.1565,303.8949,965.4943,305.59448
0.0,0.06,0.0,614.6934,369.51395,412.18954,366.6952
0.03,0.06,0.0,676.1909,368.69757,473.52176,366.61404
0.06,0.06,0.0,737.65485,367.8538,534.9891,366.55997
0.09,0.06,0.0,799.0431,367.08084,596.45984,366.59195
0.12,0.06,0.0,860.3181,366.42468,658.00757,366.60742
0.15,0.06,0.0,921.35596,365.74237,719.4818,366.60696
0.18,0.06,0.0,981.9905,365.2155,780.963,366.67334
0.21,0.06,0.0,1042.0101,364.8484,842.3237,366.70535
0.24,0.06,0.0,1101.1866,364.58038,903.476,366.8586
0.27,0.06,0.0,1159.4064,364.4821,964.24615,367.1358
0.0,0.09,0.0,615.7413,430.80066,413.26776,427.96423
0.03,0.09,0.0,676.9151,429.95065,474.39014,427.92145
0.06,0.09,0.0,738.0943,429.19186,535.55884,427.97406
0.09,0.09,0.0,799.2208,428.37262,596.77515,427.95114
0.12,0.09,0.0,860.2307,427.58417,657.96924,427.9519
0.15,0.09,0.0,921.00354,426.8625,719.1216,427.94043
0.18,0.09,0.0,981.4719,426.21674,780.31165,427.9715
0.21,0.09,0.0,1041.3293,425.65427,841.44244,428.01215
0.24,0.09,0.0,1100.2445,425.1364,902.3048,428.09296
0.27,0.09,0.0,1158.3215,424.72028,962.8605,428.20297
0.0,0.12,0.0,616.7971,491.52805,414.43344,488.68674
0.03,0.12,0.0,677.64557,490.63852,475.30804,488.59787
0.06,0.12,0.0,738.5197,489.9044,536.1339,488.71414
0.09,0.12,0.0,799.3681,489.06296,597.0381,488.66434
0.12,0.12,0.0,860.0454,488.2445,657.90204,488.60614
0.15,0.12,0.0,920.568,487.4394,718.73315,488.61096
0.18,0.12,0.0,980.79175,486.71634,779.6486,488.69476
0.21,0.12,0.0,1040.4001,486.0306,840.5031,488.7216
0.24,0.12,0.0,1099.0413,485.23676,901.0072,488.67258
0.27,0.12,0.0,1156.9854,484.5746,961.33673,488.76572
0.0,0.15,0.0,617.80194,551.56995,415.6977,548.7483
0.03,0.15,0.0,678.3823,550.7102,476.20297,548.738
0.06,0.15,0.0,738.9359,550.01074,536.6988,548.8558
0.09,0.15,0.0,799.47034,549.17236,597.32324,548.79004
0.12,0.15,0.0,859.82104,548.2788,657.8719,548.6828
0.15,0.15,0.0,920.0268,547.4557,718.40045,548.7144
0.18,0.15,0.0,979.9207,546.5966,778.94196,548.7419
0.21,0.15,0.0,1039.2896,545.789,839.4753,548.80994
0.24,0.15,0.0,1097.6152,544.7417,899.7078,548.68744
0.27,0.15,0.0,1155.2322,543.8007,959.638,548.6285
0.0,0.18,0.0,618.80945,611.0813,416.98135,608.1272
0.03,0.18,0.0,679.0662,610.2914,477.06418,608.25604
0.06,0.18,0.0,739.29584,609.499,537.29926,608.3078
0.09,0.18,0.0,799.47174,608.5908,597.576,608.2148
0.12,0.18,0.0,859.5755,607.74316,657.81696,608.1991
0.15,0.18,0.0,919.3978,606.8168,718.02875,608.1791
0.18,0.18,0.0,978.89886,605.87555,778.2309,608.1903
0.21,0.18,0.0,1037.8947,604.8587,838.41644,608.2196
0.24,0.18,0.0,1096.0085,603.68384,898.341,608.08716
0.27,0.18,0.0,1153.1826,602.39105,957.8517,607.8503
0.0,0.21,0.0,619.76605,669.9893,418.307,666.8544
0.03,0.21,0.0,679.75244,669.23047,477.98196,667.05676
0.06,0.21,0.0,739.64496,668.304,537.9159,667.0214
0.09,0.21,0.0,799.5047,667.38116,597.8364,666.98706
0.12,0.21,0.0,859.25916,666.56085,657.7438,667.07355
0.15,0.21,0.0,918.67554,665.46533,717.6265,666.97833
0.18,0.21,0.0,977.72943,664.34845,777.48456,666.9182
0.21,0.21,0.0,1036.3439,663.2271,837.30975,666.92303
0.24,0.21,0.0,1094.0701,661.82745,896.82416,666.70435
0.27,0.21,0.0,1150.9028,660.28143,955.97003,666.3376
0.0,0.24,0.0,620.7426,728.2386,419.69473,724.8112
0.03,0.24,0.0,680.37463,727.46423,479.00797,725.0897
0.06,0.24,0.0,739.9358,726.39325,538.5543,725.0254
0.09,0.24,0.0,799.4561,725.4845,598.1073,725.06226
0.12,0.24,0.0,858.84894,724.6823,657.6888,725.27844
0.15,0.24,0.0,917.77765,723.3604,717.1943,725.0689
0.18,0.24,0.0,976.4141,722.0667,776.69226,724.9373
0.21,0.24,0.0,1034.6362,720.82074,836.12286,724.9354
0.24,0.24,0.0,1091.8678,719.07587,895.20074,724.52026
0.27,0.24,0.0,1148.271,717.3158,953.8992,724.01526
0.0,0.27,0.0,621.7143,785.73334,421.1858,781.9329
0.03,0.27,0.0,681.00635,784.8224,480.10233,782.19763
0.06,0.27,0.0,740.1615,783.6315,539.28296,782.1488
0.09,0.27,0.0,799.248,782.6507,598.39343,782.2475
0.12,0.27,0.0,858.31085,781.9074,657.5805,782.64484
0.15,0.27,0.0,916.76215,780.34625,716.74945,782.298
0.18,0.27,0.0,974.9172,778.8658,775.8408,782.0703
0.21,0.27,0.0,1032.7107,777.4775,834.8678,782.04803
0.24,0.27,0.0,1089.3701,775.3627,893.3902,781.3248
0.27,0.27,0.0,1145.4441,773.39343,951.69086,780.7533
0.0,0.0,0.0,479.15073,358.76205,285.2765,354.8038
0.03,0.0,0.0,536.91656,356.7001,341.0082,353.18738
0.06,0.0,0.0,595.39264,354.6149,397.82944,351.715
0.09,0.0,0.0,654.59686,352.54056,455.63626,350.28778
0.12,0.0,0.0,714.5506,350.47742,514.4011,348.87762
0.15,0.0,0.0,775.1757,348.40082,573.9061,347.56897
0.18,0.0,0.0,836.48975,346.3477,634.2185,346.21832
0.21,0.0,0.0,898.35016,344.33228,695.27057,344.8567
0.24,0.0,0.0,960.61035,342.4358,757.0694,343.44858
0.27,0.0,0.0,1023.0286,340.6714,819.5618,342.12915
0.0,0.03,0.0,480.2458,417.88638,285.32867,413.61096
0.03,0.03,0.0,538.0735,416.2045,341.19177,412.54135
0.06,0.03,0.0,596.603,414.50674,398.09476,411.53528
0.09,0.03,0.0,655.8089,412.81586,456.0037,410.5137
0.12,0.03,0.0,715.79895,411.102,514.80084,409.57538
0.15,0.03,0.0,776.4835,409.36667,574.3539,408.62497
0.18,0.03,0.0,837.8412,407.63495,634.6561,407.66983
0.21,0.03,0.0,899.80634,405.9528,695.70483,406.68005
0.24,0.03,0.0,962.16614,404.2975,757.5169,405.70255
0.27,0.03,0.0,1024.7267,402.72394,820.11566,404.7133
0.0,0.06,0.0,481.38297,477.09647,285.55838,472.57104
0.03,0.06,0.0,539.21063,475.7843,341.4341,472.0043
0.06,0.06,0.0,597.77936,474.4559,398.41418,471.42554
0.09,0.06,0.0,657.0258,473.107,456.35812,470.8354
0.12,0.06,0.0,717.0045,471.73883,515.2093,470.29477
0.15,0.06,0.0,777.7118,470.40125,574.7621,469.70993
0.18,0.06,0.0,839.1411,469.0058,635.0747,469.13962
0.21,0.06,0.0,901.1429,467.66824,696.11646,468.5369
0.24,0.06,0.0,963.5666,466.30103,757.97125,467.9646
0.27,0.06,0.0,1026.205,464.9828,820.55994,467.29382
0.0,0.09,0.0,482.4501,536.33514,285.88507,531.5519
0.03,0.09,0.0,540.4188,535.34937,341.87424,531.4336
0.06,0.09,0.0,598.92944,534.3972,398.76114,531.31934
0.09,0.09,0.0,658.1727,533.4275,456.71786,531.1775
0.12,0.09,0.0,718.2561,532.428,515.6474,530.98816
0.15,0.09,0.0,778.9184,531.4358,575.18164,530.78937
0.18,0.09,0.0,840.3548,530.44257,635.46515,530.5916
0.21,0.09,0.0,902.398,529.45404,696.5549,530.41125
0.24,0.09,0.0,964.8443,528.4136,758.3835,530.2349
0.27,0.09,0.0,1027.4608,527.2479,820.9971,530.005
0.0,0.12,0.0,483.59756,595.5281,286.4575,590.48596
0.03,0.12,0.0,541.5949,594.92914,342.43896,590.869
0.06,0.12,0.0,600.05695,594.40796,399.14835,591.2537
0.09,0.12,0.0,659.3568,593.761,457.1473,591.51526
0.12,0.12,0.0,719.4518,593.1067,516.07635,591.7053
0.15,0.12,0.0,780.1831,592.4972,575.60376,591.87915
0.18,0.12,0.0,841.55365,591.88367,635.8773,592.0808
0.21,0.12,0.0,903.5785,591.2327,696.94476,592.29553
0.24,0.12,0.0,965.91296,590.3841,758.8487,592.4487
0.27,0.12,0.0,1028.5009,589.52423,821.3852,592.63904
0.0,0.15,0.0,484.8864,654.6965,287.23068,649.27875
0.03,0.15,0.0,542.7217,654.5323,343.02737,650.1797
0.06,0.15,0.0,601.17444,654.385,399.6926,651.05054
0.09,0.15,0.0,660.5524,654.1244,457.63974,651.734
0.12,0.15,0.0,720.6112,653.8121,516.52167,652.3511
0.15,0.15,0.0,781.35095,653.55347,576.03064,652.94366
0.18,0.15,0.0,842.6787,653.2436,636.3089,653.5468
0.21,0.15,0.0,904.6247,652.9112,697.3269,654.1848
0.24,0.15,0.0,966.8484,652.2887,759.2071,654.66943
0.27,0.15,0.0,1029.3108,651.6208,821.72974,655.181
0.0,0.18,0.0,486.17035,713.7512,288.2001,707.83295
0.03,0.18,0.0,543.87805,714.0414,343.76355,709.30817
0.06,0.18,0.0,602.3849,714.2489,400.4276,710.6561
0.09,0.18,0.0,661.76636,714.34937,458.2853,711.81915
0.12,0.18,0.0,721.7307,714.44727,516.9726,712.87335
0.15,0.18,0.0,782.4158,714.5053,576.4544,713.895
0.18,0.18,0.0,843.67365,714.47815,636.74786,714.93787
0.21,0.18,0.0,905.48444,714.398,697.71173,715.9166
0.24,0.18,0.0,967.61475,714.0197,759.511,716.7956
0.27,0.18,0.0,1029.8654,713.4451,821.9761,717.6001
0.0,0.21,0.0,487.47955,772.5849,289.32053,766.0855
0.03,0.21,0.0,545.1472,773.3288,344.6631,768.11426
0.06,0.21,0.0,603.63983,773.8506,401.34167,769.8849
0.09,0.21,0.0,662.9454,774.33984,459.02524,771.52814
0.12,0.21,0.0,722.8032,774.8698,517.4551,773.18286
0.15,0.21,0.0,783.4106,775.146,576.91815,774.5968
0.18,0.21,0.0,844.55963,775.3787,637.16223,775.9833
0.21,0.21,0.0,906.172,775.5139,698.04846,777.3746
0.24,0.21,0.0,968.1028,775.3372,759.7425,778.6062
0.27,0.21,0.0,1030.1302,774.9325,822.06775,779.6626
0.0,0.24,0.0,488.9078,831.02606,290.62384,823.8335
0.03,0.24,0.0,546.4285,832.1822,345.85156,826.4301
0.06,0.24,0.0,604.95233,833.0369,402.45993,828.66
0.09,0.24,0.0,664.0372,833.9495,459.84494,830.857
0.12,0.24,0.0,723.77264,834.8657,518.0579,833.07544
0.15,0.24,0.0,784.2827,835.35974,577.4604,834.86926
0.18,0.24,0.0,845.2422,835.8156,637.55994,836.6279
0.21,0.24,0.0,906.6563,836.1943,698.3125,838.4604
0.24,0.24,0.0,968.33057,836.0868,759.8732,839.8692
0.27,0.24,0.0,1030.0956,835.80066,822.01416,841.1897
0.0,0.27,0.0,490.40927,888.95874,292.19315,881.03687
0.03,0.27,0.0,547.8601,890.4543,347.29663,884.079
0.06,0.27,0.0,606.2527,891.61914,403.74243,886.7512
0.09,0.27,0.0,665.1807,892.88696,460.8966,889.4841
0.12,0.27,0.0,724.6552,894.3092,518.763,892.32806
0.15,0.27,0.0,784.994,894.97437,578.02234,894.468
0.18,0.27,0.0,845.76294,895.57697,637.9876,896.617
0.21,0.27,0.0,906.9156,896.2512,698.4786,898.8424
0.24,0.27,0.0,968.24457,896.0947,759.87665,900.3831
0.27,0.27,0.0,1029.7344,895.952,821.72894,902.0393
